MP|PP755590.1|A/cattle/Texas/24-008749-003/2024(H5N1)	1	15670
MP|PP755590.1|A/cattle/Texas/24-008749-003/2024(H5N1)	2	15804
MP|PP755590.1|A/cattle/Texas/24-008749-003/2024(H5N1)	3	15834
MP|PP755590.1|A/cattle/Texas/24-008749-003/2024(H5N1)	4	15871
MP|PP755590.1|A/cattle/Texas/24-008749-003/2024(H5N1)	5	16733
MP|PP755590.1|A/cattle/Texas/24-008749-003/2024(H5N1)	6	17288
MP|PP755590.1|A/cattle/Texas/24-008749-003/2024(H5N1)	7	18713
MP|PP755590.1|A/cattle/Texas/24-008749-003/2024(H5N1)	8	19324
MP|PP755590.1|A/cattle/Texas/24-008749-003/2024(H5N1)	9	19524
MP|PP755590.1|A/cattle/Texas/24-008749-003/2024(H5N1)	10	19549
MP|PP755590.1|A/cattle/Texas/24-008749-003/2024(H5N1)	11	19685
MP|PP755590.1|A/cattle/Texas/24-008749-003/2024(H5N1)	12	19861
MP|PP755590.1|A/cattle/Texas/24-008749-003/2024(H5N1)	13	19994
MP|PP755590.1|A/cattle/Texas/24-008749-003/2024(H5N1)	14	20000
MP|PP755590.1|A/cattle/Texas/24-008749-003/2024(H5N1)	15	20001
MP|PP755590.1|A/cattle/Texas/24-008749-003/2024(H5N1)	16	20007
MP|PP755590.1|A/cattle/Texas/24-008749-003/2024(H5N1)	17	20125
MP|PP755590.1|A/cattle/Texas/24-008749-003/2024(H5N1)	18	20291
MP|PP755590.1|A/cattle/Texas/24-008749-003/2024(H5N1)	19	21259
MP|PP755590.1|A/cattle/Texas/24-008749-003/2024(H5N1)	20	21265
MP|PP755590.1|A/cattle/Texas/24-008749-003/2024(H5N1)	21	21277
MP|PP755590.1|A/cattle/Texas/24-008749-003/2024(H5N1)	22	21286
MP|PP755590.1|A/cattle/Texas/24-008749-003/2024(H5N1)	23	21832
MP|PP755590.1|A/cattle/Texas/24-008749-003/2024(H5N1)	24	21881
MP|PP755590.1|A/cattle/Texas/24-008749-003/2024(H5N1)	25	21947
MP|PP755590.1|A/cattle/Texas/24-008749-003/2024(H5N1)	26	22797
MP|PP755590.1|A/cattle/Texas/24-008749-003/2024(H5N1)	27	22871
MP|PP755590.1|A/cattle/Texas/24-008749-003/2024(H5N1)	28	22949
MP|PP755590.1|A/cattle/Texas/24-008749-003/2024(H5N1)	29	22996
MP|PP755590.1|A/cattle/Texas/24-008749-003/2024(H5N1)	30	23165
MP|PP755590.1|A/cattle/Texas/24-008749-003/2024(H5N1)	31	23284
MP|PP755590.1|A/cattle/Texas/24-008749-003/2024(H5N1)	32	23380
MP|PP755590.1|A/cattle/Texas/24-008749-003/2024(H5N1)	33	24059
MP|PP755590.1|A/cattle/Texas/24-008749-003/2024(H5N1)	34	24494
MP|PP755590.1|A/cattle/Texas/24-008749-003/2024(H5N1)	35	24510
MP|PP755590.1|A/cattle/Texas/24-008749-003/2024(H5N1)	36	25350
MP|PP755590.1|A/cattle/Texas/24-008749-003/2024(H5N1)	37	25353
MP|PP755590.1|A/cattle/Texas/24-008749-003/2024(H5N1)	38	26401
MP|PP755590.1|A/cattle/Texas/24-008749-003/2024(H5N1)	39	26451
MP|PP755590.1|A/cattle/Texas/24-008749-003/2024(H5N1)	40	26628
MP|PP755590.1|A/cattle/Texas/24-008749-003/2024(H5N1)	41	26636
MP|PP755590.1|A/cattle/Texas/24-008749-003/2024(H5N1)	42	26663
MP|PP755590.1|A/cattle/Texas/24-008749-003/2024(H5N1)	43	26786
MP|PP755590.1|A/cattle/Texas/24-008749-003/2024(H5N1)	44	26791
MP|PP755590.1|A/cattle/Texas/24-008749-003/2024(H5N1)	45	26880
MP|PP755590.1|A/cattle/Texas/24-008749-003/2024(H5N1)	46	27058
MP|PP755590.1|A/cattle/Texas/24-008749-003/2024(H5N1)	47	27342
MP|PP755590.1|A/cattle/Texas/24-008749-003/2024(H5N1)	48	27486
MP|PP755590.1|A/cattle/Texas/24-008749-003/2024(H5N1)	49	27536
MP|PP755590.1|A/cattle/Texas/24-008749-003/2024(H5N1)	50	27646
MP|PP755590.1|A/cattle/Texas/24-008749-003/2024(H5N1)	51	27652
MP|PP755590.1|A/cattle/Texas/24-008749-003/2024(H5N1)	52	27945
MP|PP755590.1|A/cattle/Texas/24-008749-003/2024(H5N1)	53	28586
MP|PP755590.1|A/cattle/Texas/24-008749-003/2024(H5N1)	54	28606
MP|PP755590.1|A/cattle/Texas/24-008749-003/2024(H5N1)	55	28607
MP|PP755590.1|A/cattle/Texas/24-008749-003/2024(H5N1)	56	29029
MP|PP755590.1|A/cattle/Texas/24-008749-003/2024(H5N1)	57	31042
MP|PP755590.1|A/cattle/Texas/24-008749-003/2024(H5N1)	58	31080
MP|PP755590.1|A/cattle/Texas/24-008749-003/2024(H5N1)	59	31231
MP|PP755590.1|A/cattle/Texas/24-008749-003/2024(H5N1)	60	31265
MP|PP755590.1|A/cattle/Texas/24-008749-003/2024(H5N1)	61	31492
MP|PP755590.1|A/cattle/Texas/24-008749-003/2024(H5N1)	62	31536
MP|PP755590.1|A/cattle/Texas/24-008749-003/2024(H5N1)	63	31907
MP|PP755590.1|A/cattle/Texas/24-008749-003/2024(H5N1)	64	32009
MP|PP755590.1|A/cattle/Texas/24-008749-003/2024(H5N1)	65	32250
MP|PP755590.1|A/cattle/Texas/24-008749-003/2024(H5N1)	66	32042
MP|PP755590.1|A/cattle/Texas/24-008749-003/2024(H5N1)	67	32039
MP|PP755590.1|A/cattle/Texas/24-008749-003/2024(H5N1)	68	32153
MP|PP755590.1|A/cattle/Texas/24-008749-003/2024(H5N1)	69	32167
MP|PP755590.1|A/cattle/Texas/24-008749-003/2024(H5N1)	70	33221
MP|PP755590.1|A/cattle/Texas/24-008749-003/2024(H5N1)	71	33234
MP|PP755590.1|A/cattle/Texas/24-008749-003/2024(H5N1)	72	33202
MP|PP755590.1|A/cattle/Texas/24-008749-003/2024(H5N1)	73	33397
MP|PP755590.1|A/cattle/Texas/24-008749-003/2024(H5N1)	74	33648
MP|PP755590.1|A/cattle/Texas/24-008749-003/2024(H5N1)	75	33658
MP|PP755590.1|A/cattle/Texas/24-008749-003/2024(H5N1)	76	34280
MP|PP755590.1|A/cattle/Texas/24-008749-003/2024(H5N1)	77	34267
MP|PP755590.1|A/cattle/Texas/24-008749-003/2024(H5N1)	78	34375
MP|PP755590.1|A/cattle/Texas/24-008749-003/2024(H5N1)	79	35354
MP|PP755590.1|A/cattle/Texas/24-008749-003/2024(H5N1)	80	37516
MP|PP755590.1|A/cattle/Texas/24-008749-003/2024(H5N1)	81	37700
MP|PP755590.1|A/cattle/Texas/24-008749-003/2024(H5N1)	82	38004
MP|PP755590.1|A/cattle/Texas/24-008749-003/2024(H5N1)	83	38620
MP|PP755590.1|A/cattle/Texas/24-008749-003/2024(H5N1)	84	38852
MP|PP755590.1|A/cattle/Texas/24-008749-003/2024(H5N1)	85	39189
MP|PP755590.1|A/cattle/Texas/24-008749-003/2024(H5N1)	86	39272
MP|PP755590.1|A/cattle/Texas/24-008749-003/2024(H5N1)	87	39247
MP|PP755590.1|A/cattle/Texas/24-008749-003/2024(H5N1)	88	39269
MP|PP755590.1|A/cattle/Texas/24-008749-003/2024(H5N1)	89	38881
MP|PP755590.1|A/cattle/Texas/24-008749-003/2024(H5N1)	90	38997
MP|PP755590.1|A/cattle/Texas/24-008749-003/2024(H5N1)	91	39001
MP|PP755590.1|A/cattle/Texas/24-008749-003/2024(H5N1)	92	39160
MP|PP755590.1|A/cattle/Texas/24-008749-003/2024(H5N1)	93	39217
MP|PP755590.1|A/cattle/Texas/24-008749-003/2024(H5N1)	94	39111
MP|PP755590.1|A/cattle/Texas/24-008749-003/2024(H5N1)	95	39277
MP|PP755590.1|A/cattle/Texas/24-008749-003/2024(H5N1)	96	39838
MP|PP755590.1|A/cattle/Texas/24-008749-003/2024(H5N1)	97	39951
MP|PP755590.1|A/cattle/Texas/24-008749-003/2024(H5N1)	98	40006
MP|PP755590.1|A/cattle/Texas/24-008749-003/2024(H5N1)	99	39979
MP|PP755590.1|A/cattle/Texas/24-008749-003/2024(H5N1)	100	40461
MP|PP755590.1|A/cattle/Texas/24-008749-003/2024(H5N1)	101	40551
MP|PP755590.1|A/cattle/Texas/24-008749-003/2024(H5N1)	102	41348
MP|PP755590.1|A/cattle/Texas/24-008749-003/2024(H5N1)	103	41376
MP|PP755590.1|A/cattle/Texas/24-008749-003/2024(H5N1)	104	41365
MP|PP755590.1|A/cattle/Texas/24-008749-003/2024(H5N1)	105	41586
MP|PP755590.1|A/cattle/Texas/24-008749-003/2024(H5N1)	106	41730
MP|PP755590.1|A/cattle/Texas/24-008749-003/2024(H5N1)	107	41817
MP|PP755590.1|A/cattle/Texas/24-008749-003/2024(H5N1)	108	41999
MP|PP755590.1|A/cattle/Texas/24-008749-003/2024(H5N1)	109	41822
MP|PP755590.1|A/cattle/Texas/24-008749-003/2024(H5N1)	110	42084
MP|PP755590.1|A/cattle/Texas/24-008749-003/2024(H5N1)	111	41774
MP|PP755590.1|A/cattle/Texas/24-008749-003/2024(H5N1)	112	41801
MP|PP755590.1|A/cattle/Texas/24-008749-003/2024(H5N1)	113	42690
MP|PP755590.1|A/cattle/Texas/24-008749-003/2024(H5N1)	114	42778
MP|PP755590.1|A/cattle/Texas/24-008749-003/2024(H5N1)	115	43569
MP|PP755590.1|A/cattle/Texas/24-008749-003/2024(H5N1)	116	43547
MP|PP755590.1|A/cattle/Texas/24-008749-003/2024(H5N1)	117	43516
MP|PP755590.1|A/cattle/Texas/24-008749-003/2024(H5N1)	118	43517
MP|PP755590.1|A/cattle/Texas/24-008749-003/2024(H5N1)	119	43581
MP|PP755590.1|A/cattle/Texas/24-008749-003/2024(H5N1)	120	43645
MP|PP755590.1|A/cattle/Texas/24-008749-003/2024(H5N1)	121	43698
MP|PP755590.1|A/cattle/Texas/24-008749-003/2024(H5N1)	122	43422
MP|PP755590.1|A/cattle/Texas/24-008749-003/2024(H5N1)	123	43585
MP|PP755590.1|A/cattle/Texas/24-008749-003/2024(H5N1)	124	39592
MP|PP755590.1|A/cattle/Texas/24-008749-003/2024(H5N1)	125	39908
MP|PP755590.1|A/cattle/Texas/24-008749-003/2024(H5N1)	126	38901
MP|PP755590.1|A/cattle/Texas/24-008749-003/2024(H5N1)	127	38878
MP|PP755590.1|A/cattle/Texas/24-008749-003/2024(H5N1)	128	37744
MP|PP755590.1|A/cattle/Texas/24-008749-003/2024(H5N1)	129	37717
MP|PP755590.1|A/cattle/Texas/24-008749-003/2024(H5N1)	130	37725
MP|PP755590.1|A/cattle/Texas/24-008749-003/2024(H5N1)	131	37607
MP|PP755590.1|A/cattle/Texas/24-008749-003/2024(H5N1)	132	38985
MP|PP755590.1|A/cattle/Texas/24-008749-003/2024(H5N1)	133	37853
MP|PP755590.1|A/cattle/Texas/24-008749-003/2024(H5N1)	134	38594
MP|PP755590.1|A/cattle/Texas/24-008749-003/2024(H5N1)	135	39290
MP|PP755590.1|A/cattle/Texas/24-008749-003/2024(H5N1)	136	38342
MP|PP755590.1|A/cattle/Texas/24-008749-003/2024(H5N1)	137	39398
MP|PP755590.1|A/cattle/Texas/24-008749-003/2024(H5N1)	138	39416
MP|PP755590.1|A/cattle/Texas/24-008749-003/2024(H5N1)	139	39414
MP|PP755590.1|A/cattle/Texas/24-008749-003/2024(H5N1)	140	40302
MP|PP755590.1|A/cattle/Texas/24-008749-003/2024(H5N1)	141	40477
MP|PP755590.1|A/cattle/Texas/24-008749-003/2024(H5N1)	142	41030
MP|PP755590.1|A/cattle/Texas/24-008749-003/2024(H5N1)	143	40516
MP|PP755590.1|A/cattle/Texas/24-008749-003/2024(H5N1)	144	39894
MP|PP755590.1|A/cattle/Texas/24-008749-003/2024(H5N1)	145	39925
MP|PP755590.1|A/cattle/Texas/24-008749-003/2024(H5N1)	146	41215
MP|PP755590.1|A/cattle/Texas/24-008749-003/2024(H5N1)	147	41958
MP|PP755590.1|A/cattle/Texas/24-008749-003/2024(H5N1)	148	41926
MP|PP755590.1|A/cattle/Texas/24-008749-003/2024(H5N1)	149	41402
MP|PP755590.1|A/cattle/Texas/24-008749-003/2024(H5N1)	150	41393
MP|PP755590.1|A/cattle/Texas/24-008749-003/2024(H5N1)	151	41504
MP|PP755590.1|A/cattle/Texas/24-008749-003/2024(H5N1)	152	41555
MP|PP755590.1|A/cattle/Texas/24-008749-003/2024(H5N1)	153	42107
MP|PP755590.1|A/cattle/Texas/24-008749-003/2024(H5N1)	154	39949
MP|PP755590.1|A/cattle/Texas/24-008749-003/2024(H5N1)	155	40885
MP|PP755590.1|A/cattle/Texas/24-008749-003/2024(H5N1)	156	40957
MP|PP755590.1|A/cattle/Texas/24-008749-003/2024(H5N1)	157	40958
MP|PP755590.1|A/cattle/Texas/24-008749-003/2024(H5N1)	158	40938
MP|PP755590.1|A/cattle/Texas/24-008749-003/2024(H5N1)	159	40948
MP|PP755590.1|A/cattle/Texas/24-008749-003/2024(H5N1)	160	42115
MP|PP755590.1|A/cattle/Texas/24-008749-003/2024(H5N1)	161	41983
MP|PP755590.1|A/cattle/Texas/24-008749-003/2024(H5N1)	162	42133
MP|PP755590.1|A/cattle/Texas/24-008749-003/2024(H5N1)	163	42139
MP|PP755590.1|A/cattle/Texas/24-008749-003/2024(H5N1)	164	42147
MP|PP755590.1|A/cattle/Texas/24-008749-003/2024(H5N1)	165	42753
MP|PP755590.1|A/cattle/Texas/24-008749-003/2024(H5N1)	166	42780
MP|PP755590.1|A/cattle/Texas/24-008749-003/2024(H5N1)	167	42608
MP|PP755590.1|A/cattle/Texas/24-008749-003/2024(H5N1)	168	42604
MP|PP755590.1|A/cattle/Texas/24-008749-003/2024(H5N1)	169	41759
MP|PP755590.1|A/cattle/Texas/24-008749-003/2024(H5N1)	170	41466
MP|PP755590.1|A/cattle/Texas/24-008749-003/2024(H5N1)	171	41492
MP|PP755590.1|A/cattle/Texas/24-008749-003/2024(H5N1)	172	41549
MP|PP755590.1|A/cattle/Texas/24-008749-003/2024(H5N1)	173	41601
MP|PP755590.1|A/cattle/Texas/24-008749-003/2024(H5N1)	174	41413
MP|PP755590.1|A/cattle/Texas/24-008749-003/2024(H5N1)	175	41882
MP|PP755590.1|A/cattle/Texas/24-008749-003/2024(H5N1)	176	41838
MP|PP755590.1|A/cattle/Texas/24-008749-003/2024(H5N1)	177	41412
MP|PP755590.1|A/cattle/Texas/24-008749-003/2024(H5N1)	178	41397
MP|PP755590.1|A/cattle/Texas/24-008749-003/2024(H5N1)	179	41340
MP|PP755590.1|A/cattle/Texas/24-008749-003/2024(H5N1)	180	41318
MP|PP755590.1|A/cattle/Texas/24-008749-003/2024(H5N1)	181	41492
MP|PP755590.1|A/cattle/Texas/24-008749-003/2024(H5N1)	182	41620
MP|PP755590.1|A/cattle/Texas/24-008749-003/2024(H5N1)	183	41663
MP|PP755590.1|A/cattle/Texas/24-008749-003/2024(H5N1)	184	41141
MP|PP755590.1|A/cattle/Texas/24-008749-003/2024(H5N1)	185	40917
MP|PP755590.1|A/cattle/Texas/24-008749-003/2024(H5N1)	186	40887
MP|PP755590.1|A/cattle/Texas/24-008749-003/2024(H5N1)	187	40630
MP|PP755590.1|A/cattle/Texas/24-008749-003/2024(H5N1)	188	40640
MP|PP755590.1|A/cattle/Texas/24-008749-003/2024(H5N1)	189	39843
MP|PP755590.1|A/cattle/Texas/24-008749-003/2024(H5N1)	190	40468
MP|PP755590.1|A/cattle/Texas/24-008749-003/2024(H5N1)	191	40682
MP|PP755590.1|A/cattle/Texas/24-008749-003/2024(H5N1)	192	40813
MP|PP755590.1|A/cattle/Texas/24-008749-003/2024(H5N1)	193	40822
MP|PP755590.1|A/cattle/Texas/24-008749-003/2024(H5N1)	194	41855
MP|PP755590.1|A/cattle/Texas/24-008749-003/2024(H5N1)	195	41854
MP|PP755590.1|A/cattle/Texas/24-008749-003/2024(H5N1)	196	41444
MP|PP755590.1|A/cattle/Texas/24-008749-003/2024(H5N1)	197	41276
MP|PP755590.1|A/cattle/Texas/24-008749-003/2024(H5N1)	198	42107
MP|PP755590.1|A/cattle/Texas/24-008749-003/2024(H5N1)	199	42411
MP|PP755590.1|A/cattle/Texas/24-008749-003/2024(H5N1)	200	43018
MP|PP755590.1|A/cattle/Texas/24-008749-003/2024(H5N1)	201	43108
MP|PP755590.1|A/cattle/Texas/24-008749-003/2024(H5N1)	202	43126
MP|PP755590.1|A/cattle/Texas/24-008749-003/2024(H5N1)	203	42437
MP|PP755590.1|A/cattle/Texas/24-008749-003/2024(H5N1)	204	42483
MP|PP755590.1|A/cattle/Texas/24-008749-003/2024(H5N1)	205	42828
MP|PP755590.1|A/cattle/Texas/24-008749-003/2024(H5N1)	206	42776
MP|PP755590.1|A/cattle/Texas/24-008749-003/2024(H5N1)	207	41206
MP|PP755590.1|A/cattle/Texas/24-008749-003/2024(H5N1)	208	40760
MP|PP755590.1|A/cattle/Texas/24-008749-003/2024(H5N1)	209	41097
MP|PP755590.1|A/cattle/Texas/24-008749-003/2024(H5N1)	210	42380
MP|PP755590.1|A/cattle/Texas/24-008749-003/2024(H5N1)	211	42588
MP|PP755590.1|A/cattle/Texas/24-008749-003/2024(H5N1)	212	43074
MP|PP755590.1|A/cattle/Texas/24-008749-003/2024(H5N1)	213	43101
MP|PP755590.1|A/cattle/Texas/24-008749-003/2024(H5N1)	214	43228
MP|PP755590.1|A/cattle/Texas/24-008749-003/2024(H5N1)	215	43357
MP|PP755590.1|A/cattle/Texas/24-008749-003/2024(H5N1)	216	43277
MP|PP755590.1|A/cattle/Texas/24-008749-003/2024(H5N1)	217	44125
MP|PP755590.1|A/cattle/Texas/24-008749-003/2024(H5N1)	218	44238
MP|PP755590.1|A/cattle/Texas/24-008749-003/2024(H5N1)	219	43931
MP|PP755590.1|A/cattle/Texas/24-008749-003/2024(H5N1)	220	45875
MP|PP755590.1|A/cattle/Texas/24-008749-003/2024(H5N1)	221	44982
MP|PP755590.1|A/cattle/Texas/24-008749-003/2024(H5N1)	222	45040
MP|PP755590.1|A/cattle/Texas/24-008749-003/2024(H5N1)	223	44899
MP|PP755590.1|A/cattle/Texas/24-008749-003/2024(H5N1)	224	44818
MP|PP755590.1|A/cattle/Texas/24-008749-003/2024(H5N1)	225	45680
MP|PP755590.1|A/cattle/Texas/24-008749-003/2024(H5N1)	226	45379
MP|PP755590.1|A/cattle/Texas/24-008749-003/2024(H5N1)	227	45461
MP|PP755590.1|A/cattle/Texas/24-008749-003/2024(H5N1)	228	45632
MP|PP755590.1|A/cattle/Texas/24-008749-003/2024(H5N1)	229	44304
MP|PP755590.1|A/cattle/Texas/24-008749-003/2024(H5N1)	230	44319
MP|PP755590.1|A/cattle/Texas/24-008749-003/2024(H5N1)	231	42865
MP|PP755590.1|A/cattle/Texas/24-008749-003/2024(H5N1)	232	42590
MP|PP755590.1|A/cattle/Texas/24-008749-003/2024(H5N1)	233	42671
MP|PP755590.1|A/cattle/Texas/24-008749-003/2024(H5N1)	234	41716
MP|PP755590.1|A/cattle/Texas/24-008749-003/2024(H5N1)	235	42018
MP|PP755590.1|A/cattle/Texas/24-008749-003/2024(H5N1)	236	42338
MP|PP755590.1|A/cattle/Texas/24-008749-003/2024(H5N1)	237	42327
MP|PP755590.1|A/cattle/Texas/24-008749-003/2024(H5N1)	238	43116
MP|PP755590.1|A/cattle/Texas/24-008749-003/2024(H5N1)	239	43618
MP|PP755590.1|A/cattle/Texas/24-008749-003/2024(H5N1)	240	43554
MP|PP755590.1|A/cattle/Texas/24-008749-003/2024(H5N1)	241	43457
MP|PP755590.1|A/cattle/Texas/24-008749-003/2024(H5N1)	242	43308
MP|PP755590.1|A/cattle/Texas/24-008749-003/2024(H5N1)	243	43502
MP|PP755590.1|A/cattle/Texas/24-008749-003/2024(H5N1)	244	43905
MP|PP755590.1|A/cattle/Texas/24-008749-003/2024(H5N1)	245	43378
MP|PP755590.1|A/cattle/Texas/24-008749-003/2024(H5N1)	246	44426
MP|PP755590.1|A/cattle/Texas/24-008749-003/2024(H5N1)	247	43849
MP|PP755590.1|A/cattle/Texas/24-008749-003/2024(H5N1)	248	43839
MP|PP755590.1|A/cattle/Texas/24-008749-003/2024(H5N1)	249	44781
MP|PP755590.1|A/cattle/Texas/24-008749-003/2024(H5N1)	250	44828
MP|PP755590.1|A/cattle/Texas/24-008749-003/2024(H5N1)	251	45017
MP|PP755590.1|A/cattle/Texas/24-008749-003/2024(H5N1)	252	45248
MP|PP755590.1|A/cattle/Texas/24-008749-003/2024(H5N1)	253	44557
MP|PP755590.1|A/cattle/Texas/24-008749-003/2024(H5N1)	254	45170
MP|PP755590.1|A/cattle/Texas/24-008749-003/2024(H5N1)	255	45365
MP|PP755590.1|A/cattle/Texas/24-008749-003/2024(H5N1)	256	45063
MP|PP755590.1|A/cattle/Texas/24-008749-003/2024(H5N1)	257	45256
MP|PP755590.1|A/cattle/Texas/24-008749-003/2024(H5N1)	258	45256
MP|PP755590.1|A/cattle/Texas/24-008749-003/2024(H5N1)	259	46071
MP|PP755590.1|A/cattle/Texas/24-008749-003/2024(H5N1)	260	46265
MP|PP755590.1|A/cattle/Texas/24-008749-003/2024(H5N1)	261	46043
MP|PP755590.1|A/cattle/Texas/24-008749-003/2024(H5N1)	262	46072
MP|PP755590.1|A/cattle/Texas/24-008749-003/2024(H5N1)	263	46104
MP|PP755590.1|A/cattle/Texas/24-008749-003/2024(H5N1)	264	45343
MP|PP755590.1|A/cattle/Texas/24-008749-003/2024(H5N1)	265	45484
MP|PP755590.1|A/cattle/Texas/24-008749-003/2024(H5N1)	266	44963
MP|PP755590.1|A/cattle/Texas/24-008749-003/2024(H5N1)	267	45459
MP|PP755590.1|A/cattle/Texas/24-008749-003/2024(H5N1)	268	45461
MP|PP755590.1|A/cattle/Texas/24-008749-003/2024(H5N1)	269	45404
MP|PP755590.1|A/cattle/Texas/24-008749-003/2024(H5N1)	270	45498
MP|PP755590.1|A/cattle/Texas/24-008749-003/2024(H5N1)	271	45475
MP|PP755590.1|A/cattle/Texas/24-008749-003/2024(H5N1)	272	45533
MP|PP755590.1|A/cattle/Texas/24-008749-003/2024(H5N1)	273	46584
MP|PP755590.1|A/cattle/Texas/24-008749-003/2024(H5N1)	274	46985
MP|PP755590.1|A/cattle/Texas/24-008749-003/2024(H5N1)	275	45217
MP|PP755590.1|A/cattle/Texas/24-008749-003/2024(H5N1)	276	44760
MP|PP755590.1|A/cattle/Texas/24-008749-003/2024(H5N1)	277	44707
MP|PP755590.1|A/cattle/Texas/24-008749-003/2024(H5N1)	278	44700
MP|PP755590.1|A/cattle/Texas/24-008749-003/2024(H5N1)	279	45731
MP|PP755590.1|A/cattle/Texas/24-008749-003/2024(H5N1)	280	45872
MP|PP755590.1|A/cattle/Texas/24-008749-003/2024(H5N1)	281	45797
MP|PP755590.1|A/cattle/Texas/24-008749-003/2024(H5N1)	282	45729
MP|PP755590.1|A/cattle/Texas/24-008749-003/2024(H5N1)	283	43941
MP|PP755590.1|A/cattle/Texas/24-008749-003/2024(H5N1)	284	44720
MP|PP755590.1|A/cattle/Texas/24-008749-003/2024(H5N1)	285	44052
MP|PP755590.1|A/cattle/Texas/24-008749-003/2024(H5N1)	286	43712
MP|PP755590.1|A/cattle/Texas/24-008749-003/2024(H5N1)	287	43977
MP|PP755590.1|A/cattle/Texas/24-008749-003/2024(H5N1)	288	42702
MP|PP755590.1|A/cattle/Texas/24-008749-003/2024(H5N1)	289	43104
MP|PP755590.1|A/cattle/Texas/24-008749-003/2024(H5N1)	290	43144
MP|PP755590.1|A/cattle/Texas/24-008749-003/2024(H5N1)	291	41908
MP|PP755590.1|A/cattle/Texas/24-008749-003/2024(H5N1)	292	41779
MP|PP755590.1|A/cattle/Texas/24-008749-003/2024(H5N1)	293	41075
MP|PP755590.1|A/cattle/Texas/24-008749-003/2024(H5N1)	294	40129
MP|PP755590.1|A/cattle/Texas/24-008749-003/2024(H5N1)	295	39288
MP|PP755590.1|A/cattle/Texas/24-008749-003/2024(H5N1)	296	43547
MP|PP755590.1|A/cattle/Texas/24-008749-003/2024(H5N1)	297	45122
MP|PP755590.1|A/cattle/Texas/24-008749-003/2024(H5N1)	298	45744
MP|PP755590.1|A/cattle/Texas/24-008749-003/2024(H5N1)	299	45778
MP|PP755590.1|A/cattle/Texas/24-008749-003/2024(H5N1)	300	45783
MP|PP755590.1|A/cattle/Texas/24-008749-003/2024(H5N1)	301	45567
MP|PP755590.1|A/cattle/Texas/24-008749-003/2024(H5N1)	302	45449
MP|PP755590.1|A/cattle/Texas/24-008749-003/2024(H5N1)	303	46123
MP|PP755590.1|A/cattle/Texas/24-008749-003/2024(H5N1)	304	45871
MP|PP755590.1|A/cattle/Texas/24-008749-003/2024(H5N1)	305	45859
MP|PP755590.1|A/cattle/Texas/24-008749-003/2024(H5N1)	306	44207
MP|PP755590.1|A/cattle/Texas/24-008749-003/2024(H5N1)	307	45157
MP|PP755590.1|A/cattle/Texas/24-008749-003/2024(H5N1)	308	45189
MP|PP755590.1|A/cattle/Texas/24-008749-003/2024(H5N1)	309	45228
MP|PP755590.1|A/cattle/Texas/24-008749-003/2024(H5N1)	310	45284
MP|PP755590.1|A/cattle/Texas/24-008749-003/2024(H5N1)	311	44079
MP|PP755590.1|A/cattle/Texas/24-008749-003/2024(H5N1)	312	44106
MP|PP755590.1|A/cattle/Texas/24-008749-003/2024(H5N1)	313	43797
MP|PP755590.1|A/cattle/Texas/24-008749-003/2024(H5N1)	314	44067
MP|PP755590.1|A/cattle/Texas/24-008749-003/2024(H5N1)	315	44076
MP|PP755590.1|A/cattle/Texas/24-008749-003/2024(H5N1)	316	43759
MP|PP755590.1|A/cattle/Texas/24-008749-003/2024(H5N1)	317	44149
MP|PP755590.1|A/cattle/Texas/24-008749-003/2024(H5N1)	318	44267
MP|PP755590.1|A/cattle/Texas/24-008749-003/2024(H5N1)	319	44526
MP|PP755590.1|A/cattle/Texas/24-008749-003/2024(H5N1)	320	44562
MP|PP755590.1|A/cattle/Texas/24-008749-003/2024(H5N1)	321	44514
MP|PP755590.1|A/cattle/Texas/24-008749-003/2024(H5N1)	322	44822
MP|PP755590.1|A/cattle/Texas/24-008749-003/2024(H5N1)	323	44936
MP|PP755590.1|A/cattle/Texas/24-008749-003/2024(H5N1)	324	44775
MP|PP755590.1|A/cattle/Texas/24-008749-003/2024(H5N1)	325	44802
MP|PP755590.1|A/cattle/Texas/24-008749-003/2024(H5N1)	326	44313
MP|PP755590.1|A/cattle/Texas/24-008749-003/2024(H5N1)	327	44536
MP|PP755590.1|A/cattle/Texas/24-008749-003/2024(H5N1)	328	44287
MP|PP755590.1|A/cattle/Texas/24-008749-003/2024(H5N1)	329	44247
MP|PP755590.1|A/cattle/Texas/24-008749-003/2024(H5N1)	330	44315
MP|PP755590.1|A/cattle/Texas/24-008749-003/2024(H5N1)	331	44054
MP|PP755590.1|A/cattle/Texas/24-008749-003/2024(H5N1)	332	44415
MP|PP755590.1|A/cattle/Texas/24-008749-003/2024(H5N1)	333	45037
MP|PP755590.1|A/cattle/Texas/24-008749-003/2024(H5N1)	334	44985
MP|PP755590.1|A/cattle/Texas/24-008749-003/2024(H5N1)	335	44975
MP|PP755590.1|A/cattle/Texas/24-008749-003/2024(H5N1)	336	44891
MP|PP755590.1|A/cattle/Texas/24-008749-003/2024(H5N1)	337	44963
MP|PP755590.1|A/cattle/Texas/24-008749-003/2024(H5N1)	338	44817
MP|PP755590.1|A/cattle/Texas/24-008749-003/2024(H5N1)	339	44800
MP|PP755590.1|A/cattle/Texas/24-008749-003/2024(H5N1)	340	44780
MP|PP755590.1|A/cattle/Texas/24-008749-003/2024(H5N1)	341	44561
MP|PP755590.1|A/cattle/Texas/24-008749-003/2024(H5N1)	342	44088
MP|PP755590.1|A/cattle/Texas/24-008749-003/2024(H5N1)	343	44110
MP|PP755590.1|A/cattle/Texas/24-008749-003/2024(H5N1)	344	44323
MP|PP755590.1|A/cattle/Texas/24-008749-003/2024(H5N1)	345	43390
MP|PP755590.1|A/cattle/Texas/24-008749-003/2024(H5N1)	346	43651
MP|PP755590.1|A/cattle/Texas/24-008749-003/2024(H5N1)	347	44220
MP|PP755590.1|A/cattle/Texas/24-008749-003/2024(H5N1)	348	44404
MP|PP755590.1|A/cattle/Texas/24-008749-003/2024(H5N1)	349	42931
MP|PP755590.1|A/cattle/Texas/24-008749-003/2024(H5N1)	350	42731
MP|PP755590.1|A/cattle/Texas/24-008749-003/2024(H5N1)	351	44245
MP|PP755590.1|A/cattle/Texas/24-008749-003/2024(H5N1)	352	43960
MP|PP755590.1|A/cattle/Texas/24-008749-003/2024(H5N1)	353	44365
MP|PP755590.1|A/cattle/Texas/24-008749-003/2024(H5N1)	354	44367
MP|PP755590.1|A/cattle/Texas/24-008749-003/2024(H5N1)	355	44026
MP|PP755590.1|A/cattle/Texas/24-008749-003/2024(H5N1)	356	44099
MP|PP755590.1|A/cattle/Texas/24-008749-003/2024(H5N1)	357	44105
MP|PP755590.1|A/cattle/Texas/24-008749-003/2024(H5N1)	358	44032
MP|PP755590.1|A/cattle/Texas/24-008749-003/2024(H5N1)	359	43780
MP|PP755590.1|A/cattle/Texas/24-008749-003/2024(H5N1)	360	42228
MP|PP755590.1|A/cattle/Texas/24-008749-003/2024(H5N1)	361	42876
MP|PP755590.1|A/cattle/Texas/24-008749-003/2024(H5N1)	362	42621
MP|PP755590.1|A/cattle/Texas/24-008749-003/2024(H5N1)	363	42019
MP|PP755590.1|A/cattle/Texas/24-008749-003/2024(H5N1)	364	41849
MP|PP755590.1|A/cattle/Texas/24-008749-003/2024(H5N1)	365	42134
MP|PP755590.1|A/cattle/Texas/24-008749-003/2024(H5N1)	366	41886
MP|PP755590.1|A/cattle/Texas/24-008749-003/2024(H5N1)	367	42033
MP|PP755590.1|A/cattle/Texas/24-008749-003/2024(H5N1)	368	41391
MP|PP755590.1|A/cattle/Texas/24-008749-003/2024(H5N1)	369	41646
MP|PP755590.1|A/cattle/Texas/24-008749-003/2024(H5N1)	370	40589
MP|PP755590.1|A/cattle/Texas/24-008749-003/2024(H5N1)	371	39901
MP|PP755590.1|A/cattle/Texas/24-008749-003/2024(H5N1)	372	40380
MP|PP755590.1|A/cattle/Texas/24-008749-003/2024(H5N1)	373	40327
MP|PP755590.1|A/cattle/Texas/24-008749-003/2024(H5N1)	374	40307
MP|PP755590.1|A/cattle/Texas/24-008749-003/2024(H5N1)	375	39470
MP|PP755590.1|A/cattle/Texas/24-008749-003/2024(H5N1)	376	39253
MP|PP755590.1|A/cattle/Texas/24-008749-003/2024(H5N1)	377	39894
MP|PP755590.1|A/cattle/Texas/24-008749-003/2024(H5N1)	378	40159
MP|PP755590.1|A/cattle/Texas/24-008749-003/2024(H5N1)	379	40013
MP|PP755590.1|A/cattle/Texas/24-008749-003/2024(H5N1)	380	40524
MP|PP755590.1|A/cattle/Texas/24-008749-003/2024(H5N1)	381	40390
MP|PP755590.1|A/cattle/Texas/24-008749-003/2024(H5N1)	382	40401
MP|PP755590.1|A/cattle/Texas/24-008749-003/2024(H5N1)	383	40378
MP|PP755590.1|A/cattle/Texas/24-008749-003/2024(H5N1)	384	40280
MP|PP755590.1|A/cattle/Texas/24-008749-003/2024(H5N1)	385	40515
MP|PP755590.1|A/cattle/Texas/24-008749-003/2024(H5N1)	386	40329
MP|PP755590.1|A/cattle/Texas/24-008749-003/2024(H5N1)	387	39988
MP|PP755590.1|A/cattle/Texas/24-008749-003/2024(H5N1)	388	40694
MP|PP755590.1|A/cattle/Texas/24-008749-003/2024(H5N1)	389	40133
MP|PP755590.1|A/cattle/Texas/24-008749-003/2024(H5N1)	390	40391
MP|PP755590.1|A/cattle/Texas/24-008749-003/2024(H5N1)	391	41609
MP|PP755590.1|A/cattle/Texas/24-008749-003/2024(H5N1)	392	41623
MP|PP755590.1|A/cattle/Texas/24-008749-003/2024(H5N1)	393	41796
MP|PP755590.1|A/cattle/Texas/24-008749-003/2024(H5N1)	394	41514
MP|PP755590.1|A/cattle/Texas/24-008749-003/2024(H5N1)	395	40996
MP|PP755590.1|A/cattle/Texas/24-008749-003/2024(H5N1)	396	43982
MP|PP755590.1|A/cattle/Texas/24-008749-003/2024(H5N1)	397	42610
MP|PP755590.1|A/cattle/Texas/24-008749-003/2024(H5N1)	398	42549
MP|PP755590.1|A/cattle/Texas/24-008749-003/2024(H5N1)	399	42456
MP|PP755590.1|A/cattle/Texas/24-008749-003/2024(H5N1)	400	41318
MP|PP755590.1|A/cattle/Texas/24-008749-003/2024(H5N1)	401	42389
MP|PP755590.1|A/cattle/Texas/24-008749-003/2024(H5N1)	402	43235
MP|PP755590.1|A/cattle/Texas/24-008749-003/2024(H5N1)	403	43080
MP|PP755590.1|A/cattle/Texas/24-008749-003/2024(H5N1)	404	43341
MP|PP755590.1|A/cattle/Texas/24-008749-003/2024(H5N1)	405	42665
MP|PP755590.1|A/cattle/Texas/24-008749-003/2024(H5N1)	406	42778
MP|PP755590.1|A/cattle/Texas/24-008749-003/2024(H5N1)	407	43609
MP|PP755590.1|A/cattle/Texas/24-008749-003/2024(H5N1)	408	43745
MP|PP755590.1|A/cattle/Texas/24-008749-003/2024(H5N1)	409	43827
MP|PP755590.1|A/cattle/Texas/24-008749-003/2024(H5N1)	410	42560
MP|PP755590.1|A/cattle/Texas/24-008749-003/2024(H5N1)	411	42473
MP|PP755590.1|A/cattle/Texas/24-008749-003/2024(H5N1)	412	42481
MP|PP755590.1|A/cattle/Texas/24-008749-003/2024(H5N1)	413	43910
MP|PP755590.1|A/cattle/Texas/24-008749-003/2024(H5N1)	414	43978
MP|PP755590.1|A/cattle/Texas/24-008749-003/2024(H5N1)	415	44027
MP|PP755590.1|A/cattle/Texas/24-008749-003/2024(H5N1)	416	44273
MP|PP755590.1|A/cattle/Texas/24-008749-003/2024(H5N1)	417	43737
MP|PP755590.1|A/cattle/Texas/24-008749-003/2024(H5N1)	418	43734
MP|PP755590.1|A/cattle/Texas/24-008749-003/2024(H5N1)	419	43905
MP|PP755590.1|A/cattle/Texas/24-008749-003/2024(H5N1)	420	43878
MP|PP755590.1|A/cattle/Texas/24-008749-003/2024(H5N1)	421	44012
MP|PP755590.1|A/cattle/Texas/24-008749-003/2024(H5N1)	422	45007
MP|PP755590.1|A/cattle/Texas/24-008749-003/2024(H5N1)	423	44887
MP|PP755590.1|A/cattle/Texas/24-008749-003/2024(H5N1)	424	43990
MP|PP755590.1|A/cattle/Texas/24-008749-003/2024(H5N1)	425	43478
MP|PP755590.1|A/cattle/Texas/24-008749-003/2024(H5N1)	426	43394
MP|PP755590.1|A/cattle/Texas/24-008749-003/2024(H5N1)	427	44356
MP|PP755590.1|A/cattle/Texas/24-008749-003/2024(H5N1)	428	44435
MP|PP755590.1|A/cattle/Texas/24-008749-003/2024(H5N1)	429	44498
MP|PP755590.1|A/cattle/Texas/24-008749-003/2024(H5N1)	430	43278
MP|PP755590.1|A/cattle/Texas/24-008749-003/2024(H5N1)	431	43279
MP|PP755590.1|A/cattle/Texas/24-008749-003/2024(H5N1)	432	43407
MP|PP755590.1|A/cattle/Texas/24-008749-003/2024(H5N1)	433	46667
MP|PP755590.1|A/cattle/Texas/24-008749-003/2024(H5N1)	434	47349
MP|PP755590.1|A/cattle/Texas/24-008749-003/2024(H5N1)	435	46650
MP|PP755590.1|A/cattle/Texas/24-008749-003/2024(H5N1)	436	45664
MP|PP755590.1|A/cattle/Texas/24-008749-003/2024(H5N1)	437	45668
MP|PP755590.1|A/cattle/Texas/24-008749-003/2024(H5N1)	438	46454
MP|PP755590.1|A/cattle/Texas/24-008749-003/2024(H5N1)	439	47132
MP|PP755590.1|A/cattle/Texas/24-008749-003/2024(H5N1)	440	46922
MP|PP755590.1|A/cattle/Texas/24-008749-003/2024(H5N1)	441	47319
MP|PP755590.1|A/cattle/Texas/24-008749-003/2024(H5N1)	442	43637
MP|PP755590.1|A/cattle/Texas/24-008749-003/2024(H5N1)	443	43575
MP|PP755590.1|A/cattle/Texas/24-008749-003/2024(H5N1)	444	43937
MP|PP755590.1|A/cattle/Texas/24-008749-003/2024(H5N1)	445	43931
MP|PP755590.1|A/cattle/Texas/24-008749-003/2024(H5N1)	446	43827
MP|PP755590.1|A/cattle/Texas/24-008749-003/2024(H5N1)	447	41816
MP|PP755590.1|A/cattle/Texas/24-008749-003/2024(H5N1)	448	41235
MP|PP755590.1|A/cattle/Texas/24-008749-003/2024(H5N1)	449	42450
MP|PP755590.1|A/cattle/Texas/24-008749-003/2024(H5N1)	450	42274
MP|PP755590.1|A/cattle/Texas/24-008749-003/2024(H5N1)	451	41923
MP|PP755590.1|A/cattle/Texas/24-008749-003/2024(H5N1)	452	41966
MP|PP755590.1|A/cattle/Texas/24-008749-003/2024(H5N1)	453	41620
MP|PP755590.1|A/cattle/Texas/24-008749-003/2024(H5N1)	454	41662
MP|PP755590.1|A/cattle/Texas/24-008749-003/2024(H5N1)	455	41413
MP|PP755590.1|A/cattle/Texas/24-008749-003/2024(H5N1)	456	41501
MP|PP755590.1|A/cattle/Texas/24-008749-003/2024(H5N1)	457	41772
MP|PP755590.1|A/cattle/Texas/24-008749-003/2024(H5N1)	458	40516
MP|PP755590.1|A/cattle/Texas/24-008749-003/2024(H5N1)	459	40619
MP|PP755590.1|A/cattle/Texas/24-008749-003/2024(H5N1)	460	40587
MP|PP755590.1|A/cattle/Texas/24-008749-003/2024(H5N1)	461	40668
MP|PP755590.1|A/cattle/Texas/24-008749-003/2024(H5N1)	462	41193
MP|PP755590.1|A/cattle/Texas/24-008749-003/2024(H5N1)	463	41267
MP|PP755590.1|A/cattle/Texas/24-008749-003/2024(H5N1)	464	41468
MP|PP755590.1|A/cattle/Texas/24-008749-003/2024(H5N1)	465	41368
MP|PP755590.1|A/cattle/Texas/24-008749-003/2024(H5N1)	466	41580
MP|PP755590.1|A/cattle/Texas/24-008749-003/2024(H5N1)	467	41662
MP|PP755590.1|A/cattle/Texas/24-008749-003/2024(H5N1)	468	41433
MP|PP755590.1|A/cattle/Texas/24-008749-003/2024(H5N1)	469	41364
MP|PP755590.1|A/cattle/Texas/24-008749-003/2024(H5N1)	470	41394
MP|PP755590.1|A/cattle/Texas/24-008749-003/2024(H5N1)	471	41363
MP|PP755590.1|A/cattle/Texas/24-008749-003/2024(H5N1)	472	41283
MP|PP755590.1|A/cattle/Texas/24-008749-003/2024(H5N1)	473	41131
MP|PP755590.1|A/cattle/Texas/24-008749-003/2024(H5N1)	474	41358
MP|PP755590.1|A/cattle/Texas/24-008749-003/2024(H5N1)	475	41571
MP|PP755590.1|A/cattle/Texas/24-008749-003/2024(H5N1)	476	41496
MP|PP755590.1|A/cattle/Texas/24-008749-003/2024(H5N1)	477	42016
MP|PP755590.1|A/cattle/Texas/24-008749-003/2024(H5N1)	478	41846
MP|PP755590.1|A/cattle/Texas/24-008749-003/2024(H5N1)	479	41886
MP|PP755590.1|A/cattle/Texas/24-008749-003/2024(H5N1)	480	42169
MP|PP755590.1|A/cattle/Texas/24-008749-003/2024(H5N1)	481	42282
MP|PP755590.1|A/cattle/Texas/24-008749-003/2024(H5N1)	482	42838
MP|PP755590.1|A/cattle/Texas/24-008749-003/2024(H5N1)	483	42469
MP|PP755590.1|A/cattle/Texas/24-008749-003/2024(H5N1)	484	42627
MP|PP755590.1|A/cattle/Texas/24-008749-003/2024(H5N1)	485	42611
MP|PP755590.1|A/cattle/Texas/24-008749-003/2024(H5N1)	486	42802
MP|PP755590.1|A/cattle/Texas/24-008749-003/2024(H5N1)	487	42688
MP|PP755590.1|A/cattle/Texas/24-008749-003/2024(H5N1)	488	43470
MP|PP755590.1|A/cattle/Texas/24-008749-003/2024(H5N1)	489	43967
MP|PP755590.1|A/cattle/Texas/24-008749-003/2024(H5N1)	490	44188
MP|PP755590.1|A/cattle/Texas/24-008749-003/2024(H5N1)	491	43809
MP|PP755590.1|A/cattle/Texas/24-008749-003/2024(H5N1)	492	43796
MP|PP755590.1|A/cattle/Texas/24-008749-003/2024(H5N1)	493	43720
MP|PP755590.1|A/cattle/Texas/24-008749-003/2024(H5N1)	494	43710
MP|PP755590.1|A/cattle/Texas/24-008749-003/2024(H5N1)	495	43701
MP|PP755590.1|A/cattle/Texas/24-008749-003/2024(H5N1)	496	43864
MP|PP755590.1|A/cattle/Texas/24-008749-003/2024(H5N1)	497	43415
MP|PP755590.1|A/cattle/Texas/24-008749-003/2024(H5N1)	498	43466
MP|PP755590.1|A/cattle/Texas/24-008749-003/2024(H5N1)	499	43388
MP|PP755590.1|A/cattle/Texas/24-008749-003/2024(H5N1)	500	43712
MP|PP755590.1|A/cattle/Texas/24-008749-003/2024(H5N1)	501	42603
MP|PP755590.1|A/cattle/Texas/24-008749-003/2024(H5N1)	502	42596
MP|PP755590.1|A/cattle/Texas/24-008749-003/2024(H5N1)	503	43212
MP|PP755590.1|A/cattle/Texas/24-008749-003/2024(H5N1)	504	43390
MP|PP755590.1|A/cattle/Texas/24-008749-003/2024(H5N1)	505	43247
MP|PP755590.1|A/cattle/Texas/24-008749-003/2024(H5N1)	506	43303
MP|PP755590.1|A/cattle/Texas/24-008749-003/2024(H5N1)	507	43092
MP|PP755590.1|A/cattle/Texas/24-008749-003/2024(H5N1)	508	43142
MP|PP755590.1|A/cattle/Texas/24-008749-003/2024(H5N1)	509	43325
MP|PP755590.1|A/cattle/Texas/24-008749-003/2024(H5N1)	510	43434
MP|PP755590.1|A/cattle/Texas/24-008749-003/2024(H5N1)	511	43692
MP|PP755590.1|A/cattle/Texas/24-008749-003/2024(H5N1)	512	43635
MP|PP755590.1|A/cattle/Texas/24-008749-003/2024(H5N1)	513	43481
MP|PP755590.1|A/cattle/Texas/24-008749-003/2024(H5N1)	514	43622
MP|PP755590.1|A/cattle/Texas/24-008749-003/2024(H5N1)	515	43489
MP|PP755590.1|A/cattle/Texas/24-008749-003/2024(H5N1)	516	43750
MP|PP755590.1|A/cattle/Texas/24-008749-003/2024(H5N1)	517	44014
MP|PP755590.1|A/cattle/Texas/24-008749-003/2024(H5N1)	518	43825
MP|PP755590.1|A/cattle/Texas/24-008749-003/2024(H5N1)	519	43692
MP|PP755590.1|A/cattle/Texas/24-008749-003/2024(H5N1)	520	43378
MP|PP755590.1|A/cattle/Texas/24-008749-003/2024(H5N1)	521	43314
MP|PP755590.1|A/cattle/Texas/24-008749-003/2024(H5N1)	522	43670
MP|PP755590.1|A/cattle/Texas/24-008749-003/2024(H5N1)	523	43513
MP|PP755590.1|A/cattle/Texas/24-008749-003/2024(H5N1)	524	44515
MP|PP755590.1|A/cattle/Texas/24-008749-003/2024(H5N1)	525	44317
MP|PP755590.1|A/cattle/Texas/24-008749-003/2024(H5N1)	526	44294
MP|PP755590.1|A/cattle/Texas/24-008749-003/2024(H5N1)	527	44337
MP|PP755590.1|A/cattle/Texas/24-008749-003/2024(H5N1)	528	43877
MP|PP755590.1|A/cattle/Texas/24-008749-003/2024(H5N1)	529	43599
MP|PP755590.1|A/cattle/Texas/24-008749-003/2024(H5N1)	530	43649
MP|PP755590.1|A/cattle/Texas/24-008749-003/2024(H5N1)	531	43230
MP|PP755590.1|A/cattle/Texas/24-008749-003/2024(H5N1)	532	42863
MP|PP755590.1|A/cattle/Texas/24-008749-003/2024(H5N1)	533	43298
MP|PP755590.1|A/cattle/Texas/24-008749-003/2024(H5N1)	534	44581
MP|PP755590.1|A/cattle/Texas/24-008749-003/2024(H5N1)	535	45099
MP|PP755590.1|A/cattle/Texas/24-008749-003/2024(H5N1)	536	44864
MP|PP755590.1|A/cattle/Texas/24-008749-003/2024(H5N1)	537	44375
MP|PP755590.1|A/cattle/Texas/24-008749-003/2024(H5N1)	538	47355
MP|PP755590.1|A/cattle/Texas/24-008749-003/2024(H5N1)	539	46121
MP|PP755590.1|A/cattle/Texas/24-008749-003/2024(H5N1)	540	46088
MP|PP755590.1|A/cattle/Texas/24-008749-003/2024(H5N1)	541	46360
MP|PP755590.1|A/cattle/Texas/24-008749-003/2024(H5N1)	542	45268
MP|PP755590.1|A/cattle/Texas/24-008749-003/2024(H5N1)	543	46597
MP|PP755590.1|A/cattle/Texas/24-008749-003/2024(H5N1)	544	46494
MP|PP755590.1|A/cattle/Texas/24-008749-003/2024(H5N1)	545	46643
MP|PP755590.1|A/cattle/Texas/24-008749-003/2024(H5N1)	546	46378
MP|PP755590.1|A/cattle/Texas/24-008749-003/2024(H5N1)	547	43528
MP|PP755590.1|A/cattle/Texas/24-008749-003/2024(H5N1)	548	44900
MP|PP755590.1|A/cattle/Texas/24-008749-003/2024(H5N1)	549	45456
MP|PP755590.1|A/cattle/Texas/24-008749-003/2024(H5N1)	550	45497
MP|PP755590.1|A/cattle/Texas/24-008749-003/2024(H5N1)	551	44613
MP|PP755590.1|A/cattle/Texas/24-008749-003/2024(H5N1)	552	43313
MP|PP755590.1|A/cattle/Texas/24-008749-003/2024(H5N1)	553	43301
MP|PP755590.1|A/cattle/Texas/24-008749-003/2024(H5N1)	554	44223
MP|PP755590.1|A/cattle/Texas/24-008749-003/2024(H5N1)	555	44557
MP|PP755590.1|A/cattle/Texas/24-008749-003/2024(H5N1)	556	45175
MP|PP755590.1|A/cattle/Texas/24-008749-003/2024(H5N1)	557	44127
MP|PP755590.1|A/cattle/Texas/24-008749-003/2024(H5N1)	558	43866
MP|PP755590.1|A/cattle/Texas/24-008749-003/2024(H5N1)	559	43793
MP|PP755590.1|A/cattle/Texas/24-008749-003/2024(H5N1)	560	43814
MP|PP755590.1|A/cattle/Texas/24-008749-003/2024(H5N1)	561	44421
MP|PP755590.1|A/cattle/Texas/24-008749-003/2024(H5N1)	562	44490
MP|PP755590.1|A/cattle/Texas/24-008749-003/2024(H5N1)	563	44668
MP|PP755590.1|A/cattle/Texas/24-008749-003/2024(H5N1)	564	43310
MP|PP755590.1|A/cattle/Texas/24-008749-003/2024(H5N1)	565	43355
MP|PP755590.1|A/cattle/Texas/24-008749-003/2024(H5N1)	566	43393
MP|PP755590.1|A/cattle/Texas/24-008749-003/2024(H5N1)	567	43079
MP|PP755590.1|A/cattle/Texas/24-008749-003/2024(H5N1)	568	43530
MP|PP755590.1|A/cattle/Texas/24-008749-003/2024(H5N1)	569	43333
MP|PP755590.1|A/cattle/Texas/24-008749-003/2024(H5N1)	570	42831
MP|PP755590.1|A/cattle/Texas/24-008749-003/2024(H5N1)	571	42735
MP|PP755590.1|A/cattle/Texas/24-008749-003/2024(H5N1)	572	42047
MP|PP755590.1|A/cattle/Texas/24-008749-003/2024(H5N1)	573	42114
MP|PP755590.1|A/cattle/Texas/24-008749-003/2024(H5N1)	574	42303
MP|PP755590.1|A/cattle/Texas/24-008749-003/2024(H5N1)	575	42993
MP|PP755590.1|A/cattle/Texas/24-008749-003/2024(H5N1)	576	42978
MP|PP755590.1|A/cattle/Texas/24-008749-003/2024(H5N1)	577	42910
MP|PP755590.1|A/cattle/Texas/24-008749-003/2024(H5N1)	578	42707
MP|PP755590.1|A/cattle/Texas/24-008749-003/2024(H5N1)	579	42583
MP|PP755590.1|A/cattle/Texas/24-008749-003/2024(H5N1)	580	42579
MP|PP755590.1|A/cattle/Texas/24-008749-003/2024(H5N1)	581	42741
MP|PP755590.1|A/cattle/Texas/24-008749-003/2024(H5N1)	582	42776
MP|PP755590.1|A/cattle/Texas/24-008749-003/2024(H5N1)	583	42666
MP|PP755590.1|A/cattle/Texas/24-008749-003/2024(H5N1)	584	39646
MP|PP755590.1|A/cattle/Texas/24-008749-003/2024(H5N1)	585	39733
MP|PP755590.1|A/cattle/Texas/24-008749-003/2024(H5N1)	586	39780
MP|PP755590.1|A/cattle/Texas/24-008749-003/2024(H5N1)	587	39817
MP|PP755590.1|A/cattle/Texas/24-008749-003/2024(H5N1)	588	40125
MP|PP755590.1|A/cattle/Texas/24-008749-003/2024(H5N1)	589	39501
MP|PP755590.1|A/cattle/Texas/24-008749-003/2024(H5N1)	590	38939
MP|PP755590.1|A/cattle/Texas/24-008749-003/2024(H5N1)	591	38950
MP|PP755590.1|A/cattle/Texas/24-008749-003/2024(H5N1)	592	39629
MP|PP755590.1|A/cattle/Texas/24-008749-003/2024(H5N1)	593	39636
MP|PP755590.1|A/cattle/Texas/24-008749-003/2024(H5N1)	594	39395
MP|PP755590.1|A/cattle/Texas/24-008749-003/2024(H5N1)	595	39152
MP|PP755590.1|A/cattle/Texas/24-008749-003/2024(H5N1)	596	39596
MP|PP755590.1|A/cattle/Texas/24-008749-003/2024(H5N1)	597	39488
MP|PP755590.1|A/cattle/Texas/24-008749-003/2024(H5N1)	598	40089
MP|PP755590.1|A/cattle/Texas/24-008749-003/2024(H5N1)	599	39617
MP|PP755590.1|A/cattle/Texas/24-008749-003/2024(H5N1)	600	39613
MP|PP755590.1|A/cattle/Texas/24-008749-003/2024(H5N1)	601	39721
MP|PP755590.1|A/cattle/Texas/24-008749-003/2024(H5N1)	602	39742
MP|PP755590.1|A/cattle/Texas/24-008749-003/2024(H5N1)	603	39761
MP|PP755590.1|A/cattle/Texas/24-008749-003/2024(H5N1)	604	40535
MP|PP755590.1|A/cattle/Texas/24-008749-003/2024(H5N1)	605	41062
MP|PP755590.1|A/cattle/Texas/24-008749-003/2024(H5N1)	606	41124
MP|PP755590.1|A/cattle/Texas/24-008749-003/2024(H5N1)	607	40757
MP|PP755590.1|A/cattle/Texas/24-008749-003/2024(H5N1)	608	41405
MP|PP755590.1|A/cattle/Texas/24-008749-003/2024(H5N1)	609	41436
MP|PP755590.1|A/cattle/Texas/24-008749-003/2024(H5N1)	610	41542
MP|PP755590.1|A/cattle/Texas/24-008749-003/2024(H5N1)	611	41494
MP|PP755590.1|A/cattle/Texas/24-008749-003/2024(H5N1)	612	41640
MP|PP755590.1|A/cattle/Texas/24-008749-003/2024(H5N1)	613	41503
MP|PP755590.1|A/cattle/Texas/24-008749-003/2024(H5N1)	614	41269
MP|PP755590.1|A/cattle/Texas/24-008749-003/2024(H5N1)	615	41198
MP|PP755590.1|A/cattle/Texas/24-008749-003/2024(H5N1)	616	41209
MP|PP755590.1|A/cattle/Texas/24-008749-003/2024(H5N1)	617	41389
MP|PP755590.1|A/cattle/Texas/24-008749-003/2024(H5N1)	618	41397
MP|PP755590.1|A/cattle/Texas/24-008749-003/2024(H5N1)	619	41995
MP|PP755590.1|A/cattle/Texas/24-008749-003/2024(H5N1)	620	41934
MP|PP755590.1|A/cattle/Texas/24-008749-003/2024(H5N1)	621	42344
MP|PP755590.1|A/cattle/Texas/24-008749-003/2024(H5N1)	622	42259
MP|PP755590.1|A/cattle/Texas/24-008749-003/2024(H5N1)	623	41849
MP|PP755590.1|A/cattle/Texas/24-008749-003/2024(H5N1)	624	43529
MP|PP755590.1|A/cattle/Texas/24-008749-003/2024(H5N1)	625	43687
MP|PP755590.1|A/cattle/Texas/24-008749-003/2024(H5N1)	626	43614
MP|PP755590.1|A/cattle/Texas/24-008749-003/2024(H5N1)	627	43592
MP|PP755590.1|A/cattle/Texas/24-008749-003/2024(H5N1)	628	43077
MP|PP755590.1|A/cattle/Texas/24-008749-003/2024(H5N1)	629	43969
MP|PP755590.1|A/cattle/Texas/24-008749-003/2024(H5N1)	630	43958
MP|PP755590.1|A/cattle/Texas/24-008749-003/2024(H5N1)	631	43793
MP|PP755590.1|A/cattle/Texas/24-008749-003/2024(H5N1)	632	43677
MP|PP755590.1|A/cattle/Texas/24-008749-003/2024(H5N1)	633	42121
MP|PP755590.1|A/cattle/Texas/24-008749-003/2024(H5N1)	634	42149
MP|PP755590.1|A/cattle/Texas/24-008749-003/2024(H5N1)	635	42084
MP|PP755590.1|A/cattle/Texas/24-008749-003/2024(H5N1)	636	42223
MP|PP755590.1|A/cattle/Texas/24-008749-003/2024(H5N1)	637	42836
MP|PP755590.1|A/cattle/Texas/24-008749-003/2024(H5N1)	638	42693
MP|PP755590.1|A/cattle/Texas/24-008749-003/2024(H5N1)	639	41945
MP|PP755590.1|A/cattle/Texas/24-008749-003/2024(H5N1)	640	41750
MP|PP755590.1|A/cattle/Texas/24-008749-003/2024(H5N1)	641	41686
MP|PP755590.1|A/cattle/Texas/24-008749-003/2024(H5N1)	642	42175
MP|PP755590.1|A/cattle/Texas/24-008749-003/2024(H5N1)	643	42854
MP|PP755590.1|A/cattle/Texas/24-008749-003/2024(H5N1)	644	42980
MP|PP755590.1|A/cattle/Texas/24-008749-003/2024(H5N1)	645	43092
MP|PP755590.1|A/cattle/Texas/24-008749-003/2024(H5N1)	646	42864
MP|PP755590.1|A/cattle/Texas/24-008749-003/2024(H5N1)	647	42714
MP|PP755590.1|A/cattle/Texas/24-008749-003/2024(H5N1)	648	42774
MP|PP755590.1|A/cattle/Texas/24-008749-003/2024(H5N1)	649	42669
MP|PP755590.1|A/cattle/Texas/24-008749-003/2024(H5N1)	650	42927
MP|PP755590.1|A/cattle/Texas/24-008749-003/2024(H5N1)	651	43360
MP|PP755590.1|A/cattle/Texas/24-008749-003/2024(H5N1)	652	43182
MP|PP755590.1|A/cattle/Texas/24-008749-003/2024(H5N1)	653	43758
MP|PP755590.1|A/cattle/Texas/24-008749-003/2024(H5N1)	654	44308
MP|PP755590.1|A/cattle/Texas/24-008749-003/2024(H5N1)	655	44099
MP|PP755590.1|A/cattle/Texas/24-008749-003/2024(H5N1)	656	44615
MP|PP755590.1|A/cattle/Texas/24-008749-003/2024(H5N1)	657	44502
MP|PP755590.1|A/cattle/Texas/24-008749-003/2024(H5N1)	658	44518
MP|PP755590.1|A/cattle/Texas/24-008749-003/2024(H5N1)	659	44830
MP|PP755590.1|A/cattle/Texas/24-008749-003/2024(H5N1)	660	44744
MP|PP755590.1|A/cattle/Texas/24-008749-003/2024(H5N1)	661	45429
MP|PP755590.1|A/cattle/Texas/24-008749-003/2024(H5N1)	662	44986
MP|PP755590.1|A/cattle/Texas/24-008749-003/2024(H5N1)	663	44064
MP|PP755590.1|A/cattle/Texas/24-008749-003/2024(H5N1)	664	44449
MP|PP755590.1|A/cattle/Texas/24-008749-003/2024(H5N1)	665	44301
MP|PP755590.1|A/cattle/Texas/24-008749-003/2024(H5N1)	666	46235
MP|PP755590.1|A/cattle/Texas/24-008749-003/2024(H5N1)	667	46035
MP|PP755590.1|A/cattle/Texas/24-008749-003/2024(H5N1)	668	45820
MP|PP755590.1|A/cattle/Texas/24-008749-003/2024(H5N1)	669	45845
MP|PP755590.1|A/cattle/Texas/24-008749-003/2024(H5N1)	670	45794
MP|PP755590.1|A/cattle/Texas/24-008749-003/2024(H5N1)	671	45852
MP|PP755590.1|A/cattle/Texas/24-008749-003/2024(H5N1)	672	47563
MP|PP755590.1|A/cattle/Texas/24-008749-003/2024(H5N1)	673	47274
MP|PP755590.1|A/cattle/Texas/24-008749-003/2024(H5N1)	674	47405
MP|PP755590.1|A/cattle/Texas/24-008749-003/2024(H5N1)	675	46073
MP|PP755590.1|A/cattle/Texas/24-008749-003/2024(H5N1)	676	45997
MP|PP755590.1|A/cattle/Texas/24-008749-003/2024(H5N1)	677	46783
MP|PP755590.1|A/cattle/Texas/24-008749-003/2024(H5N1)	678	46704
MP|PP755590.1|A/cattle/Texas/24-008749-003/2024(H5N1)	679	46575
MP|PP755590.1|A/cattle/Texas/24-008749-003/2024(H5N1)	680	46485
MP|PP755590.1|A/cattle/Texas/24-008749-003/2024(H5N1)	681	45023
MP|PP755590.1|A/cattle/Texas/24-008749-003/2024(H5N1)	682	45419
MP|PP755590.1|A/cattle/Texas/24-008749-003/2024(H5N1)	683	45969
MP|PP755590.1|A/cattle/Texas/24-008749-003/2024(H5N1)	684	45692
MP|PP755590.1|A/cattle/Texas/24-008749-003/2024(H5N1)	685	45773
MP|PP755590.1|A/cattle/Texas/24-008749-003/2024(H5N1)	686	45074
MP|PP755590.1|A/cattle/Texas/24-008749-003/2024(H5N1)	687	45287
MP|PP755590.1|A/cattle/Texas/24-008749-003/2024(H5N1)	688	45558
MP|PP755590.1|A/cattle/Texas/24-008749-003/2024(H5N1)	689	43928
MP|PP755590.1|A/cattle/Texas/24-008749-003/2024(H5N1)	690	43877
MP|PP755590.1|A/cattle/Texas/24-008749-003/2024(H5N1)	691	43774
MP|PP755590.1|A/cattle/Texas/24-008749-003/2024(H5N1)	692	43499
MP|PP755590.1|A/cattle/Texas/24-008749-003/2024(H5N1)	693	43381
MP|PP755590.1|A/cattle/Texas/24-008749-003/2024(H5N1)	694	42246
MP|PP755590.1|A/cattle/Texas/24-008749-003/2024(H5N1)	695	42441
MP|PP755590.1|A/cattle/Texas/24-008749-003/2024(H5N1)	696	42642
MP|PP755590.1|A/cattle/Texas/24-008749-003/2024(H5N1)	697	41393
MP|PP755590.1|A/cattle/Texas/24-008749-003/2024(H5N1)	698	40870
MP|PP755590.1|A/cattle/Texas/24-008749-003/2024(H5N1)	699	41172
MP|PP755590.1|A/cattle/Texas/24-008749-003/2024(H5N1)	700	40889
MP|PP755590.1|A/cattle/Texas/24-008749-003/2024(H5N1)	701	40888
MP|PP755590.1|A/cattle/Texas/24-008749-003/2024(H5N1)	702	40895
MP|PP755590.1|A/cattle/Texas/24-008749-003/2024(H5N1)	703	40913
MP|PP755590.1|A/cattle/Texas/24-008749-003/2024(H5N1)	704	40913
MP|PP755590.1|A/cattle/Texas/24-008749-003/2024(H5N1)	705	40091
MP|PP755590.1|A/cattle/Texas/24-008749-003/2024(H5N1)	706	39609
MP|PP755590.1|A/cattle/Texas/24-008749-003/2024(H5N1)	707	39325
MP|PP755590.1|A/cattle/Texas/24-008749-003/2024(H5N1)	708	39829
MP|PP755590.1|A/cattle/Texas/24-008749-003/2024(H5N1)	709	40424
MP|PP755590.1|A/cattle/Texas/24-008749-003/2024(H5N1)	710	40426
MP|PP755590.1|A/cattle/Texas/24-008749-003/2024(H5N1)	711	40331
MP|PP755590.1|A/cattle/Texas/24-008749-003/2024(H5N1)	712	39917
MP|PP755590.1|A/cattle/Texas/24-008749-003/2024(H5N1)	713	39896
MP|PP755590.1|A/cattle/Texas/24-008749-003/2024(H5N1)	714	39842
MP|PP755590.1|A/cattle/Texas/24-008749-003/2024(H5N1)	715	39930
MP|PP755590.1|A/cattle/Texas/24-008749-003/2024(H5N1)	716	39733
MP|PP755590.1|A/cattle/Texas/24-008749-003/2024(H5N1)	717	39285
MP|PP755590.1|A/cattle/Texas/24-008749-003/2024(H5N1)	718	39772
MP|PP755590.1|A/cattle/Texas/24-008749-003/2024(H5N1)	719	40415
MP|PP755590.1|A/cattle/Texas/24-008749-003/2024(H5N1)	720	40902
MP|PP755590.1|A/cattle/Texas/24-008749-003/2024(H5N1)	721	40834
MP|PP755590.1|A/cattle/Texas/24-008749-003/2024(H5N1)	722	40815
MP|PP755590.1|A/cattle/Texas/24-008749-003/2024(H5N1)	723	40544
MP|PP755590.1|A/cattle/Texas/24-008749-003/2024(H5N1)	724	40595
MP|PP755590.1|A/cattle/Texas/24-008749-003/2024(H5N1)	725	40682
MP|PP755590.1|A/cattle/Texas/24-008749-003/2024(H5N1)	726	40570
MP|PP755590.1|A/cattle/Texas/24-008749-003/2024(H5N1)	727	40167
MP|PP755590.1|A/cattle/Texas/24-008749-003/2024(H5N1)	728	40139
MP|PP755590.1|A/cattle/Texas/24-008749-003/2024(H5N1)	729	40140
MP|PP755590.1|A/cattle/Texas/24-008749-003/2024(H5N1)	730	40220
MP|PP755590.1|A/cattle/Texas/24-008749-003/2024(H5N1)	731	40247
MP|PP755590.1|A/cattle/Texas/24-008749-003/2024(H5N1)	732	40083
MP|PP755590.1|A/cattle/Texas/24-008749-003/2024(H5N1)	733	40612
MP|PP755590.1|A/cattle/Texas/24-008749-003/2024(H5N1)	734	41732
MP|PP755590.1|A/cattle/Texas/24-008749-003/2024(H5N1)	735	41474
MP|PP755590.1|A/cattle/Texas/24-008749-003/2024(H5N1)	736	41813
MP|PP755590.1|A/cattle/Texas/24-008749-003/2024(H5N1)	737	41809
MP|PP755590.1|A/cattle/Texas/24-008749-003/2024(H5N1)	738	41780
MP|PP755590.1|A/cattle/Texas/24-008749-003/2024(H5N1)	739	42742
MP|PP755590.1|A/cattle/Texas/24-008749-003/2024(H5N1)	740	42835
MP|PP755590.1|A/cattle/Texas/24-008749-003/2024(H5N1)	741	42793
MP|PP755590.1|A/cattle/Texas/24-008749-003/2024(H5N1)	742	42799
MP|PP755590.1|A/cattle/Texas/24-008749-003/2024(H5N1)	743	41720
MP|PP755590.1|A/cattle/Texas/24-008749-003/2024(H5N1)	744	41787
MP|PP755590.1|A/cattle/Texas/24-008749-003/2024(H5N1)	745	41625
MP|PP755590.1|A/cattle/Texas/24-008749-003/2024(H5N1)	746	41578
MP|PP755590.1|A/cattle/Texas/24-008749-003/2024(H5N1)	747	41541
MP|PP755590.1|A/cattle/Texas/24-008749-003/2024(H5N1)	748	43626
MP|PP755590.1|A/cattle/Texas/24-008749-003/2024(H5N1)	749	43744
MP|PP755590.1|A/cattle/Texas/24-008749-003/2024(H5N1)	750	45075
MP|PP755590.1|A/cattle/Texas/24-008749-003/2024(H5N1)	751	45211
MP|PP755590.1|A/cattle/Texas/24-008749-003/2024(H5N1)	752	45194
MP|PP755590.1|A/cattle/Texas/24-008749-003/2024(H5N1)	753	45471
MP|PP755590.1|A/cattle/Texas/24-008749-003/2024(H5N1)	754	45803
MP|PP755590.1|A/cattle/Texas/24-008749-003/2024(H5N1)	755	45172
MP|PP755590.1|A/cattle/Texas/24-008749-003/2024(H5N1)	756	44798
MP|PP755590.1|A/cattle/Texas/24-008749-003/2024(H5N1)	757	45432
MP|PP755590.1|A/cattle/Texas/24-008749-003/2024(H5N1)	758	45358
MP|PP755590.1|A/cattle/Texas/24-008749-003/2024(H5N1)	759	45420
MP|PP755590.1|A/cattle/Texas/24-008749-003/2024(H5N1)	760	45394
MP|PP755590.1|A/cattle/Texas/24-008749-003/2024(H5N1)	761	45722
MP|PP755590.1|A/cattle/Texas/24-008749-003/2024(H5N1)	762	45160
MP|PP755590.1|A/cattle/Texas/24-008749-003/2024(H5N1)	763	45573
MP|PP755590.1|A/cattle/Texas/24-008749-003/2024(H5N1)	764	45758
MP|PP755590.1|A/cattle/Texas/24-008749-003/2024(H5N1)	765	45661
MP|PP755590.1|A/cattle/Texas/24-008749-003/2024(H5N1)	766	46361
MP|PP755590.1|A/cattle/Texas/24-008749-003/2024(H5N1)	767	46347
MP|PP755590.1|A/cattle/Texas/24-008749-003/2024(H5N1)	768	45977
MP|PP755590.1|A/cattle/Texas/24-008749-003/2024(H5N1)	769	46329
MP|PP755590.1|A/cattle/Texas/24-008749-003/2024(H5N1)	770	45464
MP|PP755590.1|A/cattle/Texas/24-008749-003/2024(H5N1)	771	45868
MP|PP755590.1|A/cattle/Texas/24-008749-003/2024(H5N1)	772	45547
MP|PP755590.1|A/cattle/Texas/24-008749-003/2024(H5N1)	773	45431
MP|PP755590.1|A/cattle/Texas/24-008749-003/2024(H5N1)	774	44024
MP|PP755590.1|A/cattle/Texas/24-008749-003/2024(H5N1)	775	43610
MP|PP755590.1|A/cattle/Texas/24-008749-003/2024(H5N1)	776	43614
MP|PP755590.1|A/cattle/Texas/24-008749-003/2024(H5N1)	777	44024
MP|PP755590.1|A/cattle/Texas/24-008749-003/2024(H5N1)	778	44061
MP|PP755590.1|A/cattle/Texas/24-008749-003/2024(H5N1)	779	43989
MP|PP755590.1|A/cattle/Texas/24-008749-003/2024(H5N1)	780	43830
MP|PP755590.1|A/cattle/Texas/24-008749-003/2024(H5N1)	781	46140
MP|PP755590.1|A/cattle/Texas/24-008749-003/2024(H5N1)	782	46183
MP|PP755590.1|A/cattle/Texas/24-008749-003/2024(H5N1)	783	46248
MP|PP755590.1|A/cattle/Texas/24-008749-003/2024(H5N1)	784	47303
MP|PP755590.1|A/cattle/Texas/24-008749-003/2024(H5N1)	785	47374
MP|PP755590.1|A/cattle/Texas/24-008749-003/2024(H5N1)	786	48503
MP|PP755590.1|A/cattle/Texas/24-008749-003/2024(H5N1)	787	48270
MP|PP755590.1|A/cattle/Texas/24-008749-003/2024(H5N1)	788	47640
MP|PP755590.1|A/cattle/Texas/24-008749-003/2024(H5N1)	789	46854
MP|PP755590.1|A/cattle/Texas/24-008749-003/2024(H5N1)	790	46940
MP|PP755590.1|A/cattle/Texas/24-008749-003/2024(H5N1)	791	49460
MP|PP755590.1|A/cattle/Texas/24-008749-003/2024(H5N1)	792	49379
MP|PP755590.1|A/cattle/Texas/24-008749-003/2024(H5N1)	793	49011
MP|PP755590.1|A/cattle/Texas/24-008749-003/2024(H5N1)	794	49614
MP|PP755590.1|A/cattle/Texas/24-008749-003/2024(H5N1)	795	49748
MP|PP755590.1|A/cattle/Texas/24-008749-003/2024(H5N1)	796	49977
MP|PP755590.1|A/cattle/Texas/24-008749-003/2024(H5N1)	797	49745
MP|PP755590.1|A/cattle/Texas/24-008749-003/2024(H5N1)	798	50059
MP|PP755590.1|A/cattle/Texas/24-008749-003/2024(H5N1)	799	49956
MP|PP755590.1|A/cattle/Texas/24-008749-003/2024(H5N1)	800	49411
MP|PP755590.1|A/cattle/Texas/24-008749-003/2024(H5N1)	801	49585
MP|PP755590.1|A/cattle/Texas/24-008749-003/2024(H5N1)	802	49412
MP|PP755590.1|A/cattle/Texas/24-008749-003/2024(H5N1)	803	50002
MP|PP755590.1|A/cattle/Texas/24-008749-003/2024(H5N1)	804	48886
MP|PP755590.1|A/cattle/Texas/24-008749-003/2024(H5N1)	805	48212
MP|PP755590.1|A/cattle/Texas/24-008749-003/2024(H5N1)	806	48161
MP|PP755590.1|A/cattle/Texas/24-008749-003/2024(H5N1)	807	47661
MP|PP755590.1|A/cattle/Texas/24-008749-003/2024(H5N1)	808	47899
MP|PP755590.1|A/cattle/Texas/24-008749-003/2024(H5N1)	809	47808
MP|PP755590.1|A/cattle/Texas/24-008749-003/2024(H5N1)	810	47409
MP|PP755590.1|A/cattle/Texas/24-008749-003/2024(H5N1)	811	47408
MP|PP755590.1|A/cattle/Texas/24-008749-003/2024(H5N1)	812	46696
MP|PP755590.1|A/cattle/Texas/24-008749-003/2024(H5N1)	813	46699
MP|PP755590.1|A/cattle/Texas/24-008749-003/2024(H5N1)	814	46572
MP|PP755590.1|A/cattle/Texas/24-008749-003/2024(H5N1)	815	44744
MP|PP755590.1|A/cattle/Texas/24-008749-003/2024(H5N1)	816	44730
MP|PP755590.1|A/cattle/Texas/24-008749-003/2024(H5N1)	817	44353
MP|PP755590.1|A/cattle/Texas/24-008749-003/2024(H5N1)	818	44311
MP|PP755590.1|A/cattle/Texas/24-008749-003/2024(H5N1)	819	44759
MP|PP755590.1|A/cattle/Texas/24-008749-003/2024(H5N1)	820	44692
MP|PP755590.1|A/cattle/Texas/24-008749-003/2024(H5N1)	821	44661
MP|PP755590.1|A/cattle/Texas/24-008749-003/2024(H5N1)	822	44586
MP|PP755590.1|A/cattle/Texas/24-008749-003/2024(H5N1)	823	43107
MP|PP755590.1|A/cattle/Texas/24-008749-003/2024(H5N1)	824	45792
MP|PP755590.1|A/cattle/Texas/24-008749-003/2024(H5N1)	825	45693
MP|PP755590.1|A/cattle/Texas/24-008749-003/2024(H5N1)	826	45704
MP|PP755590.1|A/cattle/Texas/24-008749-003/2024(H5N1)	827	45759
MP|PP755590.1|A/cattle/Texas/24-008749-003/2024(H5N1)	828	45025
MP|PP755590.1|A/cattle/Texas/24-008749-003/2024(H5N1)	829	46119
MP|PP755590.1|A/cattle/Texas/24-008749-003/2024(H5N1)	830	46104
MP|PP755590.1|A/cattle/Texas/24-008749-003/2024(H5N1)	831	46097
MP|PP755590.1|A/cattle/Texas/24-008749-003/2024(H5N1)	832	45535
MP|PP755590.1|A/cattle/Texas/24-008749-003/2024(H5N1)	833	45334
MP|PP755590.1|A/cattle/Texas/24-008749-003/2024(H5N1)	834	45062
MP|PP755590.1|A/cattle/Texas/24-008749-003/2024(H5N1)	835	45022
MP|PP755590.1|A/cattle/Texas/24-008749-003/2024(H5N1)	836	44948
MP|PP755590.1|A/cattle/Texas/24-008749-003/2024(H5N1)	837	45037
MP|PP755590.1|A/cattle/Texas/24-008749-003/2024(H5N1)	838	45026
MP|PP755590.1|A/cattle/Texas/24-008749-003/2024(H5N1)	839	45060
MP|PP755590.1|A/cattle/Texas/24-008749-003/2024(H5N1)	840	44396
MP|PP755590.1|A/cattle/Texas/24-008749-003/2024(H5N1)	841	44388
MP|PP755590.1|A/cattle/Texas/24-008749-003/2024(H5N1)	842	44685
MP|PP755590.1|A/cattle/Texas/24-008749-003/2024(H5N1)	843	44667
MP|PP755590.1|A/cattle/Texas/24-008749-003/2024(H5N1)	844	44741
MP|PP755590.1|A/cattle/Texas/24-008749-003/2024(H5N1)	845	44657
MP|PP755590.1|A/cattle/Texas/24-008749-003/2024(H5N1)	846	44471
MP|PP755590.1|A/cattle/Texas/24-008749-003/2024(H5N1)	847	44784
MP|PP755590.1|A/cattle/Texas/24-008749-003/2024(H5N1)	848	44685
MP|PP755590.1|A/cattle/Texas/24-008749-003/2024(H5N1)	849	44761
MP|PP755590.1|A/cattle/Texas/24-008749-003/2024(H5N1)	850	44923
MP|PP755590.1|A/cattle/Texas/24-008749-003/2024(H5N1)	851	48658
MP|PP755590.1|A/cattle/Texas/24-008749-003/2024(H5N1)	852	48929
MP|PP755590.1|A/cattle/Texas/24-008749-003/2024(H5N1)	853	49538
MP|PP755590.1|A/cattle/Texas/24-008749-003/2024(H5N1)	854	49615
MP|PP755590.1|A/cattle/Texas/24-008749-003/2024(H5N1)	855	49657
MP|PP755590.1|A/cattle/Texas/24-008749-003/2024(H5N1)	856	50050
MP|PP755590.1|A/cattle/Texas/24-008749-003/2024(H5N1)	857	50037
MP|PP755590.1|A/cattle/Texas/24-008749-003/2024(H5N1)	858	49683
MP|PP755590.1|A/cattle/Texas/24-008749-003/2024(H5N1)	859	48760
MP|PP755590.1|A/cattle/Texas/24-008749-003/2024(H5N1)	860	48222
MP|PP755590.1|A/cattle/Texas/24-008749-003/2024(H5N1)	861	48379
MP|PP755590.1|A/cattle/Texas/24-008749-003/2024(H5N1)	862	48150
MP|PP755590.1|A/cattle/Texas/24-008749-003/2024(H5N1)	863	48062
MP|PP755590.1|A/cattle/Texas/24-008749-003/2024(H5N1)	864	48045
MP|PP755590.1|A/cattle/Texas/24-008749-003/2024(H5N1)	865	47656
MP|PP755590.1|A/cattle/Texas/24-008749-003/2024(H5N1)	866	47650
MP|PP755590.1|A/cattle/Texas/24-008749-003/2024(H5N1)	867	47640
MP|PP755590.1|A/cattle/Texas/24-008749-003/2024(H5N1)	868	47615
MP|PP755590.1|A/cattle/Texas/24-008749-003/2024(H5N1)	869	47055
MP|PP755590.1|A/cattle/Texas/24-008749-003/2024(H5N1)	870	46510
MP|PP755590.1|A/cattle/Texas/24-008749-003/2024(H5N1)	871	45868
MP|PP755590.1|A/cattle/Texas/24-008749-003/2024(H5N1)	872	45870
MP|PP755590.1|A/cattle/Texas/24-008749-003/2024(H5N1)	873	45865
MP|PP755590.1|A/cattle/Texas/24-008749-003/2024(H5N1)	874	45870
MP|PP755590.1|A/cattle/Texas/24-008749-003/2024(H5N1)	875	45743
MP|PP755590.1|A/cattle/Texas/24-008749-003/2024(H5N1)	876	45192
MP|PP755590.1|A/cattle/Texas/24-008749-003/2024(H5N1)	877	45154
MP|PP755590.1|A/cattle/Texas/24-008749-003/2024(H5N1)	878	45165
MP|PP755590.1|A/cattle/Texas/24-008749-003/2024(H5N1)	879	44912
MP|PP755590.1|A/cattle/Texas/24-008749-003/2024(H5N1)	880	44854
MP|PP755590.1|A/cattle/Texas/24-008749-003/2024(H5N1)	881	44870
MP|PP755590.1|A/cattle/Texas/24-008749-003/2024(H5N1)	882	44795
MP|PP755590.1|A/cattle/Texas/24-008749-003/2024(H5N1)	883	44283
MP|PP755590.1|A/cattle/Texas/24-008749-003/2024(H5N1)	884	44098
MP|PP755590.1|A/cattle/Texas/24-008749-003/2024(H5N1)	885	42830
MP|PP755590.1|A/cattle/Texas/24-008749-003/2024(H5N1)	886	42776
MP|PP755590.1|A/cattle/Texas/24-008749-003/2024(H5N1)	887	42267
MP|PP755590.1|A/cattle/Texas/24-008749-003/2024(H5N1)	888	42473
MP|PP755590.1|A/cattle/Texas/24-008749-003/2024(H5N1)	889	42236
MP|PP755590.1|A/cattle/Texas/24-008749-003/2024(H5N1)	890	41674
MP|PP755590.1|A/cattle/Texas/24-008749-003/2024(H5N1)	891	41517
MP|PP755590.1|A/cattle/Texas/24-008749-003/2024(H5N1)	892	41556
MP|PP755590.1|A/cattle/Texas/24-008749-003/2024(H5N1)	893	41476
MP|PP755590.1|A/cattle/Texas/24-008749-003/2024(H5N1)	894	41326
MP|PP755590.1|A/cattle/Texas/24-008749-003/2024(H5N1)	895	40993
MP|PP755590.1|A/cattle/Texas/24-008749-003/2024(H5N1)	896	40957
MP|PP755590.1|A/cattle/Texas/24-008749-003/2024(H5N1)	897	38252
MP|PP755590.1|A/cattle/Texas/24-008749-003/2024(H5N1)	898	38403
MP|PP755590.1|A/cattle/Texas/24-008749-003/2024(H5N1)	899	37190
MP|PP755590.1|A/cattle/Texas/24-008749-003/2024(H5N1)	900	36466
MP|PP755590.1|A/cattle/Texas/24-008749-003/2024(H5N1)	901	35856
MP|PP755590.1|A/cattle/Texas/24-008749-003/2024(H5N1)	902	35578
MP|PP755590.1|A/cattle/Texas/24-008749-003/2024(H5N1)	903	35597
MP|PP755590.1|A/cattle/Texas/24-008749-003/2024(H5N1)	904	35249
MP|PP755590.1|A/cattle/Texas/24-008749-003/2024(H5N1)	905	34931
MP|PP755590.1|A/cattle/Texas/24-008749-003/2024(H5N1)	906	34926
MP|PP755590.1|A/cattle/Texas/24-008749-003/2024(H5N1)	907	33839
MP|PP755590.1|A/cattle/Texas/24-008749-003/2024(H5N1)	908	33877
MP|PP755590.1|A/cattle/Texas/24-008749-003/2024(H5N1)	909	33809
MP|PP755590.1|A/cattle/Texas/24-008749-003/2024(H5N1)	910	33029
MP|PP755590.1|A/cattle/Texas/24-008749-003/2024(H5N1)	911	33079
MP|PP755590.1|A/cattle/Texas/24-008749-003/2024(H5N1)	912	32648
MP|PP755590.1|A/cattle/Texas/24-008749-003/2024(H5N1)	913	32612
MP|PP755590.1|A/cattle/Texas/24-008749-003/2024(H5N1)	914	32055
MP|PP755590.1|A/cattle/Texas/24-008749-003/2024(H5N1)	915	31457
MP|PP755590.1|A/cattle/Texas/24-008749-003/2024(H5N1)	916	31185
MP|PP755590.1|A/cattle/Texas/24-008749-003/2024(H5N1)	917	30791
MP|PP755590.1|A/cattle/Texas/24-008749-003/2024(H5N1)	918	30805
MP|PP755590.1|A/cattle/Texas/24-008749-003/2024(H5N1)	919	30729
MP|PP755590.1|A/cattle/Texas/24-008749-003/2024(H5N1)	920	30269
MP|PP755590.1|A/cattle/Texas/24-008749-003/2024(H5N1)	921	30121
MP|PP755590.1|A/cattle/Texas/24-008749-003/2024(H5N1)	922	29519
MP|PP755590.1|A/cattle/Texas/24-008749-003/2024(H5N1)	923	29600
MP|PP755590.1|A/cattle/Texas/24-008749-003/2024(H5N1)	924	29545
MP|PP755590.1|A/cattle/Texas/24-008749-003/2024(H5N1)	925	29486
MP|PP755590.1|A/cattle/Texas/24-008749-003/2024(H5N1)	926	29506
MP|PP755590.1|A/cattle/Texas/24-008749-003/2024(H5N1)	927	28991
MP|PP755590.1|A/cattle/Texas/24-008749-003/2024(H5N1)	928	29013
MP|PP755590.1|A/cattle/Texas/24-008749-003/2024(H5N1)	929	28946
MP|PP755590.1|A/cattle/Texas/24-008749-003/2024(H5N1)	930	28892
MP|PP755590.1|A/cattle/Texas/24-008749-003/2024(H5N1)	931	28440
MP|PP755590.1|A/cattle/Texas/24-008749-003/2024(H5N1)	932	25778
MP|PP755590.1|A/cattle/Texas/24-008749-003/2024(H5N1)	933	25804
MP|PP755590.1|A/cattle/Texas/24-008749-003/2024(H5N1)	934	25656
MP|PP755590.1|A/cattle/Texas/24-008749-003/2024(H5N1)	935	24694
MP|PP755590.1|A/cattle/Texas/24-008749-003/2024(H5N1)	936	24561
MP|PP755590.1|A/cattle/Texas/24-008749-003/2024(H5N1)	937	23202
MP|PP755590.1|A/cattle/Texas/24-008749-003/2024(H5N1)	938	23215
MP|PP755590.1|A/cattle/Texas/24-008749-003/2024(H5N1)	939	23158
MP|PP755590.1|A/cattle/Texas/24-008749-003/2024(H5N1)	940	23081
MP|PP755590.1|A/cattle/Texas/24-008749-003/2024(H5N1)	941	23024
MP|PP755590.1|A/cattle/Texas/24-008749-003/2024(H5N1)	942	20174
MP|PP755590.1|A/cattle/Texas/24-008749-003/2024(H5N1)	943	20129
MP|PP755590.1|A/cattle/Texas/24-008749-003/2024(H5N1)	944	19278
MP|PP755590.1|A/cattle/Texas/24-008749-003/2024(H5N1)	945	18430
MP|PP755590.1|A/cattle/Texas/24-008749-003/2024(H5N1)	946	18192
MP|PP755590.1|A/cattle/Texas/24-008749-003/2024(H5N1)	947	17837
MP|PP755590.1|A/cattle/Texas/24-008749-003/2024(H5N1)	948	17769
MP|PP755590.1|A/cattle/Texas/24-008749-003/2024(H5N1)	949	17342
MP|PP755590.1|A/cattle/Texas/24-008749-003/2024(H5N1)	950	17168
MP|PP755590.1|A/cattle/Texas/24-008749-003/2024(H5N1)	951	16952
MP|PP755590.1|A/cattle/Texas/24-008749-003/2024(H5N1)	952	16781
MP|PP755590.1|A/cattle/Texas/24-008749-003/2024(H5N1)	953	16648
MP|PP755590.1|A/cattle/Texas/24-008749-003/2024(H5N1)	954	16382
MP|PP755590.1|A/cattle/Texas/24-008749-003/2024(H5N1)	955	16356
MP|PP755590.1|A/cattle/Texas/24-008749-003/2024(H5N1)	956	16218
MP|PP755590.1|A/cattle/Texas/24-008749-003/2024(H5N1)	957	16197
MP|PP755590.1|A/cattle/Texas/24-008749-003/2024(H5N1)	958	16175
MP|PP755590.1|A/cattle/Texas/24-008749-003/2024(H5N1)	959	16044
MP|PP755590.1|A/cattle/Texas/24-008749-003/2024(H5N1)	960	15990
MP|PP755590.1|A/cattle/Texas/24-008749-003/2024(H5N1)	961	15889
MP|PP755590.1|A/cattle/Texas/24-008749-003/2024(H5N1)	962	15869
MP|PP755590.1|A/cattle/Texas/24-008749-003/2024(H5N1)	963	15656
MP|PP755590.1|A/cattle/Texas/24-008749-003/2024(H5N1)	964	15633
MP|PP755590.1|A/cattle/Texas/24-008749-003/2024(H5N1)	965	15559
MP|PP755590.1|A/cattle/Texas/24-008749-003/2024(H5N1)	966	15503
MP|PP755590.1|A/cattle/Texas/24-008749-003/2024(H5N1)	967	15483
MP|PP755590.1|A/cattle/Texas/24-008749-003/2024(H5N1)	968	15438
MP|PP755590.1|A/cattle/Texas/24-008749-003/2024(H5N1)	969	15428
MP|PP755590.1|A/cattle/Texas/24-008749-003/2024(H5N1)	970	14749
MP|PP755590.1|A/cattle/Texas/24-008749-003/2024(H5N1)	971	14738
MP|PP755590.1|A/cattle/Texas/24-008749-003/2024(H5N1)	972	14550
MP|PP755590.1|A/cattle/Texas/24-008749-003/2024(H5N1)	973	14539
MP|PP755590.1|A/cattle/Texas/24-008749-003/2024(H5N1)	974	14427
MP|PP755590.1|A/cattle/Texas/24-008749-003/2024(H5N1)	975	11063
MP|PP755590.1|A/cattle/Texas/24-008749-003/2024(H5N1)	976	10974
MP|PP755590.1|A/cattle/Texas/24-008749-003/2024(H5N1)	977	10963
MP|PP755590.1|A/cattle/Texas/24-008749-003/2024(H5N1)	978	10926
MP|PP755590.1|A/cattle/Texas/24-008749-003/2024(H5N1)	979	10905
MP|PP755590.1|A/cattle/Texas/24-008749-003/2024(H5N1)	980	9645
MP|PP755590.1|A/cattle/Texas/24-008749-003/2024(H5N1)	981	9592
MP|PP755590.1|A/cattle/Texas/24-008749-003/2024(H5N1)	982	9582
