HA|PP755589.1|A/cattle/Texas/24-008749-003/2024(H5N1)	1	3699
HA|PP755589.1|A/cattle/Texas/24-008749-003/2024(H5N1)	2	3705
HA|PP755589.1|A/cattle/Texas/24-008749-003/2024(H5N1)	3	3762
HA|PP755589.1|A/cattle/Texas/24-008749-003/2024(H5N1)	4	3767
HA|PP755589.1|A/cattle/Texas/24-008749-003/2024(H5N1)	5	3787
HA|PP755589.1|A/cattle/Texas/24-008749-003/2024(H5N1)	6	3804
HA|PP755589.1|A/cattle/Texas/24-008749-003/2024(H5N1)	7	3842
HA|PP755589.1|A/cattle/Texas/24-008749-003/2024(H5N1)	8	4201
HA|PP755589.1|A/cattle/Texas/24-008749-003/2024(H5N1)	9	4226
HA|PP755589.1|A/cattle/Texas/24-008749-003/2024(H5N1)	10	4230
HA|PP755589.1|A/cattle/Texas/24-008749-003/2024(H5N1)	11	4319
HA|PP755589.1|A/cattle/Texas/24-008749-003/2024(H5N1)	12	4321
HA|PP755589.1|A/cattle/Texas/24-008749-003/2024(H5N1)	13	4551
HA|PP755589.1|A/cattle/Texas/24-008749-003/2024(H5N1)	14	4573
HA|PP755589.1|A/cattle/Texas/24-008749-003/2024(H5N1)	15	4593
HA|PP755589.1|A/cattle/Texas/24-008749-003/2024(H5N1)	16	4594
HA|PP755589.1|A/cattle/Texas/24-008749-003/2024(H5N1)	17	4636
HA|PP755589.1|A/cattle/Texas/24-008749-003/2024(H5N1)	18	4645
HA|PP755589.1|A/cattle/Texas/24-008749-003/2024(H5N1)	19	4742
HA|PP755589.1|A/cattle/Texas/24-008749-003/2024(H5N1)	20	4747
HA|PP755589.1|A/cattle/Texas/24-008749-003/2024(H5N1)	21	4793
HA|PP755589.1|A/cattle/Texas/24-008749-003/2024(H5N1)	22	4794
HA|PP755589.1|A/cattle/Texas/24-008749-003/2024(H5N1)	23	4802
HA|PP755589.1|A/cattle/Texas/24-008749-003/2024(H5N1)	24	4805
HA|PP755589.1|A/cattle/Texas/24-008749-003/2024(H5N1)	25	4829
HA|PP755589.1|A/cattle/Texas/24-008749-003/2024(H5N1)	26	4914
HA|PP755589.1|A/cattle/Texas/24-008749-003/2024(H5N1)	27	4918
HA|PP755589.1|A/cattle/Texas/24-008749-003/2024(H5N1)	28	4966
HA|PP755589.1|A/cattle/Texas/24-008749-003/2024(H5N1)	29	5094
HA|PP755589.1|A/cattle/Texas/24-008749-003/2024(H5N1)	30	5158
HA|PP755589.1|A/cattle/Texas/24-008749-003/2024(H5N1)	31	5162
HA|PP755589.1|A/cattle/Texas/24-008749-003/2024(H5N1)	32	5174
HA|PP755589.1|A/cattle/Texas/24-008749-003/2024(H5N1)	33	5301
HA|PP755589.1|A/cattle/Texas/24-008749-003/2024(H5N1)	34	5302
HA|PP755589.1|A/cattle/Texas/24-008749-003/2024(H5N1)	35	5333
HA|PP755589.1|A/cattle/Texas/24-008749-003/2024(H5N1)	36	5369
HA|PP755589.1|A/cattle/Texas/24-008749-003/2024(H5N1)	37	5378
HA|PP755589.1|A/cattle/Texas/24-008749-003/2024(H5N1)	38	5405
HA|PP755589.1|A/cattle/Texas/24-008749-003/2024(H5N1)	39	5694
HA|PP755589.1|A/cattle/Texas/24-008749-003/2024(H5N1)	40	5740
HA|PP755589.1|A/cattle/Texas/24-008749-003/2024(H5N1)	41	5743
HA|PP755589.1|A/cattle/Texas/24-008749-003/2024(H5N1)	42	5750
HA|PP755589.1|A/cattle/Texas/24-008749-003/2024(H5N1)	43	5803
HA|PP755589.1|A/cattle/Texas/24-008749-003/2024(H5N1)	44	5845
HA|PP755589.1|A/cattle/Texas/24-008749-003/2024(H5N1)	45	5848
HA|PP755589.1|A/cattle/Texas/24-008749-003/2024(H5N1)	46	5850
HA|PP755589.1|A/cattle/Texas/24-008749-003/2024(H5N1)	47	5873
HA|PP755589.1|A/cattle/Texas/24-008749-003/2024(H5N1)	48	5878
HA|PP755589.1|A/cattle/Texas/24-008749-003/2024(H5N1)	49	5893
HA|PP755589.1|A/cattle/Texas/24-008749-003/2024(H5N1)	50	5899
HA|PP755589.1|A/cattle/Texas/24-008749-003/2024(H5N1)	51	5908
HA|PP755589.1|A/cattle/Texas/24-008749-003/2024(H5N1)	52	5908
HA|PP755589.1|A/cattle/Texas/24-008749-003/2024(H5N1)	53	5911
HA|PP755589.1|A/cattle/Texas/24-008749-003/2024(H5N1)	54	6282
HA|PP755589.1|A/cattle/Texas/24-008749-003/2024(H5N1)	55	6289
HA|PP755589.1|A/cattle/Texas/24-008749-003/2024(H5N1)	56	6290
HA|PP755589.1|A/cattle/Texas/24-008749-003/2024(H5N1)	57	6314
HA|PP755589.1|A/cattle/Texas/24-008749-003/2024(H5N1)	58	6325
HA|PP755589.1|A/cattle/Texas/24-008749-003/2024(H5N1)	59	6378
HA|PP755589.1|A/cattle/Texas/24-008749-003/2024(H5N1)	60	6382
HA|PP755589.1|A/cattle/Texas/24-008749-003/2024(H5N1)	61	6387
HA|PP755589.1|A/cattle/Texas/24-008749-003/2024(H5N1)	62	6400
HA|PP755589.1|A/cattle/Texas/24-008749-003/2024(H5N1)	63	6296
HA|PP755589.1|A/cattle/Texas/24-008749-003/2024(H5N1)	64	6385
HA|PP755589.1|A/cattle/Texas/24-008749-003/2024(H5N1)	65	6397
HA|PP755589.1|A/cattle/Texas/24-008749-003/2024(H5N1)	66	6544
HA|PP755589.1|A/cattle/Texas/24-008749-003/2024(H5N1)	67	6569
HA|PP755589.1|A/cattle/Texas/24-008749-003/2024(H5N1)	68	6624
HA|PP755589.1|A/cattle/Texas/24-008749-003/2024(H5N1)	69	6689
HA|PP755589.1|A/cattle/Texas/24-008749-003/2024(H5N1)	70	6773
HA|PP755589.1|A/cattle/Texas/24-008749-003/2024(H5N1)	71	6803
HA|PP755589.1|A/cattle/Texas/24-008749-003/2024(H5N1)	72	6811
HA|PP755589.1|A/cattle/Texas/24-008749-003/2024(H5N1)	73	6786
HA|PP755589.1|A/cattle/Texas/24-008749-003/2024(H5N1)	74	6846
HA|PP755589.1|A/cattle/Texas/24-008749-003/2024(H5N1)	75	6868
HA|PP755589.1|A/cattle/Texas/24-008749-003/2024(H5N1)	76	6950
HA|PP755589.1|A/cattle/Texas/24-008749-003/2024(H5N1)	77	7018
HA|PP755589.1|A/cattle/Texas/24-008749-003/2024(H5N1)	78	7243
HA|PP755589.1|A/cattle/Texas/24-008749-003/2024(H5N1)	79	7227
HA|PP755589.1|A/cattle/Texas/24-008749-003/2024(H5N1)	80	7289
HA|PP755589.1|A/cattle/Texas/24-008749-003/2024(H5N1)	81	7297
HA|PP755589.1|A/cattle/Texas/24-008749-003/2024(H5N1)	82	7290
HA|PP755589.1|A/cattle/Texas/24-008749-003/2024(H5N1)	83	7372
HA|PP755589.1|A/cattle/Texas/24-008749-003/2024(H5N1)	84	7372
HA|PP755589.1|A/cattle/Texas/24-008749-003/2024(H5N1)	85	7382
HA|PP755589.1|A/cattle/Texas/24-008749-003/2024(H5N1)	86	7383
HA|PP755589.1|A/cattle/Texas/24-008749-003/2024(H5N1)	87	7239
HA|PP755589.1|A/cattle/Texas/24-008749-003/2024(H5N1)	88	7662
HA|PP755589.1|A/cattle/Texas/24-008749-003/2024(H5N1)	89	7659
HA|PP755589.1|A/cattle/Texas/24-008749-003/2024(H5N1)	90	7700
HA|PP755589.1|A/cattle/Texas/24-008749-003/2024(H5N1)	91	7713
HA|PP755589.1|A/cattle/Texas/24-008749-003/2024(H5N1)	92	7664
HA|PP755589.1|A/cattle/Texas/24-008749-003/2024(H5N1)	93	7830
HA|PP755589.1|A/cattle/Texas/24-008749-003/2024(H5N1)	94	7849
HA|PP755589.1|A/cattle/Texas/24-008749-003/2024(H5N1)	95	7850
HA|PP755589.1|A/cattle/Texas/24-008749-003/2024(H5N1)	96	7886
HA|PP755589.1|A/cattle/Texas/24-008749-003/2024(H5N1)	97	7686
HA|PP755589.1|A/cattle/Texas/24-008749-003/2024(H5N1)	98	7734
HA|PP755589.1|A/cattle/Texas/24-008749-003/2024(H5N1)	99	7742
HA|PP755589.1|A/cattle/Texas/24-008749-003/2024(H5N1)	100	7740
HA|PP755589.1|A/cattle/Texas/24-008749-003/2024(H5N1)	101	7797
HA|PP755589.1|A/cattle/Texas/24-008749-003/2024(H5N1)	102	7679
HA|PP755589.1|A/cattle/Texas/24-008749-003/2024(H5N1)	103	7679
HA|PP755589.1|A/cattle/Texas/24-008749-003/2024(H5N1)	104	7671
HA|PP755589.1|A/cattle/Texas/24-008749-003/2024(H5N1)	105	7636
HA|PP755589.1|A/cattle/Texas/24-008749-003/2024(H5N1)	106	7651
HA|PP755589.1|A/cattle/Texas/24-008749-003/2024(H5N1)	107	7647
HA|PP755589.1|A/cattle/Texas/24-008749-003/2024(H5N1)	108	7648
HA|PP755589.1|A/cattle/Texas/24-008749-003/2024(H5N1)	109	7666
HA|PP755589.1|A/cattle/Texas/24-008749-003/2024(H5N1)	110	7580
HA|PP755589.1|A/cattle/Texas/24-008749-003/2024(H5N1)	111	7611
HA|PP755589.1|A/cattle/Texas/24-008749-003/2024(H5N1)	112	7603
HA|PP755589.1|A/cattle/Texas/24-008749-003/2024(H5N1)	113	7601
HA|PP755589.1|A/cattle/Texas/24-008749-003/2024(H5N1)	114	7645
HA|PP755589.1|A/cattle/Texas/24-008749-003/2024(H5N1)	115	7667
HA|PP755589.1|A/cattle/Texas/24-008749-003/2024(H5N1)	116	7703
HA|PP755589.1|A/cattle/Texas/24-008749-003/2024(H5N1)	117	7716
HA|PP755589.1|A/cattle/Texas/24-008749-003/2024(H5N1)	118	7699
HA|PP755589.1|A/cattle/Texas/24-008749-003/2024(H5N1)	119	7693
HA|PP755589.1|A/cattle/Texas/24-008749-003/2024(H5N1)	120	7683
HA|PP755589.1|A/cattle/Texas/24-008749-003/2024(H5N1)	121	7687
HA|PP755589.1|A/cattle/Texas/24-008749-003/2024(H5N1)	122	7600
HA|PP755589.1|A/cattle/Texas/24-008749-003/2024(H5N1)	123	7520
HA|PP755589.1|A/cattle/Texas/24-008749-003/2024(H5N1)	124	7517
HA|PP755589.1|A/cattle/Texas/24-008749-003/2024(H5N1)	125	7312
HA|PP755589.1|A/cattle/Texas/24-008749-003/2024(H5N1)	126	7310
HA|PP755589.1|A/cattle/Texas/24-008749-003/2024(H5N1)	127	7346
HA|PP755589.1|A/cattle/Texas/24-008749-003/2024(H5N1)	128	7311
HA|PP755589.1|A/cattle/Texas/24-008749-003/2024(H5N1)	129	7325
HA|PP755589.1|A/cattle/Texas/24-008749-003/2024(H5N1)	130	7332
HA|PP755589.1|A/cattle/Texas/24-008749-003/2024(H5N1)	131	6677
HA|PP755589.1|A/cattle/Texas/24-008749-003/2024(H5N1)	132	6687
HA|PP755589.1|A/cattle/Texas/24-008749-003/2024(H5N1)	133	7014
HA|PP755589.1|A/cattle/Texas/24-008749-003/2024(H5N1)	134	7736
HA|PP755589.1|A/cattle/Texas/24-008749-003/2024(H5N1)	135	7423
HA|PP755589.1|A/cattle/Texas/24-008749-003/2024(H5N1)	136	7441
HA|PP755589.1|A/cattle/Texas/24-008749-003/2024(H5N1)	137	7415
HA|PP755589.1|A/cattle/Texas/24-008749-003/2024(H5N1)	138	7448
HA|PP755589.1|A/cattle/Texas/24-008749-003/2024(H5N1)	139	7471
HA|PP755589.1|A/cattle/Texas/24-008749-003/2024(H5N1)	140	7716
HA|PP755589.1|A/cattle/Texas/24-008749-003/2024(H5N1)	141	7609
HA|PP755589.1|A/cattle/Texas/24-008749-003/2024(H5N1)	142	7264
HA|PP755589.1|A/cattle/Texas/24-008749-003/2024(H5N1)	143	7251
HA|PP755589.1|A/cattle/Texas/24-008749-003/2024(H5N1)	144	7229
HA|PP755589.1|A/cattle/Texas/24-008749-003/2024(H5N1)	145	7186
HA|PP755589.1|A/cattle/Texas/24-008749-003/2024(H5N1)	146	7170
HA|PP755589.1|A/cattle/Texas/24-008749-003/2024(H5N1)	147	7170
HA|PP755589.1|A/cattle/Texas/24-008749-003/2024(H5N1)	148	7188
HA|PP755589.1|A/cattle/Texas/24-008749-003/2024(H5N1)	149	7179
HA|PP755589.1|A/cattle/Texas/24-008749-003/2024(H5N1)	150	7177
HA|PP755589.1|A/cattle/Texas/24-008749-003/2024(H5N1)	151	7160
HA|PP755589.1|A/cattle/Texas/24-008749-003/2024(H5N1)	152	7195
HA|PP755589.1|A/cattle/Texas/24-008749-003/2024(H5N1)	153	7181
HA|PP755589.1|A/cattle/Texas/24-008749-003/2024(H5N1)	154	7175
HA|PP755589.1|A/cattle/Texas/24-008749-003/2024(H5N1)	155	7170
HA|PP755589.1|A/cattle/Texas/24-008749-003/2024(H5N1)	156	7134
HA|PP755589.1|A/cattle/Texas/24-008749-003/2024(H5N1)	157	7153
HA|PP755589.1|A/cattle/Texas/24-008749-003/2024(H5N1)	158	7146
HA|PP755589.1|A/cattle/Texas/24-008749-003/2024(H5N1)	159	7045
HA|PP755589.1|A/cattle/Texas/24-008749-003/2024(H5N1)	160	7045
HA|PP755589.1|A/cattle/Texas/24-008749-003/2024(H5N1)	161	7228
HA|PP755589.1|A/cattle/Texas/24-008749-003/2024(H5N1)	162	7192
HA|PP755589.1|A/cattle/Texas/24-008749-003/2024(H5N1)	163	7206
HA|PP755589.1|A/cattle/Texas/24-008749-003/2024(H5N1)	164	7143
HA|PP755589.1|A/cattle/Texas/24-008749-003/2024(H5N1)	165	7134
HA|PP755589.1|A/cattle/Texas/24-008749-003/2024(H5N1)	166	7122
HA|PP755589.1|A/cattle/Texas/24-008749-003/2024(H5N1)	167	7116
HA|PP755589.1|A/cattle/Texas/24-008749-003/2024(H5N1)	168	7065
HA|PP755589.1|A/cattle/Texas/24-008749-003/2024(H5N1)	169	7051
HA|PP755589.1|A/cattle/Texas/24-008749-003/2024(H5N1)	170	6891
HA|PP755589.1|A/cattle/Texas/24-008749-003/2024(H5N1)	171	6675
HA|PP755589.1|A/cattle/Texas/24-008749-003/2024(H5N1)	172	6620
HA|PP755589.1|A/cattle/Texas/24-008749-003/2024(H5N1)	173	6619
HA|PP755589.1|A/cattle/Texas/24-008749-003/2024(H5N1)	174	6610
HA|PP755589.1|A/cattle/Texas/24-008749-003/2024(H5N1)	175	6798
HA|PP755589.1|A/cattle/Texas/24-008749-003/2024(H5N1)	176	6864
HA|PP755589.1|A/cattle/Texas/24-008749-003/2024(H5N1)	177	6764
HA|PP755589.1|A/cattle/Texas/24-008749-003/2024(H5N1)	178	7564
HA|PP755589.1|A/cattle/Texas/24-008749-003/2024(H5N1)	179	7584
HA|PP755589.1|A/cattle/Texas/24-008749-003/2024(H5N1)	180	7616
HA|PP755589.1|A/cattle/Texas/24-008749-003/2024(H5N1)	181	7631
HA|PP755589.1|A/cattle/Texas/24-008749-003/2024(H5N1)	182	7629
HA|PP755589.1|A/cattle/Texas/24-008749-003/2024(H5N1)	183	7631
HA|PP755589.1|A/cattle/Texas/24-008749-003/2024(H5N1)	184	7420
HA|PP755589.1|A/cattle/Texas/24-008749-003/2024(H5N1)	185	7474
HA|PP755589.1|A/cattle/Texas/24-008749-003/2024(H5N1)	186	7516
HA|PP755589.1|A/cattle/Texas/24-008749-003/2024(H5N1)	187	7516
HA|PP755589.1|A/cattle/Texas/24-008749-003/2024(H5N1)	188	7600
HA|PP755589.1|A/cattle/Texas/24-008749-003/2024(H5N1)	189	7568
HA|PP755589.1|A/cattle/Texas/24-008749-003/2024(H5N1)	190	7450
HA|PP755589.1|A/cattle/Texas/24-008749-003/2024(H5N1)	191	7420
HA|PP755589.1|A/cattle/Texas/24-008749-003/2024(H5N1)	192	7393
HA|PP755589.1|A/cattle/Texas/24-008749-003/2024(H5N1)	193	7412
HA|PP755589.1|A/cattle/Texas/24-008749-003/2024(H5N1)	194	7327
HA|PP755589.1|A/cattle/Texas/24-008749-003/2024(H5N1)	195	7270
HA|PP755589.1|A/cattle/Texas/24-008749-003/2024(H5N1)	196	7292
HA|PP755589.1|A/cattle/Texas/24-008749-003/2024(H5N1)	197	7308
HA|PP755589.1|A/cattle/Texas/24-008749-003/2024(H5N1)	198	7324
HA|PP755589.1|A/cattle/Texas/24-008749-003/2024(H5N1)	199	7349
HA|PP755589.1|A/cattle/Texas/24-008749-003/2024(H5N1)	200	7400
HA|PP755589.1|A/cattle/Texas/24-008749-003/2024(H5N1)	201	7402
HA|PP755589.1|A/cattle/Texas/24-008749-003/2024(H5N1)	202	7384
HA|PP755589.1|A/cattle/Texas/24-008749-003/2024(H5N1)	203	7379
HA|PP755589.1|A/cattle/Texas/24-008749-003/2024(H5N1)	204	7426
HA|PP755589.1|A/cattle/Texas/24-008749-003/2024(H5N1)	205	7233
HA|PP755589.1|A/cattle/Texas/24-008749-003/2024(H5N1)	206	7229
HA|PP755589.1|A/cattle/Texas/24-008749-003/2024(H5N1)	207	7457
HA|PP755589.1|A/cattle/Texas/24-008749-003/2024(H5N1)	208	7493
HA|PP755589.1|A/cattle/Texas/24-008749-003/2024(H5N1)	209	7454
HA|PP755589.1|A/cattle/Texas/24-008749-003/2024(H5N1)	210	7322
HA|PP755589.1|A/cattle/Texas/24-008749-003/2024(H5N1)	211	7323
HA|PP755589.1|A/cattle/Texas/24-008749-003/2024(H5N1)	212	7400
HA|PP755589.1|A/cattle/Texas/24-008749-003/2024(H5N1)	213	7447
HA|PP755589.1|A/cattle/Texas/24-008749-003/2024(H5N1)	214	7621
HA|PP755589.1|A/cattle/Texas/24-008749-003/2024(H5N1)	215	7749
HA|PP755589.1|A/cattle/Texas/24-008749-003/2024(H5N1)	216	7534
HA|PP755589.1|A/cattle/Texas/24-008749-003/2024(H5N1)	217	7558
HA|PP755589.1|A/cattle/Texas/24-008749-003/2024(H5N1)	218	7575
HA|PP755589.1|A/cattle/Texas/24-008749-003/2024(H5N1)	219	7481
HA|PP755589.1|A/cattle/Texas/24-008749-003/2024(H5N1)	220	7489
HA|PP755589.1|A/cattle/Texas/24-008749-003/2024(H5N1)	221	7400
HA|PP755589.1|A/cattle/Texas/24-008749-003/2024(H5N1)	222	7359
HA|PP755589.1|A/cattle/Texas/24-008749-003/2024(H5N1)	223	7382
HA|PP755589.1|A/cattle/Texas/24-008749-003/2024(H5N1)	224	7268
HA|PP755589.1|A/cattle/Texas/24-008749-003/2024(H5N1)	225	7265
HA|PP755589.1|A/cattle/Texas/24-008749-003/2024(H5N1)	226	7368
HA|PP755589.1|A/cattle/Texas/24-008749-003/2024(H5N1)	227	7313
HA|PP755589.1|A/cattle/Texas/24-008749-003/2024(H5N1)	228	7292
HA|PP755589.1|A/cattle/Texas/24-008749-003/2024(H5N1)	229	7168
HA|PP755589.1|A/cattle/Texas/24-008749-003/2024(H5N1)	230	7142
HA|PP755589.1|A/cattle/Texas/24-008749-003/2024(H5N1)	231	7148
HA|PP755589.1|A/cattle/Texas/24-008749-003/2024(H5N1)	232	7094
HA|PP755589.1|A/cattle/Texas/24-008749-003/2024(H5N1)	233	7093
HA|PP755589.1|A/cattle/Texas/24-008749-003/2024(H5N1)	234	7120
HA|PP755589.1|A/cattle/Texas/24-008749-003/2024(H5N1)	235	7121
HA|PP755589.1|A/cattle/Texas/24-008749-003/2024(H5N1)	236	7123
HA|PP755589.1|A/cattle/Texas/24-008749-003/2024(H5N1)	237	7120
HA|PP755589.1|A/cattle/Texas/24-008749-003/2024(H5N1)	238	7134
HA|PP755589.1|A/cattle/Texas/24-008749-003/2024(H5N1)	239	6894
HA|PP755589.1|A/cattle/Texas/24-008749-003/2024(H5N1)	240	6943
HA|PP755589.1|A/cattle/Texas/24-008749-003/2024(H5N1)	241	6938
HA|PP755589.1|A/cattle/Texas/24-008749-003/2024(H5N1)	242	6937
HA|PP755589.1|A/cattle/Texas/24-008749-003/2024(H5N1)	243	6901
HA|PP755589.1|A/cattle/Texas/24-008749-003/2024(H5N1)	244	6805
HA|PP755589.1|A/cattle/Texas/24-008749-003/2024(H5N1)	245	6825
HA|PP755589.1|A/cattle/Texas/24-008749-003/2024(H5N1)	246	6828
HA|PP755589.1|A/cattle/Texas/24-008749-003/2024(H5N1)	247	6855
HA|PP755589.1|A/cattle/Texas/24-008749-003/2024(H5N1)	248	6844
HA|PP755589.1|A/cattle/Texas/24-008749-003/2024(H5N1)	249	6759
HA|PP755589.1|A/cattle/Texas/24-008749-003/2024(H5N1)	250	6763
HA|PP755589.1|A/cattle/Texas/24-008749-003/2024(H5N1)	251	6778
HA|PP755589.1|A/cattle/Texas/24-008749-003/2024(H5N1)	252	6740
HA|PP755589.1|A/cattle/Texas/24-008749-003/2024(H5N1)	253	6777
HA|PP755589.1|A/cattle/Texas/24-008749-003/2024(H5N1)	254	6774
HA|PP755589.1|A/cattle/Texas/24-008749-003/2024(H5N1)	255	6877
HA|PP755589.1|A/cattle/Texas/24-008749-003/2024(H5N1)	256	6878
HA|PP755589.1|A/cattle/Texas/24-008749-003/2024(H5N1)	257	6956
HA|PP755589.1|A/cattle/Texas/24-008749-003/2024(H5N1)	258	6980
HA|PP755589.1|A/cattle/Texas/24-008749-003/2024(H5N1)	259	6979
HA|PP755589.1|A/cattle/Texas/24-008749-003/2024(H5N1)	260	6973
HA|PP755589.1|A/cattle/Texas/24-008749-003/2024(H5N1)	261	6973
HA|PP755589.1|A/cattle/Texas/24-008749-003/2024(H5N1)	262	6872
HA|PP755589.1|A/cattle/Texas/24-008749-003/2024(H5N1)	263	6902
HA|PP755589.1|A/cattle/Texas/24-008749-003/2024(H5N1)	264	6829
HA|PP755589.1|A/cattle/Texas/24-008749-003/2024(H5N1)	265	7026
HA|PP755589.1|A/cattle/Texas/24-008749-003/2024(H5N1)	266	7033
HA|PP755589.1|A/cattle/Texas/24-008749-003/2024(H5N1)	267	6977
HA|PP755589.1|A/cattle/Texas/24-008749-003/2024(H5N1)	268	6981
HA|PP755589.1|A/cattle/Texas/24-008749-003/2024(H5N1)	269	6977
HA|PP755589.1|A/cattle/Texas/24-008749-003/2024(H5N1)	270	6977
HA|PP755589.1|A/cattle/Texas/24-008749-003/2024(H5N1)	271	7015
HA|PP755589.1|A/cattle/Texas/24-008749-003/2024(H5N1)	272	7019
HA|PP755589.1|A/cattle/Texas/24-008749-003/2024(H5N1)	273	6607
HA|PP755589.1|A/cattle/Texas/24-008749-003/2024(H5N1)	274	6427
HA|PP755589.1|A/cattle/Texas/24-008749-003/2024(H5N1)	275	6450
HA|PP755589.1|A/cattle/Texas/24-008749-003/2024(H5N1)	276	7372
HA|PP755589.1|A/cattle/Texas/24-008749-003/2024(H5N1)	277	7352
HA|PP755589.1|A/cattle/Texas/24-008749-003/2024(H5N1)	278	7346
HA|PP755589.1|A/cattle/Texas/24-008749-003/2024(H5N1)	279	7327
HA|PP755589.1|A/cattle/Texas/24-008749-003/2024(H5N1)	280	7302
HA|PP755589.1|A/cattle/Texas/24-008749-003/2024(H5N1)	281	7619
HA|PP755589.1|A/cattle/Texas/24-008749-003/2024(H5N1)	282	7588
HA|PP755589.1|A/cattle/Texas/24-008749-003/2024(H5N1)	283	7639
HA|PP755589.1|A/cattle/Texas/24-008749-003/2024(H5N1)	284	7435
HA|PP755589.1|A/cattle/Texas/24-008749-003/2024(H5N1)	285	6159
HA|PP755589.1|A/cattle/Texas/24-008749-003/2024(H5N1)	286	6181
HA|PP755589.1|A/cattle/Texas/24-008749-003/2024(H5N1)	287	6169
HA|PP755589.1|A/cattle/Texas/24-008749-003/2024(H5N1)	288	6148
HA|PP755589.1|A/cattle/Texas/24-008749-003/2024(H5N1)	289	6179
HA|PP755589.1|A/cattle/Texas/24-008749-003/2024(H5N1)	290	6071
HA|PP755589.1|A/cattle/Texas/24-008749-003/2024(H5N1)	291	6067
HA|PP755589.1|A/cattle/Texas/24-008749-003/2024(H5N1)	292	6044
HA|PP755589.1|A/cattle/Texas/24-008749-003/2024(H5N1)	293	6030
HA|PP755589.1|A/cattle/Texas/24-008749-003/2024(H5N1)	294	6122
HA|PP755589.1|A/cattle/Texas/24-008749-003/2024(H5N1)	295	6106
HA|PP755589.1|A/cattle/Texas/24-008749-003/2024(H5N1)	296	6099
HA|PP755589.1|A/cattle/Texas/24-008749-003/2024(H5N1)	297	6016
HA|PP755589.1|A/cattle/Texas/24-008749-003/2024(H5N1)	298	5969
HA|PP755589.1|A/cattle/Texas/24-008749-003/2024(H5N1)	299	6228
HA|PP755589.1|A/cattle/Texas/24-008749-003/2024(H5N1)	300	6227
HA|PP755589.1|A/cattle/Texas/24-008749-003/2024(H5N1)	301	6260
HA|PP755589.1|A/cattle/Texas/24-008749-003/2024(H5N1)	302	6284
HA|PP755589.1|A/cattle/Texas/24-008749-003/2024(H5N1)	303	6171
HA|PP755589.1|A/cattle/Texas/24-008749-003/2024(H5N1)	304	6291
HA|PP755589.1|A/cattle/Texas/24-008749-003/2024(H5N1)	305	6521
HA|PP755589.1|A/cattle/Texas/24-008749-003/2024(H5N1)	306	6530
HA|PP755589.1|A/cattle/Texas/24-008749-003/2024(H5N1)	307	6559
HA|PP755589.1|A/cattle/Texas/24-008749-003/2024(H5N1)	308	6534
HA|PP755589.1|A/cattle/Texas/24-008749-003/2024(H5N1)	309	6568
HA|PP755589.1|A/cattle/Texas/24-008749-003/2024(H5N1)	310	6553
HA|PP755589.1|A/cattle/Texas/24-008749-003/2024(H5N1)	311	6791
HA|PP755589.1|A/cattle/Texas/24-008749-003/2024(H5N1)	312	6766
HA|PP755589.1|A/cattle/Texas/24-008749-003/2024(H5N1)	313	6731
HA|PP755589.1|A/cattle/Texas/24-008749-003/2024(H5N1)	314	6886
HA|PP755589.1|A/cattle/Texas/24-008749-003/2024(H5N1)	315	7269
HA|PP755589.1|A/cattle/Texas/24-008749-003/2024(H5N1)	316	7258
HA|PP755589.1|A/cattle/Texas/24-008749-003/2024(H5N1)	317	7302
HA|PP755589.1|A/cattle/Texas/24-008749-003/2024(H5N1)	318	7311
HA|PP755589.1|A/cattle/Texas/24-008749-003/2024(H5N1)	319	7385
HA|PP755589.1|A/cattle/Texas/24-008749-003/2024(H5N1)	320	7559
HA|PP755589.1|A/cattle/Texas/24-008749-003/2024(H5N1)	321	7549
HA|PP755589.1|A/cattle/Texas/24-008749-003/2024(H5N1)	322	7547
HA|PP755589.1|A/cattle/Texas/24-008749-003/2024(H5N1)	323	7440
HA|PP755589.1|A/cattle/Texas/24-008749-003/2024(H5N1)	324	6968
HA|PP755589.1|A/cattle/Texas/24-008749-003/2024(H5N1)	325	6983
HA|PP755589.1|A/cattle/Texas/24-008749-003/2024(H5N1)	326	6875
HA|PP755589.1|A/cattle/Texas/24-008749-003/2024(H5N1)	327	6868
HA|PP755589.1|A/cattle/Texas/24-008749-003/2024(H5N1)	328	6782
HA|PP755589.1|A/cattle/Texas/24-008749-003/2024(H5N1)	329	6785
HA|PP755589.1|A/cattle/Texas/24-008749-003/2024(H5N1)	330	6784
HA|PP755589.1|A/cattle/Texas/24-008749-003/2024(H5N1)	331	6843
HA|PP755589.1|A/cattle/Texas/24-008749-003/2024(H5N1)	332	6833
HA|PP755589.1|A/cattle/Texas/24-008749-003/2024(H5N1)	333	6848
HA|PP755589.1|A/cattle/Texas/24-008749-003/2024(H5N1)	334	6839
HA|PP755589.1|A/cattle/Texas/24-008749-003/2024(H5N1)	335	6848
HA|PP755589.1|A/cattle/Texas/24-008749-003/2024(H5N1)	336	6801
HA|PP755589.1|A/cattle/Texas/24-008749-003/2024(H5N1)	337	6798
HA|PP755589.1|A/cattle/Texas/24-008749-003/2024(H5N1)	338	6687
HA|PP755589.1|A/cattle/Texas/24-008749-003/2024(H5N1)	339	6699
HA|PP755589.1|A/cattle/Texas/24-008749-003/2024(H5N1)	340	6673
HA|PP755589.1|A/cattle/Texas/24-008749-003/2024(H5N1)	341	6686
HA|PP755589.1|A/cattle/Texas/24-008749-003/2024(H5N1)	342	6697
HA|PP755589.1|A/cattle/Texas/24-008749-003/2024(H5N1)	343	6697
HA|PP755589.1|A/cattle/Texas/24-008749-003/2024(H5N1)	344	6693
HA|PP755589.1|A/cattle/Texas/24-008749-003/2024(H5N1)	345	6686
HA|PP755589.1|A/cattle/Texas/24-008749-003/2024(H5N1)	346	6747
HA|PP755589.1|A/cattle/Texas/24-008749-003/2024(H5N1)	347	6863
HA|PP755589.1|A/cattle/Texas/24-008749-003/2024(H5N1)	348	6837
HA|PP755589.1|A/cattle/Texas/24-008749-003/2024(H5N1)	349	6883
HA|PP755589.1|A/cattle/Texas/24-008749-003/2024(H5N1)	350	6843
HA|PP755589.1|A/cattle/Texas/24-008749-003/2024(H5N1)	351	6853
HA|PP755589.1|A/cattle/Texas/24-008749-003/2024(H5N1)	352	6870
HA|PP755589.1|A/cattle/Texas/24-008749-003/2024(H5N1)	353	6873
HA|PP755589.1|A/cattle/Texas/24-008749-003/2024(H5N1)	354	6873
HA|PP755589.1|A/cattle/Texas/24-008749-003/2024(H5N1)	355	6843
HA|PP755589.1|A/cattle/Texas/24-008749-003/2024(H5N1)	356	6834
HA|PP755589.1|A/cattle/Texas/24-008749-003/2024(H5N1)	357	6773
HA|PP755589.1|A/cattle/Texas/24-008749-003/2024(H5N1)	358	6653
HA|PP755589.1|A/cattle/Texas/24-008749-003/2024(H5N1)	359	6641
HA|PP755589.1|A/cattle/Texas/24-008749-003/2024(H5N1)	360	6701
HA|PP755589.1|A/cattle/Texas/24-008749-003/2024(H5N1)	361	6701
HA|PP755589.1|A/cattle/Texas/24-008749-003/2024(H5N1)	362	6699
HA|PP755589.1|A/cattle/Texas/24-008749-003/2024(H5N1)	363	6706
HA|PP755589.1|A/cattle/Texas/24-008749-003/2024(H5N1)	364	6624
HA|PP755589.1|A/cattle/Texas/24-008749-003/2024(H5N1)	365	6624
HA|PP755589.1|A/cattle/Texas/24-008749-003/2024(H5N1)	366	6589
HA|PP755589.1|A/cattle/Texas/24-008749-003/2024(H5N1)	367	6495
HA|PP755589.1|A/cattle/Texas/24-008749-003/2024(H5N1)	368	6761
HA|PP755589.1|A/cattle/Texas/24-008749-003/2024(H5N1)	369	6719
HA|PP755589.1|A/cattle/Texas/24-008749-003/2024(H5N1)	370	6924
HA|PP755589.1|A/cattle/Texas/24-008749-003/2024(H5N1)	371	6929
HA|PP755589.1|A/cattle/Texas/24-008749-003/2024(H5N1)	372	6883
HA|PP755589.1|A/cattle/Texas/24-008749-003/2024(H5N1)	373	6885
HA|PP755589.1|A/cattle/Texas/24-008749-003/2024(H5N1)	374	6903
HA|PP755589.1|A/cattle/Texas/24-008749-003/2024(H5N1)	375	6902
HA|PP755589.1|A/cattle/Texas/24-008749-003/2024(H5N1)	376	6905
HA|PP755589.1|A/cattle/Texas/24-008749-003/2024(H5N1)	377	6694
HA|PP755589.1|A/cattle/Texas/24-008749-003/2024(H5N1)	378	6692
HA|PP755589.1|A/cattle/Texas/24-008749-003/2024(H5N1)	379	6687
HA|PP755589.1|A/cattle/Texas/24-008749-003/2024(H5N1)	380	6689
HA|PP755589.1|A/cattle/Texas/24-008749-003/2024(H5N1)	381	6689
HA|PP755589.1|A/cattle/Texas/24-008749-003/2024(H5N1)	382	6703
HA|PP755589.1|A/cattle/Texas/24-008749-003/2024(H5N1)	383	6779
HA|PP755589.1|A/cattle/Texas/24-008749-003/2024(H5N1)	384	6780
HA|PP755589.1|A/cattle/Texas/24-008749-003/2024(H5N1)	385	6773
HA|PP755589.1|A/cattle/Texas/24-008749-003/2024(H5N1)	386	6769
HA|PP755589.1|A/cattle/Texas/24-008749-003/2024(H5N1)	387	6808
HA|PP755589.1|A/cattle/Texas/24-008749-003/2024(H5N1)	388	6959
HA|PP755589.1|A/cattle/Texas/24-008749-003/2024(H5N1)	389	6949
HA|PP755589.1|A/cattle/Texas/24-008749-003/2024(H5N1)	390	6951
HA|PP755589.1|A/cattle/Texas/24-008749-003/2024(H5N1)	391	6921
HA|PP755589.1|A/cattle/Texas/24-008749-003/2024(H5N1)	392	6899
HA|PP755589.1|A/cattle/Texas/24-008749-003/2024(H5N1)	393	6946
HA|PP755589.1|A/cattle/Texas/24-008749-003/2024(H5N1)	394	7069
HA|PP755589.1|A/cattle/Texas/24-008749-003/2024(H5N1)	395	7073
HA|PP755589.1|A/cattle/Texas/24-008749-003/2024(H5N1)	396	7039
HA|PP755589.1|A/cattle/Texas/24-008749-003/2024(H5N1)	397	6938
HA|PP755589.1|A/cattle/Texas/24-008749-003/2024(H5N1)	398	7241
HA|PP755589.1|A/cattle/Texas/24-008749-003/2024(H5N1)	399	7402
HA|PP755589.1|A/cattle/Texas/24-008749-003/2024(H5N1)	400	7408
HA|PP755589.1|A/cattle/Texas/24-008749-003/2024(H5N1)	401	7408
HA|PP755589.1|A/cattle/Texas/24-008749-003/2024(H5N1)	402	7401
HA|PP755589.1|A/cattle/Texas/24-008749-003/2024(H5N1)	403	7404
HA|PP755589.1|A/cattle/Texas/24-008749-003/2024(H5N1)	404	7379
HA|PP755589.1|A/cattle/Texas/24-008749-003/2024(H5N1)	405	7394
HA|PP755589.1|A/cattle/Texas/24-008749-003/2024(H5N1)	406	7310
HA|PP755589.1|A/cattle/Texas/24-008749-003/2024(H5N1)	407	7334
HA|PP755589.1|A/cattle/Texas/24-008749-003/2024(H5N1)	408	7106
HA|PP755589.1|A/cattle/Texas/24-008749-003/2024(H5N1)	409	7094
HA|PP755589.1|A/cattle/Texas/24-008749-003/2024(H5N1)	410	7095
HA|PP755589.1|A/cattle/Texas/24-008749-003/2024(H5N1)	411	7047
HA|PP755589.1|A/cattle/Texas/24-008749-003/2024(H5N1)	412	7050
HA|PP755589.1|A/cattle/Texas/24-008749-003/2024(H5N1)	413	7101
HA|PP755589.1|A/cattle/Texas/24-008749-003/2024(H5N1)	414	7086
HA|PP755589.1|A/cattle/Texas/24-008749-003/2024(H5N1)	415	6922
HA|PP755589.1|A/cattle/Texas/24-008749-003/2024(H5N1)	416	6903
HA|PP755589.1|A/cattle/Texas/24-008749-003/2024(H5N1)	417	6904
HA|PP755589.1|A/cattle/Texas/24-008749-003/2024(H5N1)	418	6910
HA|PP755589.1|A/cattle/Texas/24-008749-003/2024(H5N1)	419	6988
HA|PP755589.1|A/cattle/Texas/24-008749-003/2024(H5N1)	420	7015
HA|PP755589.1|A/cattle/Texas/24-008749-003/2024(H5N1)	421	7209
HA|PP755589.1|A/cattle/Texas/24-008749-003/2024(H5N1)	422	7164
HA|PP755589.1|A/cattle/Texas/24-008749-003/2024(H5N1)	423	7189
HA|PP755589.1|A/cattle/Texas/24-008749-003/2024(H5N1)	424	7191
HA|PP755589.1|A/cattle/Texas/24-008749-003/2024(H5N1)	425	7205
HA|PP755589.1|A/cattle/Texas/24-008749-003/2024(H5N1)	426	7186
HA|PP755589.1|A/cattle/Texas/24-008749-003/2024(H5N1)	427	6525
HA|PP755589.1|A/cattle/Texas/24-008749-003/2024(H5N1)	428	6589
HA|PP755589.1|A/cattle/Texas/24-008749-003/2024(H5N1)	429	6617
HA|PP755589.1|A/cattle/Texas/24-008749-003/2024(H5N1)	430	6622
HA|PP755589.1|A/cattle/Texas/24-008749-003/2024(H5N1)	431	6885
HA|PP755589.1|A/cattle/Texas/24-008749-003/2024(H5N1)	432	6897
HA|PP755589.1|A/cattle/Texas/24-008749-003/2024(H5N1)	433	6937
HA|PP755589.1|A/cattle/Texas/24-008749-003/2024(H5N1)	434	6925
HA|PP755589.1|A/cattle/Texas/24-008749-003/2024(H5N1)	435	6920
HA|PP755589.1|A/cattle/Texas/24-008749-003/2024(H5N1)	436	6947
HA|PP755589.1|A/cattle/Texas/24-008749-003/2024(H5N1)	437	7002
HA|PP755589.1|A/cattle/Texas/24-008749-003/2024(H5N1)	438	7056
HA|PP755589.1|A/cattle/Texas/24-008749-003/2024(H5N1)	439	7051
HA|PP755589.1|A/cattle/Texas/24-008749-003/2024(H5N1)	440	6591
HA|PP755589.1|A/cattle/Texas/24-008749-003/2024(H5N1)	441	6626
HA|PP755589.1|A/cattle/Texas/24-008749-003/2024(H5N1)	442	6540
HA|PP755589.1|A/cattle/Texas/24-008749-003/2024(H5N1)	443	6547
HA|PP755589.1|A/cattle/Texas/24-008749-003/2024(H5N1)	444	6509
HA|PP755589.1|A/cattle/Texas/24-008749-003/2024(H5N1)	445	6452
HA|PP755589.1|A/cattle/Texas/24-008749-003/2024(H5N1)	446	6529
HA|PP755589.1|A/cattle/Texas/24-008749-003/2024(H5N1)	447	6400
HA|PP755589.1|A/cattle/Texas/24-008749-003/2024(H5N1)	448	6411
HA|PP755589.1|A/cattle/Texas/24-008749-003/2024(H5N1)	449	6332
HA|PP755589.1|A/cattle/Texas/24-008749-003/2024(H5N1)	450	6276
HA|PP755589.1|A/cattle/Texas/24-008749-003/2024(H5N1)	451	6306
HA|PP755589.1|A/cattle/Texas/24-008749-003/2024(H5N1)	452	6550
HA|PP755589.1|A/cattle/Texas/24-008749-003/2024(H5N1)	453	6564
HA|PP755589.1|A/cattle/Texas/24-008749-003/2024(H5N1)	454	6728
HA|PP755589.1|A/cattle/Texas/24-008749-003/2024(H5N1)	455	6569
HA|PP755589.1|A/cattle/Texas/24-008749-003/2024(H5N1)	456	6763
HA|PP755589.1|A/cattle/Texas/24-008749-003/2024(H5N1)	457	6789
HA|PP755589.1|A/cattle/Texas/24-008749-003/2024(H5N1)	458	6802
HA|PP755589.1|A/cattle/Texas/24-008749-003/2024(H5N1)	459	6832
HA|PP755589.1|A/cattle/Texas/24-008749-003/2024(H5N1)	460	6764
HA|PP755589.1|A/cattle/Texas/24-008749-003/2024(H5N1)	461	6348
HA|PP755589.1|A/cattle/Texas/24-008749-003/2024(H5N1)	462	6355
HA|PP755589.1|A/cattle/Texas/24-008749-003/2024(H5N1)	463	6348
HA|PP755589.1|A/cattle/Texas/24-008749-003/2024(H5N1)	464	6350
HA|PP755589.1|A/cattle/Texas/24-008749-003/2024(H5N1)	465	6013
HA|PP755589.1|A/cattle/Texas/24-008749-003/2024(H5N1)	466	5843
HA|PP755589.1|A/cattle/Texas/24-008749-003/2024(H5N1)	467	5854
HA|PP755589.1|A/cattle/Texas/24-008749-003/2024(H5N1)	468	5834
HA|PP755589.1|A/cattle/Texas/24-008749-003/2024(H5N1)	469	5817
HA|PP755589.1|A/cattle/Texas/24-008749-003/2024(H5N1)	470	5716
HA|PP755589.1|A/cattle/Texas/24-008749-003/2024(H5N1)	471	5713
HA|PP755589.1|A/cattle/Texas/24-008749-003/2024(H5N1)	472	5697
HA|PP755589.1|A/cattle/Texas/24-008749-003/2024(H5N1)	473	5706
HA|PP755589.1|A/cattle/Texas/24-008749-003/2024(H5N1)	474	5709
HA|PP755589.1|A/cattle/Texas/24-008749-003/2024(H5N1)	475	5690
HA|PP755589.1|A/cattle/Texas/24-008749-003/2024(H5N1)	476	5701
HA|PP755589.1|A/cattle/Texas/24-008749-003/2024(H5N1)	477	5707
HA|PP755589.1|A/cattle/Texas/24-008749-003/2024(H5N1)	478	5704
HA|PP755589.1|A/cattle/Texas/24-008749-003/2024(H5N1)	479	5714
HA|PP755589.1|A/cattle/Texas/24-008749-003/2024(H5N1)	480	5646
HA|PP755589.1|A/cattle/Texas/24-008749-003/2024(H5N1)	481	5637
HA|PP755589.1|A/cattle/Texas/24-008749-003/2024(H5N1)	482	5641
HA|PP755589.1|A/cattle/Texas/24-008749-003/2024(H5N1)	483	5647
HA|PP755589.1|A/cattle/Texas/24-008749-003/2024(H5N1)	484	5665
HA|PP755589.1|A/cattle/Texas/24-008749-003/2024(H5N1)	485	5684
HA|PP755589.1|A/cattle/Texas/24-008749-003/2024(H5N1)	486	5678
HA|PP755589.1|A/cattle/Texas/24-008749-003/2024(H5N1)	487	5736
HA|PP755589.1|A/cattle/Texas/24-008749-003/2024(H5N1)	488	5729
HA|PP755589.1|A/cattle/Texas/24-008749-003/2024(H5N1)	489	5766
HA|PP755589.1|A/cattle/Texas/24-008749-003/2024(H5N1)	490	5779
HA|PP755589.1|A/cattle/Texas/24-008749-003/2024(H5N1)	491	5755
HA|PP755589.1|A/cattle/Texas/24-008749-003/2024(H5N1)	492	5748
HA|PP755589.1|A/cattle/Texas/24-008749-003/2024(H5N1)	493	5758
HA|PP755589.1|A/cattle/Texas/24-008749-003/2024(H5N1)	494	5768
HA|PP755589.1|A/cattle/Texas/24-008749-003/2024(H5N1)	495	5805
HA|PP755589.1|A/cattle/Texas/24-008749-003/2024(H5N1)	496	5707
HA|PP755589.1|A/cattle/Texas/24-008749-003/2024(H5N1)	497	5688
HA|PP755589.1|A/cattle/Texas/24-008749-003/2024(H5N1)	498	5614
HA|PP755589.1|A/cattle/Texas/24-008749-003/2024(H5N1)	499	5605
HA|PP755589.1|A/cattle/Texas/24-008749-003/2024(H5N1)	500	5557
HA|PP755589.1|A/cattle/Texas/24-008749-003/2024(H5N1)	501	5549
HA|PP755589.1|A/cattle/Texas/24-008749-003/2024(H5N1)	502	5544
HA|PP755589.1|A/cattle/Texas/24-008749-003/2024(H5N1)	503	5516
HA|PP755589.1|A/cattle/Texas/24-008749-003/2024(H5N1)	504	5516
HA|PP755589.1|A/cattle/Texas/24-008749-003/2024(H5N1)	505	5519
HA|PP755589.1|A/cattle/Texas/24-008749-003/2024(H5N1)	506	5477
HA|PP755589.1|A/cattle/Texas/24-008749-003/2024(H5N1)	507	5513
HA|PP755589.1|A/cattle/Texas/24-008749-003/2024(H5N1)	508	5468
HA|PP755589.1|A/cattle/Texas/24-008749-003/2024(H5N1)	509	5454
HA|PP755589.1|A/cattle/Texas/24-008749-003/2024(H5N1)	510	5418
HA|PP755589.1|A/cattle/Texas/24-008749-003/2024(H5N1)	511	5418
HA|PP755589.1|A/cattle/Texas/24-008749-003/2024(H5N1)	512	5642
HA|PP755589.1|A/cattle/Texas/24-008749-003/2024(H5N1)	513	5656
HA|PP755589.1|A/cattle/Texas/24-008749-003/2024(H5N1)	514	5631
HA|PP755589.1|A/cattle/Texas/24-008749-003/2024(H5N1)	515	5630
HA|PP755589.1|A/cattle/Texas/24-008749-003/2024(H5N1)	516	5625
HA|PP755589.1|A/cattle/Texas/24-008749-003/2024(H5N1)	517	5711
HA|PP755589.1|A/cattle/Texas/24-008749-003/2024(H5N1)	518	5703
HA|PP755589.1|A/cattle/Texas/24-008749-003/2024(H5N1)	519	5588
HA|PP755589.1|A/cattle/Texas/24-008749-003/2024(H5N1)	520	5561
HA|PP755589.1|A/cattle/Texas/24-008749-003/2024(H5N1)	521	5317
HA|PP755589.1|A/cattle/Texas/24-008749-003/2024(H5N1)	522	5296
HA|PP755589.1|A/cattle/Texas/24-008749-003/2024(H5N1)	523	5306
HA|PP755589.1|A/cattle/Texas/24-008749-003/2024(H5N1)	524	5481
HA|PP755589.1|A/cattle/Texas/24-008749-003/2024(H5N1)	525	5418
HA|PP755589.1|A/cattle/Texas/24-008749-003/2024(H5N1)	526	5429
HA|PP755589.1|A/cattle/Texas/24-008749-003/2024(H5N1)	527	5435
HA|PP755589.1|A/cattle/Texas/24-008749-003/2024(H5N1)	528	5375
HA|PP755589.1|A/cattle/Texas/24-008749-003/2024(H5N1)	529	5416
HA|PP755589.1|A/cattle/Texas/24-008749-003/2024(H5N1)	530	5426
HA|PP755589.1|A/cattle/Texas/24-008749-003/2024(H5N1)	531	5434
HA|PP755589.1|A/cattle/Texas/24-008749-003/2024(H5N1)	532	5414
HA|PP755589.1|A/cattle/Texas/24-008749-003/2024(H5N1)	533	5302
HA|PP755589.1|A/cattle/Texas/24-008749-003/2024(H5N1)	534	5311
HA|PP755589.1|A/cattle/Texas/24-008749-003/2024(H5N1)	535	5400
HA|PP755589.1|A/cattle/Texas/24-008749-003/2024(H5N1)	536	5518
HA|PP755589.1|A/cattle/Texas/24-008749-003/2024(H5N1)	537	5472
HA|PP755589.1|A/cattle/Texas/24-008749-003/2024(H5N1)	538	5477
HA|PP755589.1|A/cattle/Texas/24-008749-003/2024(H5N1)	539	5465
HA|PP755589.1|A/cattle/Texas/24-008749-003/2024(H5N1)	540	5781
HA|PP755589.1|A/cattle/Texas/24-008749-003/2024(H5N1)	541	5777
HA|PP755589.1|A/cattle/Texas/24-008749-003/2024(H5N1)	542	5796
HA|PP755589.1|A/cattle/Texas/24-008749-003/2024(H5N1)	543	5797
HA|PP755589.1|A/cattle/Texas/24-008749-003/2024(H5N1)	544	5646
HA|PP755589.1|A/cattle/Texas/24-008749-003/2024(H5N1)	545	5623
HA|PP755589.1|A/cattle/Texas/24-008749-003/2024(H5N1)	546	5594
HA|PP755589.1|A/cattle/Texas/24-008749-003/2024(H5N1)	547	5609
HA|PP755589.1|A/cattle/Texas/24-008749-003/2024(H5N1)	548	5555
HA|PP755589.1|A/cattle/Texas/24-008749-003/2024(H5N1)	549	5138
HA|PP755589.1|A/cattle/Texas/24-008749-003/2024(H5N1)	550	5130
HA|PP755589.1|A/cattle/Texas/24-008749-003/2024(H5N1)	551	5133
HA|PP755589.1|A/cattle/Texas/24-008749-003/2024(H5N1)	552	5136
HA|PP755589.1|A/cattle/Texas/24-008749-003/2024(H5N1)	553	5131
HA|PP755589.1|A/cattle/Texas/24-008749-003/2024(H5N1)	554	5141
HA|PP755589.1|A/cattle/Texas/24-008749-003/2024(H5N1)	555	5168
HA|PP755589.1|A/cattle/Texas/24-008749-003/2024(H5N1)	556	5169
HA|PP755589.1|A/cattle/Texas/24-008749-003/2024(H5N1)	557	5168
HA|PP755589.1|A/cattle/Texas/24-008749-003/2024(H5N1)	558	5143
HA|PP755589.1|A/cattle/Texas/24-008749-003/2024(H5N1)	559	5186
HA|PP755589.1|A/cattle/Texas/24-008749-003/2024(H5N1)	560	5209
HA|PP755589.1|A/cattle/Texas/24-008749-003/2024(H5N1)	561	5311
HA|PP755589.1|A/cattle/Texas/24-008749-003/2024(H5N1)	562	5396
HA|PP755589.1|A/cattle/Texas/24-008749-003/2024(H5N1)	563	5496
HA|PP755589.1|A/cattle/Texas/24-008749-003/2024(H5N1)	564	5595
HA|PP755589.1|A/cattle/Texas/24-008749-003/2024(H5N1)	565	5588
HA|PP755589.1|A/cattle/Texas/24-008749-003/2024(H5N1)	566	5597
HA|PP755589.1|A/cattle/Texas/24-008749-003/2024(H5N1)	567	5606
HA|PP755589.1|A/cattle/Texas/24-008749-003/2024(H5N1)	568	5584
HA|PP755589.1|A/cattle/Texas/24-008749-003/2024(H5N1)	569	5576
HA|PP755589.1|A/cattle/Texas/24-008749-003/2024(H5N1)	570	5488
HA|PP755589.1|A/cattle/Texas/24-008749-003/2024(H5N1)	571	5510
HA|PP755589.1|A/cattle/Texas/24-008749-003/2024(H5N1)	572	5374
HA|PP755589.1|A/cattle/Texas/24-008749-003/2024(H5N1)	573	5575
HA|PP755589.1|A/cattle/Texas/24-008749-003/2024(H5N1)	574	5525
HA|PP755589.1|A/cattle/Texas/24-008749-003/2024(H5N1)	575	5530
HA|PP755589.1|A/cattle/Texas/24-008749-003/2024(H5N1)	576	5554
HA|PP755589.1|A/cattle/Texas/24-008749-003/2024(H5N1)	577	5482
HA|PP755589.1|A/cattle/Texas/24-008749-003/2024(H5N1)	578	5587
HA|PP755589.1|A/cattle/Texas/24-008749-003/2024(H5N1)	579	5486
HA|PP755589.1|A/cattle/Texas/24-008749-003/2024(H5N1)	580	5480
HA|PP755589.1|A/cattle/Texas/24-008749-003/2024(H5N1)	581	5470
HA|PP755589.1|A/cattle/Texas/24-008749-003/2024(H5N1)	582	5069
HA|PP755589.1|A/cattle/Texas/24-008749-003/2024(H5N1)	583	5042
HA|PP755589.1|A/cattle/Texas/24-008749-003/2024(H5N1)	584	5034
HA|PP755589.1|A/cattle/Texas/24-008749-003/2024(H5N1)	585	5146
HA|PP755589.1|A/cattle/Texas/24-008749-003/2024(H5N1)	586	5109
HA|PP755589.1|A/cattle/Texas/24-008749-003/2024(H5N1)	587	5013
HA|PP755589.1|A/cattle/Texas/24-008749-003/2024(H5N1)	588	5088
HA|PP755589.1|A/cattle/Texas/24-008749-003/2024(H5N1)	589	5041
HA|PP755589.1|A/cattle/Texas/24-008749-003/2024(H5N1)	590	5226
HA|PP755589.1|A/cattle/Texas/24-008749-003/2024(H5N1)	591	5238
HA|PP755589.1|A/cattle/Texas/24-008749-003/2024(H5N1)	592	5218
HA|PP755589.1|A/cattle/Texas/24-008749-003/2024(H5N1)	593	5223
HA|PP755589.1|A/cattle/Texas/24-008749-003/2024(H5N1)	594	5255
HA|PP755589.1|A/cattle/Texas/24-008749-003/2024(H5N1)	595	5194
HA|PP755589.1|A/cattle/Texas/24-008749-003/2024(H5N1)	596	5409
HA|PP755589.1|A/cattle/Texas/24-008749-003/2024(H5N1)	597	5253
HA|PP755589.1|A/cattle/Texas/24-008749-003/2024(H5N1)	598	5285
HA|PP755589.1|A/cattle/Texas/24-008749-003/2024(H5N1)	599	5303
HA|PP755589.1|A/cattle/Texas/24-008749-003/2024(H5N1)	600	5257
HA|PP755589.1|A/cattle/Texas/24-008749-003/2024(H5N1)	601	5277
HA|PP755589.1|A/cattle/Texas/24-008749-003/2024(H5N1)	602	5325
HA|PP755589.1|A/cattle/Texas/24-008749-003/2024(H5N1)	603	5180
HA|PP755589.1|A/cattle/Texas/24-008749-003/2024(H5N1)	604	5231
HA|PP755589.1|A/cattle/Texas/24-008749-003/2024(H5N1)	605	4975
HA|PP755589.1|A/cattle/Texas/24-008749-003/2024(H5N1)	606	4987
HA|PP755589.1|A/cattle/Texas/24-008749-003/2024(H5N1)	607	4868
HA|PP755589.1|A/cattle/Texas/24-008749-003/2024(H5N1)	608	4877
HA|PP755589.1|A/cattle/Texas/24-008749-003/2024(H5N1)	609	4899
HA|PP755589.1|A/cattle/Texas/24-008749-003/2024(H5N1)	610	4899
HA|PP755589.1|A/cattle/Texas/24-008749-003/2024(H5N1)	611	4938
HA|PP755589.1|A/cattle/Texas/24-008749-003/2024(H5N1)	612	4964
HA|PP755589.1|A/cattle/Texas/24-008749-003/2024(H5N1)	613	4911
HA|PP755589.1|A/cattle/Texas/24-008749-003/2024(H5N1)	614	4907
HA|PP755589.1|A/cattle/Texas/24-008749-003/2024(H5N1)	615	4892
HA|PP755589.1|A/cattle/Texas/24-008749-003/2024(H5N1)	616	5015
HA|PP755589.1|A/cattle/Texas/24-008749-003/2024(H5N1)	617	4981
HA|PP755589.1|A/cattle/Texas/24-008749-003/2024(H5N1)	618	4969
HA|PP755589.1|A/cattle/Texas/24-008749-003/2024(H5N1)	619	4969
HA|PP755589.1|A/cattle/Texas/24-008749-003/2024(H5N1)	620	5003
HA|PP755589.1|A/cattle/Texas/24-008749-003/2024(H5N1)	621	5002
HA|PP755589.1|A/cattle/Texas/24-008749-003/2024(H5N1)	622	4991
HA|PP755589.1|A/cattle/Texas/24-008749-003/2024(H5N1)	623	4990
HA|PP755589.1|A/cattle/Texas/24-008749-003/2024(H5N1)	624	5006
HA|PP755589.1|A/cattle/Texas/24-008749-003/2024(H5N1)	625	5011
HA|PP755589.1|A/cattle/Texas/24-008749-003/2024(H5N1)	626	5048
HA|PP755589.1|A/cattle/Texas/24-008749-003/2024(H5N1)	627	5049
HA|PP755589.1|A/cattle/Texas/24-008749-003/2024(H5N1)	628	5046
HA|PP755589.1|A/cattle/Texas/24-008749-003/2024(H5N1)	629	5021
HA|PP755589.1|A/cattle/Texas/24-008749-003/2024(H5N1)	630	5008
HA|PP755589.1|A/cattle/Texas/24-008749-003/2024(H5N1)	631	5040
HA|PP755589.1|A/cattle/Texas/24-008749-003/2024(H5N1)	632	5059
HA|PP755589.1|A/cattle/Texas/24-008749-003/2024(H5N1)	633	5100
HA|PP755589.1|A/cattle/Texas/24-008749-003/2024(H5N1)	634	5146
HA|PP755589.1|A/cattle/Texas/24-008749-003/2024(H5N1)	635	5232
HA|PP755589.1|A/cattle/Texas/24-008749-003/2024(H5N1)	636	5232
HA|PP755589.1|A/cattle/Texas/24-008749-003/2024(H5N1)	637	5233
HA|PP755589.1|A/cattle/Texas/24-008749-003/2024(H5N1)	638	5289
HA|PP755589.1|A/cattle/Texas/24-008749-003/2024(H5N1)	639	5289
HA|PP755589.1|A/cattle/Texas/24-008749-003/2024(H5N1)	640	5262
HA|PP755589.1|A/cattle/Texas/24-008749-003/2024(H5N1)	641	5263
HA|PP755589.1|A/cattle/Texas/24-008749-003/2024(H5N1)	642	5216
HA|PP755589.1|A/cattle/Texas/24-008749-003/2024(H5N1)	643	5191
HA|PP755589.1|A/cattle/Texas/24-008749-003/2024(H5N1)	644	5133
HA|PP755589.1|A/cattle/Texas/24-008749-003/2024(H5N1)	645	5084
HA|PP755589.1|A/cattle/Texas/24-008749-003/2024(H5N1)	646	5097
HA|PP755589.1|A/cattle/Texas/24-008749-003/2024(H5N1)	647	5059
HA|PP755589.1|A/cattle/Texas/24-008749-003/2024(H5N1)	648	5036
HA|PP755589.1|A/cattle/Texas/24-008749-003/2024(H5N1)	649	5033
HA|PP755589.1|A/cattle/Texas/24-008749-003/2024(H5N1)	650	5061
HA|PP755589.1|A/cattle/Texas/24-008749-003/2024(H5N1)	651	5203
HA|PP755589.1|A/cattle/Texas/24-008749-003/2024(H5N1)	652	5241
HA|PP755589.1|A/cattle/Texas/24-008749-003/2024(H5N1)	653	5267
HA|PP755589.1|A/cattle/Texas/24-008749-003/2024(H5N1)	654	5279
HA|PP755589.1|A/cattle/Texas/24-008749-003/2024(H5N1)	655	5279
HA|PP755589.1|A/cattle/Texas/24-008749-003/2024(H5N1)	656	5299
HA|PP755589.1|A/cattle/Texas/24-008749-003/2024(H5N1)	657	5359
HA|PP755589.1|A/cattle/Texas/24-008749-003/2024(H5N1)	658	5406
HA|PP755589.1|A/cattle/Texas/24-008749-003/2024(H5N1)	659	5561
HA|PP755589.1|A/cattle/Texas/24-008749-003/2024(H5N1)	660	5533
HA|PP755589.1|A/cattle/Texas/24-008749-003/2024(H5N1)	661	5536
HA|PP755589.1|A/cattle/Texas/24-008749-003/2024(H5N1)	662	5496
HA|PP755589.1|A/cattle/Texas/24-008749-003/2024(H5N1)	663	5373
HA|PP755589.1|A/cattle/Texas/24-008749-003/2024(H5N1)	664	5430
HA|PP755589.1|A/cattle/Texas/24-008749-003/2024(H5N1)	665	5449
HA|PP755589.1|A/cattle/Texas/24-008749-003/2024(H5N1)	666	5465
HA|PP755589.1|A/cattle/Texas/24-008749-003/2024(H5N1)	667	5401
HA|PP755589.1|A/cattle/Texas/24-008749-003/2024(H5N1)	668	5208
HA|PP755589.1|A/cattle/Texas/24-008749-003/2024(H5N1)	669	5236
HA|PP755589.1|A/cattle/Texas/24-008749-003/2024(H5N1)	670	5213
HA|PP755589.1|A/cattle/Texas/24-008749-003/2024(H5N1)	671	5333
HA|PP755589.1|A/cattle/Texas/24-008749-003/2024(H5N1)	672	5332
HA|PP755589.1|A/cattle/Texas/24-008749-003/2024(H5N1)	673	5267
HA|PP755589.1|A/cattle/Texas/24-008749-003/2024(H5N1)	674	5236
HA|PP755589.1|A/cattle/Texas/24-008749-003/2024(H5N1)	675	5088
HA|PP755589.1|A/cattle/Texas/24-008749-003/2024(H5N1)	676	5146
HA|PP755589.1|A/cattle/Texas/24-008749-003/2024(H5N1)	677	5135
HA|PP755589.1|A/cattle/Texas/24-008749-003/2024(H5N1)	678	5139
HA|PP755589.1|A/cattle/Texas/24-008749-003/2024(H5N1)	679	5156
HA|PP755589.1|A/cattle/Texas/24-008749-003/2024(H5N1)	680	5024
HA|PP755589.1|A/cattle/Texas/24-008749-003/2024(H5N1)	681	5050
HA|PP755589.1|A/cattle/Texas/24-008749-003/2024(H5N1)	682	5066
HA|PP755589.1|A/cattle/Texas/24-008749-003/2024(H5N1)	683	5076
HA|PP755589.1|A/cattle/Texas/24-008749-003/2024(H5N1)	684	5078
HA|PP755589.1|A/cattle/Texas/24-008749-003/2024(H5N1)	685	5056
HA|PP755589.1|A/cattle/Texas/24-008749-003/2024(H5N1)	686	5027
HA|PP755589.1|A/cattle/Texas/24-008749-003/2024(H5N1)	687	4929
HA|PP755589.1|A/cattle/Texas/24-008749-003/2024(H5N1)	688	4926
HA|PP755589.1|A/cattle/Texas/24-008749-003/2024(H5N1)	689	4770
HA|PP755589.1|A/cattle/Texas/24-008749-003/2024(H5N1)	690	4770
HA|PP755589.1|A/cattle/Texas/24-008749-003/2024(H5N1)	691	4926
HA|PP755589.1|A/cattle/Texas/24-008749-003/2024(H5N1)	692	4917
HA|PP755589.1|A/cattle/Texas/24-008749-003/2024(H5N1)	693	4916
HA|PP755589.1|A/cattle/Texas/24-008749-003/2024(H5N1)	694	4909
HA|PP755589.1|A/cattle/Texas/24-008749-003/2024(H5N1)	695	4924
HA|PP755589.1|A/cattle/Texas/24-008749-003/2024(H5N1)	696	4974
HA|PP755589.1|A/cattle/Texas/24-008749-003/2024(H5N1)	697	4976
HA|PP755589.1|A/cattle/Texas/24-008749-003/2024(H5N1)	698	4945
HA|PP755589.1|A/cattle/Texas/24-008749-003/2024(H5N1)	699	4949
HA|PP755589.1|A/cattle/Texas/24-008749-003/2024(H5N1)	700	4843
HA|PP755589.1|A/cattle/Texas/24-008749-003/2024(H5N1)	701	4857
HA|PP755589.1|A/cattle/Texas/24-008749-003/2024(H5N1)	702	4854
HA|PP755589.1|A/cattle/Texas/24-008749-003/2024(H5N1)	703	4903
HA|PP755589.1|A/cattle/Texas/24-008749-003/2024(H5N1)	704	4888
HA|PP755589.1|A/cattle/Texas/24-008749-003/2024(H5N1)	705	4827
HA|PP755589.1|A/cattle/Texas/24-008749-003/2024(H5N1)	706	4840
HA|PP755589.1|A/cattle/Texas/24-008749-003/2024(H5N1)	707	4832
HA|PP755589.1|A/cattle/Texas/24-008749-003/2024(H5N1)	708	4861
HA|PP755589.1|A/cattle/Texas/24-008749-003/2024(H5N1)	709	4808
HA|PP755589.1|A/cattle/Texas/24-008749-003/2024(H5N1)	710	4840
HA|PP755589.1|A/cattle/Texas/24-008749-003/2024(H5N1)	711	4832
HA|PP755589.1|A/cattle/Texas/24-008749-003/2024(H5N1)	712	4748
HA|PP755589.1|A/cattle/Texas/24-008749-003/2024(H5N1)	713	4755
HA|PP755589.1|A/cattle/Texas/24-008749-003/2024(H5N1)	714	5155
HA|PP755589.1|A/cattle/Texas/24-008749-003/2024(H5N1)	715	5197
HA|PP755589.1|A/cattle/Texas/24-008749-003/2024(H5N1)	716	5255
HA|PP755589.1|A/cattle/Texas/24-008749-003/2024(H5N1)	717	5256
HA|PP755589.1|A/cattle/Texas/24-008749-003/2024(H5N1)	718	5233
HA|PP755589.1|A/cattle/Texas/24-008749-003/2024(H5N1)	719	5260
HA|PP755589.1|A/cattle/Texas/24-008749-003/2024(H5N1)	720	5291
HA|PP755589.1|A/cattle/Texas/24-008749-003/2024(H5N1)	721	5314
HA|PP755589.1|A/cattle/Texas/24-008749-003/2024(H5N1)	722	5330
HA|PP755589.1|A/cattle/Texas/24-008749-003/2024(H5N1)	723	5071
HA|PP755589.1|A/cattle/Texas/24-008749-003/2024(H5N1)	724	4957
HA|PP755589.1|A/cattle/Texas/24-008749-003/2024(H5N1)	725	5059
HA|PP755589.1|A/cattle/Texas/24-008749-003/2024(H5N1)	726	5054
HA|PP755589.1|A/cattle/Texas/24-008749-003/2024(H5N1)	727	5161
HA|PP755589.1|A/cattle/Texas/24-008749-003/2024(H5N1)	728	5117
HA|PP755589.1|A/cattle/Texas/24-008749-003/2024(H5N1)	729	5059
HA|PP755589.1|A/cattle/Texas/24-008749-003/2024(H5N1)	730	4983
HA|PP755589.1|A/cattle/Texas/24-008749-003/2024(H5N1)	731	4977
HA|PP755589.1|A/cattle/Texas/24-008749-003/2024(H5N1)	732	5273
HA|PP755589.1|A/cattle/Texas/24-008749-003/2024(H5N1)	733	5272
HA|PP755589.1|A/cattle/Texas/24-008749-003/2024(H5N1)	734	5272
HA|PP755589.1|A/cattle/Texas/24-008749-003/2024(H5N1)	735	5229
HA|PP755589.1|A/cattle/Texas/24-008749-003/2024(H5N1)	736	5109
HA|PP755589.1|A/cattle/Texas/24-008749-003/2024(H5N1)	737	5132
HA|PP755589.1|A/cattle/Texas/24-008749-003/2024(H5N1)	738	5129
HA|PP755589.1|A/cattle/Texas/24-008749-003/2024(H5N1)	739	5143
HA|PP755589.1|A/cattle/Texas/24-008749-003/2024(H5N1)	740	5150
HA|PP755589.1|A/cattle/Texas/24-008749-003/2024(H5N1)	741	4892
HA|PP755589.1|A/cattle/Texas/24-008749-003/2024(H5N1)	742	4909
HA|PP755589.1|A/cattle/Texas/24-008749-003/2024(H5N1)	743	4958
HA|PP755589.1|A/cattle/Texas/24-008749-003/2024(H5N1)	744	4964
HA|PP755589.1|A/cattle/Texas/24-008749-003/2024(H5N1)	745	5000
HA|PP755589.1|A/cattle/Texas/24-008749-003/2024(H5N1)	746	5007
HA|PP755589.1|A/cattle/Texas/24-008749-003/2024(H5N1)	747	4891
HA|PP755589.1|A/cattle/Texas/24-008749-003/2024(H5N1)	748	4960
HA|PP755589.1|A/cattle/Texas/24-008749-003/2024(H5N1)	749	4960
HA|PP755589.1|A/cattle/Texas/24-008749-003/2024(H5N1)	750	4957
HA|PP755589.1|A/cattle/Texas/24-008749-003/2024(H5N1)	751	4952
HA|PP755589.1|A/cattle/Texas/24-008749-003/2024(H5N1)	752	4893
HA|PP755589.1|A/cattle/Texas/24-008749-003/2024(H5N1)	753	4947
HA|PP755589.1|A/cattle/Texas/24-008749-003/2024(H5N1)	754	4989
HA|PP755589.1|A/cattle/Texas/24-008749-003/2024(H5N1)	755	4968
HA|PP755589.1|A/cattle/Texas/24-008749-003/2024(H5N1)	756	4970
HA|PP755589.1|A/cattle/Texas/24-008749-003/2024(H5N1)	757	4974
HA|PP755589.1|A/cattle/Texas/24-008749-003/2024(H5N1)	758	5171
HA|PP755589.1|A/cattle/Texas/24-008749-003/2024(H5N1)	759	5149
HA|PP755589.1|A/cattle/Texas/24-008749-003/2024(H5N1)	760	5125
HA|PP755589.1|A/cattle/Texas/24-008749-003/2024(H5N1)	761	5139
HA|PP755589.1|A/cattle/Texas/24-008749-003/2024(H5N1)	762	5090
HA|PP755589.1|A/cattle/Texas/24-008749-003/2024(H5N1)	763	5063
HA|PP755589.1|A/cattle/Texas/24-008749-003/2024(H5N1)	764	5070
HA|PP755589.1|A/cattle/Texas/24-008749-003/2024(H5N1)	765	5103
HA|PP755589.1|A/cattle/Texas/24-008749-003/2024(H5N1)	766	5162
HA|PP755589.1|A/cattle/Texas/24-008749-003/2024(H5N1)	767	5014
HA|PP755589.1|A/cattle/Texas/24-008749-003/2024(H5N1)	768	5054
HA|PP755589.1|A/cattle/Texas/24-008749-003/2024(H5N1)	769	5072
HA|PP755589.1|A/cattle/Texas/24-008749-003/2024(H5N1)	770	5071
HA|PP755589.1|A/cattle/Texas/24-008749-003/2024(H5N1)	771	5047
HA|PP755589.1|A/cattle/Texas/24-008749-003/2024(H5N1)	772	5047
HA|PP755589.1|A/cattle/Texas/24-008749-003/2024(H5N1)	773	5044
HA|PP755589.1|A/cattle/Texas/24-008749-003/2024(H5N1)	774	5081
HA|PP755589.1|A/cattle/Texas/24-008749-003/2024(H5N1)	775	5045
HA|PP755589.1|A/cattle/Texas/24-008749-003/2024(H5N1)	776	5094
HA|PP755589.1|A/cattle/Texas/24-008749-003/2024(H5N1)	777	5078
HA|PP755589.1|A/cattle/Texas/24-008749-003/2024(H5N1)	778	5047
HA|PP755589.1|A/cattle/Texas/24-008749-003/2024(H5N1)	779	5106
HA|PP755589.1|A/cattle/Texas/24-008749-003/2024(H5N1)	780	5105
HA|PP755589.1|A/cattle/Texas/24-008749-003/2024(H5N1)	781	5119
HA|PP755589.1|A/cattle/Texas/24-008749-003/2024(H5N1)	782	5154
HA|PP755589.1|A/cattle/Texas/24-008749-003/2024(H5N1)	783	5135
HA|PP755589.1|A/cattle/Texas/24-008749-003/2024(H5N1)	784	5360
HA|PP755589.1|A/cattle/Texas/24-008749-003/2024(H5N1)	785	5333
HA|PP755589.1|A/cattle/Texas/24-008749-003/2024(H5N1)	786	5286
HA|PP755589.1|A/cattle/Texas/24-008749-003/2024(H5N1)	787	5291
HA|PP755589.1|A/cattle/Texas/24-008749-003/2024(H5N1)	788	5284
HA|PP755589.1|A/cattle/Texas/24-008749-003/2024(H5N1)	789	5232
HA|PP755589.1|A/cattle/Texas/24-008749-003/2024(H5N1)	790	5225
HA|PP755589.1|A/cattle/Texas/24-008749-003/2024(H5N1)	791	5241
HA|PP755589.1|A/cattle/Texas/24-008749-003/2024(H5N1)	792	5277
HA|PP755589.1|A/cattle/Texas/24-008749-003/2024(H5N1)	793	5954
HA|PP755589.1|A/cattle/Texas/24-008749-003/2024(H5N1)	794	6076
HA|PP755589.1|A/cattle/Texas/24-008749-003/2024(H5N1)	795	6062
HA|PP755589.1|A/cattle/Texas/24-008749-003/2024(H5N1)	796	6093
HA|PP755589.1|A/cattle/Texas/24-008749-003/2024(H5N1)	797	6094
HA|PP755589.1|A/cattle/Texas/24-008749-003/2024(H5N1)	798	6140
HA|PP755589.1|A/cattle/Texas/24-008749-003/2024(H5N1)	799	6263
HA|PP755589.1|A/cattle/Texas/24-008749-003/2024(H5N1)	800	6523
HA|PP755589.1|A/cattle/Texas/24-008749-003/2024(H5N1)	801	6558
HA|PP755589.1|A/cattle/Texas/24-008749-003/2024(H5N1)	802	6320
HA|PP755589.1|A/cattle/Texas/24-008749-003/2024(H5N1)	803	6270
HA|PP755589.1|A/cattle/Texas/24-008749-003/2024(H5N1)	804	6276
HA|PP755589.1|A/cattle/Texas/24-008749-003/2024(H5N1)	805	6216
HA|PP755589.1|A/cattle/Texas/24-008749-003/2024(H5N1)	806	6247
HA|PP755589.1|A/cattle/Texas/24-008749-003/2024(H5N1)	807	6259
HA|PP755589.1|A/cattle/Texas/24-008749-003/2024(H5N1)	808	6143
HA|PP755589.1|A/cattle/Texas/24-008749-003/2024(H5N1)	809	6092
HA|PP755589.1|A/cattle/Texas/24-008749-003/2024(H5N1)	810	6014
HA|PP755589.1|A/cattle/Texas/24-008749-003/2024(H5N1)	811	6041
HA|PP755589.1|A/cattle/Texas/24-008749-003/2024(H5N1)	812	6075
HA|PP755589.1|A/cattle/Texas/24-008749-003/2024(H5N1)	813	6074
HA|PP755589.1|A/cattle/Texas/24-008749-003/2024(H5N1)	814	6098
HA|PP755589.1|A/cattle/Texas/24-008749-003/2024(H5N1)	815	6053
HA|PP755589.1|A/cattle/Texas/24-008749-003/2024(H5N1)	816	6040
HA|PP755589.1|A/cattle/Texas/24-008749-003/2024(H5N1)	817	6033
HA|PP755589.1|A/cattle/Texas/24-008749-003/2024(H5N1)	818	6026
HA|PP755589.1|A/cattle/Texas/24-008749-003/2024(H5N1)	819	6019
HA|PP755589.1|A/cattle/Texas/24-008749-003/2024(H5N1)	820	6026
HA|PP755589.1|A/cattle/Texas/24-008749-003/2024(H5N1)	821	6028
HA|PP755589.1|A/cattle/Texas/24-008749-003/2024(H5N1)	822	6015
HA|PP755589.1|A/cattle/Texas/24-008749-003/2024(H5N1)	823	6030
HA|PP755589.1|A/cattle/Texas/24-008749-003/2024(H5N1)	824	6031
HA|PP755589.1|A/cattle/Texas/24-008749-003/2024(H5N1)	825	6026
HA|PP755589.1|A/cattle/Texas/24-008749-003/2024(H5N1)	826	5995
HA|PP755589.1|A/cattle/Texas/24-008749-003/2024(H5N1)	827	5978
HA|PP755589.1|A/cattle/Texas/24-008749-003/2024(H5N1)	828	6042
HA|PP755589.1|A/cattle/Texas/24-008749-003/2024(H5N1)	829	6026
HA|PP755589.1|A/cattle/Texas/24-008749-003/2024(H5N1)	830	6006
HA|PP755589.1|A/cattle/Texas/24-008749-003/2024(H5N1)	831	6061
HA|PP755589.1|A/cattle/Texas/24-008749-003/2024(H5N1)	832	5994
HA|PP755589.1|A/cattle/Texas/24-008749-003/2024(H5N1)	833	6046
HA|PP755589.1|A/cattle/Texas/24-008749-003/2024(H5N1)	834	6051
HA|PP755589.1|A/cattle/Texas/24-008749-003/2024(H5N1)	835	6087
HA|PP755589.1|A/cattle/Texas/24-008749-003/2024(H5N1)	836	6105
HA|PP755589.1|A/cattle/Texas/24-008749-003/2024(H5N1)	837	6052
HA|PP755589.1|A/cattle/Texas/24-008749-003/2024(H5N1)	838	6119
HA|PP755589.1|A/cattle/Texas/24-008749-003/2024(H5N1)	839	6110
HA|PP755589.1|A/cattle/Texas/24-008749-003/2024(H5N1)	840	6054
HA|PP755589.1|A/cattle/Texas/24-008749-003/2024(H5N1)	841	6079
HA|PP755589.1|A/cattle/Texas/24-008749-003/2024(H5N1)	842	5981
HA|PP755589.1|A/cattle/Texas/24-008749-003/2024(H5N1)	843	6004
HA|PP755589.1|A/cattle/Texas/24-008749-003/2024(H5N1)	844	6014
HA|PP755589.1|A/cattle/Texas/24-008749-003/2024(H5N1)	845	6014
HA|PP755589.1|A/cattle/Texas/24-008749-003/2024(H5N1)	846	6001
HA|PP755589.1|A/cattle/Texas/24-008749-003/2024(H5N1)	847	5895
HA|PP755589.1|A/cattle/Texas/24-008749-003/2024(H5N1)	848	5960
HA|PP755589.1|A/cattle/Texas/24-008749-003/2024(H5N1)	849	5966
HA|PP755589.1|A/cattle/Texas/24-008749-003/2024(H5N1)	850	5988
HA|PP755589.1|A/cattle/Texas/24-008749-003/2024(H5N1)	851	6037
HA|PP755589.1|A/cattle/Texas/24-008749-003/2024(H5N1)	852	6010
HA|PP755589.1|A/cattle/Texas/24-008749-003/2024(H5N1)	853	6092
HA|PP755589.1|A/cattle/Texas/24-008749-003/2024(H5N1)	854	6135
HA|PP755589.1|A/cattle/Texas/24-008749-003/2024(H5N1)	855	6299
HA|PP755589.1|A/cattle/Texas/24-008749-003/2024(H5N1)	856	6785
HA|PP755589.1|A/cattle/Texas/24-008749-003/2024(H5N1)	857	6884
HA|PP755589.1|A/cattle/Texas/24-008749-003/2024(H5N1)	858	6884
HA|PP755589.1|A/cattle/Texas/24-008749-003/2024(H5N1)	859	6905
HA|PP755589.1|A/cattle/Texas/24-008749-003/2024(H5N1)	860	6830
HA|PP755589.1|A/cattle/Texas/24-008749-003/2024(H5N1)	861	6817
HA|PP755589.1|A/cattle/Texas/24-008749-003/2024(H5N1)	862	6862
HA|PP755589.1|A/cattle/Texas/24-008749-003/2024(H5N1)	863	6867
HA|PP755589.1|A/cattle/Texas/24-008749-003/2024(H5N1)	864	6604
HA|PP755589.1|A/cattle/Texas/24-008749-003/2024(H5N1)	865	6216
HA|PP755589.1|A/cattle/Texas/24-008749-003/2024(H5N1)	866	6077
HA|PP755589.1|A/cattle/Texas/24-008749-003/2024(H5N1)	867	6332
HA|PP755589.1|A/cattle/Texas/24-008749-003/2024(H5N1)	868	6377
HA|PP755589.1|A/cattle/Texas/24-008749-003/2024(H5N1)	869	6429
HA|PP755589.1|A/cattle/Texas/24-008749-003/2024(H5N1)	870	6435
HA|PP755589.1|A/cattle/Texas/24-008749-003/2024(H5N1)	871	6376
HA|PP755589.1|A/cattle/Texas/24-008749-003/2024(H5N1)	872	6352
HA|PP755589.1|A/cattle/Texas/24-008749-003/2024(H5N1)	873	6375
HA|PP755589.1|A/cattle/Texas/24-008749-003/2024(H5N1)	874	6398
HA|PP755589.1|A/cattle/Texas/24-008749-003/2024(H5N1)	875	6402
HA|PP755589.1|A/cattle/Texas/24-008749-003/2024(H5N1)	876	6169
HA|PP755589.1|A/cattle/Texas/24-008749-003/2024(H5N1)	877	6165
HA|PP755589.1|A/cattle/Texas/24-008749-003/2024(H5N1)	878	6095
HA|PP755589.1|A/cattle/Texas/24-008749-003/2024(H5N1)	879	6101
HA|PP755589.1|A/cattle/Texas/24-008749-003/2024(H5N1)	880	6203
HA|PP755589.1|A/cattle/Texas/24-008749-003/2024(H5N1)	881	6248
HA|PP755589.1|A/cattle/Texas/24-008749-003/2024(H5N1)	882	6203
HA|PP755589.1|A/cattle/Texas/24-008749-003/2024(H5N1)	883	6008
HA|PP755589.1|A/cattle/Texas/24-008749-003/2024(H5N1)	884	6029
HA|PP755589.1|A/cattle/Texas/24-008749-003/2024(H5N1)	885	6039
HA|PP755589.1|A/cattle/Texas/24-008749-003/2024(H5N1)	886	6069
HA|PP755589.1|A/cattle/Texas/24-008749-003/2024(H5N1)	887	6253
HA|PP755589.1|A/cattle/Texas/24-008749-003/2024(H5N1)	888	6260
HA|PP755589.1|A/cattle/Texas/24-008749-003/2024(H5N1)	889	6212
HA|PP755589.1|A/cattle/Texas/24-008749-003/2024(H5N1)	890	6300
HA|PP755589.1|A/cattle/Texas/24-008749-003/2024(H5N1)	891	6293
HA|PP755589.1|A/cattle/Texas/24-008749-003/2024(H5N1)	892	6295
HA|PP755589.1|A/cattle/Texas/24-008749-003/2024(H5N1)	893	6281
HA|PP755589.1|A/cattle/Texas/24-008749-003/2024(H5N1)	894	6245
HA|PP755589.1|A/cattle/Texas/24-008749-003/2024(H5N1)	895	6228
HA|PP755589.1|A/cattle/Texas/24-008749-003/2024(H5N1)	896	6188
HA|PP755589.1|A/cattle/Texas/24-008749-003/2024(H5N1)	897	6152
HA|PP755589.1|A/cattle/Texas/24-008749-003/2024(H5N1)	898	6161
HA|PP755589.1|A/cattle/Texas/24-008749-003/2024(H5N1)	899	6168
HA|PP755589.1|A/cattle/Texas/24-008749-003/2024(H5N1)	900	6172
HA|PP755589.1|A/cattle/Texas/24-008749-003/2024(H5N1)	901	6181
HA|PP755589.1|A/cattle/Texas/24-008749-003/2024(H5N1)	902	6173
HA|PP755589.1|A/cattle/Texas/24-008749-003/2024(H5N1)	903	6196
HA|PP755589.1|A/cattle/Texas/24-008749-003/2024(H5N1)	904	6166
HA|PP755589.1|A/cattle/Texas/24-008749-003/2024(H5N1)	905	6220
HA|PP755589.1|A/cattle/Texas/24-008749-003/2024(H5N1)	906	6227
HA|PP755589.1|A/cattle/Texas/24-008749-003/2024(H5N1)	907	6230
HA|PP755589.1|A/cattle/Texas/24-008749-003/2024(H5N1)	908	6190
HA|PP755589.1|A/cattle/Texas/24-008749-003/2024(H5N1)	909	6218
HA|PP755589.1|A/cattle/Texas/24-008749-003/2024(H5N1)	910	6225
HA|PP755589.1|A/cattle/Texas/24-008749-003/2024(H5N1)	911	6229
HA|PP755589.1|A/cattle/Texas/24-008749-003/2024(H5N1)	912	6197
HA|PP755589.1|A/cattle/Texas/24-008749-003/2024(H5N1)	913	6216
HA|PP755589.1|A/cattle/Texas/24-008749-003/2024(H5N1)	914	6182
HA|PP755589.1|A/cattle/Texas/24-008749-003/2024(H5N1)	915	6182
HA|PP755589.1|A/cattle/Texas/24-008749-003/2024(H5N1)	916	6663
HA|PP755589.1|A/cattle/Texas/24-008749-003/2024(H5N1)	917	6618
HA|PP755589.1|A/cattle/Texas/24-008749-003/2024(H5N1)	918	6624
HA|PP755589.1|A/cattle/Texas/24-008749-003/2024(H5N1)	919	6641
HA|PP755589.1|A/cattle/Texas/24-008749-003/2024(H5N1)	920	6654
HA|PP755589.1|A/cattle/Texas/24-008749-003/2024(H5N1)	921	6793
HA|PP755589.1|A/cattle/Texas/24-008749-003/2024(H5N1)	922	6773
HA|PP755589.1|A/cattle/Texas/24-008749-003/2024(H5N1)	923	6794
HA|PP755589.1|A/cattle/Texas/24-008749-003/2024(H5N1)	924	6820
HA|PP755589.1|A/cattle/Texas/24-008749-003/2024(H5N1)	925	6781
HA|PP755589.1|A/cattle/Texas/24-008749-003/2024(H5N1)	926	7433
HA|PP755589.1|A/cattle/Texas/24-008749-003/2024(H5N1)	927	7508
HA|PP755589.1|A/cattle/Texas/24-008749-003/2024(H5N1)	928	7495
HA|PP755589.1|A/cattle/Texas/24-008749-003/2024(H5N1)	929	7551
HA|PP755589.1|A/cattle/Texas/24-008749-003/2024(H5N1)	930	7485
HA|PP755589.1|A/cattle/Texas/24-008749-003/2024(H5N1)	931	7496
HA|PP755589.1|A/cattle/Texas/24-008749-003/2024(H5N1)	932	7473
HA|PP755589.1|A/cattle/Texas/24-008749-003/2024(H5N1)	933	7496
HA|PP755589.1|A/cattle/Texas/24-008749-003/2024(H5N1)	934	7635
HA|PP755589.1|A/cattle/Texas/24-008749-003/2024(H5N1)	935	7181
HA|PP755589.1|A/cattle/Texas/24-008749-003/2024(H5N1)	936	7183
HA|PP755589.1|A/cattle/Texas/24-008749-003/2024(H5N1)	937	7198
HA|PP755589.1|A/cattle/Texas/24-008749-003/2024(H5N1)	938	7166
HA|PP755589.1|A/cattle/Texas/24-008749-003/2024(H5N1)	939	7202
HA|PP755589.1|A/cattle/Texas/24-008749-003/2024(H5N1)	940	7246
HA|PP755589.1|A/cattle/Texas/24-008749-003/2024(H5N1)	941	7771
HA|PP755589.1|A/cattle/Texas/24-008749-003/2024(H5N1)	942	7752
HA|PP755589.1|A/cattle/Texas/24-008749-003/2024(H5N1)	943	7712
HA|PP755589.1|A/cattle/Texas/24-008749-003/2024(H5N1)	944	7393
HA|PP755589.1|A/cattle/Texas/24-008749-003/2024(H5N1)	945	7376
HA|PP755589.1|A/cattle/Texas/24-008749-003/2024(H5N1)	946	7410
HA|PP755589.1|A/cattle/Texas/24-008749-003/2024(H5N1)	947	7391
HA|PP755589.1|A/cattle/Texas/24-008749-003/2024(H5N1)	948	7394
HA|PP755589.1|A/cattle/Texas/24-008749-003/2024(H5N1)	949	7387
HA|PP755589.1|A/cattle/Texas/24-008749-003/2024(H5N1)	950	6950
HA|PP755589.1|A/cattle/Texas/24-008749-003/2024(H5N1)	951	6998
HA|PP755589.1|A/cattle/Texas/24-008749-003/2024(H5N1)	952	6941
HA|PP755589.1|A/cattle/Texas/24-008749-003/2024(H5N1)	953	7013
HA|PP755589.1|A/cattle/Texas/24-008749-003/2024(H5N1)	954	7087
HA|PP755589.1|A/cattle/Texas/24-008749-003/2024(H5N1)	955	7134
HA|PP755589.1|A/cattle/Texas/24-008749-003/2024(H5N1)	956	7175
HA|PP755589.1|A/cattle/Texas/24-008749-003/2024(H5N1)	957	7222
HA|PP755589.1|A/cattle/Texas/24-008749-003/2024(H5N1)	958	7289
HA|PP755589.1|A/cattle/Texas/24-008749-003/2024(H5N1)	959	7295
HA|PP755589.1|A/cattle/Texas/24-008749-003/2024(H5N1)	960	7404
HA|PP755589.1|A/cattle/Texas/24-008749-003/2024(H5N1)	961	7466
HA|PP755589.1|A/cattle/Texas/24-008749-003/2024(H5N1)	962	7432
HA|PP755589.1|A/cattle/Texas/24-008749-003/2024(H5N1)	963	7374
HA|PP755589.1|A/cattle/Texas/24-008749-003/2024(H5N1)	964	7362
HA|PP755589.1|A/cattle/Texas/24-008749-003/2024(H5N1)	965	7396
HA|PP755589.1|A/cattle/Texas/24-008749-003/2024(H5N1)	966	7398
HA|PP755589.1|A/cattle/Texas/24-008749-003/2024(H5N1)	967	7447
HA|PP755589.1|A/cattle/Texas/24-008749-003/2024(H5N1)	968	7540
HA|PP755589.1|A/cattle/Texas/24-008749-003/2024(H5N1)	969	7539
HA|PP755589.1|A/cattle/Texas/24-008749-003/2024(H5N1)	970	7537
HA|PP755589.1|A/cattle/Texas/24-008749-003/2024(H5N1)	971	7531
HA|PP755589.1|A/cattle/Texas/24-008749-003/2024(H5N1)	972	7514
HA|PP755589.1|A/cattle/Texas/24-008749-003/2024(H5N1)	973	7634
HA|PP755589.1|A/cattle/Texas/24-008749-003/2024(H5N1)	974	7621
HA|PP755589.1|A/cattle/Texas/24-008749-003/2024(H5N1)	975	7628
HA|PP755589.1|A/cattle/Texas/24-008749-003/2024(H5N1)	976	7652
HA|PP755589.1|A/cattle/Texas/24-008749-003/2024(H5N1)	977	7759
HA|PP755589.1|A/cattle/Texas/24-008749-003/2024(H5N1)	978	7762
HA|PP755589.1|A/cattle/Texas/24-008749-003/2024(H5N1)	979	7934
HA|PP755589.1|A/cattle/Texas/24-008749-003/2024(H5N1)	980	7985
HA|PP755589.1|A/cattle/Texas/24-008749-003/2024(H5N1)	981	7989
HA|PP755589.1|A/cattle/Texas/24-008749-003/2024(H5N1)	982	8000
HA|PP755589.1|A/cattle/Texas/24-008749-003/2024(H5N1)	983	8038
HA|PP755589.1|A/cattle/Texas/24-008749-003/2024(H5N1)	984	8149
HA|PP755589.1|A/cattle/Texas/24-008749-003/2024(H5N1)	985	8162
HA|PP755589.1|A/cattle/Texas/24-008749-003/2024(H5N1)	986	8104
HA|PP755589.1|A/cattle/Texas/24-008749-003/2024(H5N1)	987	8123
HA|PP755589.1|A/cattle/Texas/24-008749-003/2024(H5N1)	988	8122
HA|PP755589.1|A/cattle/Texas/24-008749-003/2024(H5N1)	989	8233
HA|PP755589.1|A/cattle/Texas/24-008749-003/2024(H5N1)	990	8221
HA|PP755589.1|A/cattle/Texas/24-008749-003/2024(H5N1)	991	8198
HA|PP755589.1|A/cattle/Texas/24-008749-003/2024(H5N1)	992	8185
HA|PP755589.1|A/cattle/Texas/24-008749-003/2024(H5N1)	993	8087
HA|PP755589.1|A/cattle/Texas/24-008749-003/2024(H5N1)	994	8124
HA|PP755589.1|A/cattle/Texas/24-008749-003/2024(H5N1)	995	8131
HA|PP755589.1|A/cattle/Texas/24-008749-003/2024(H5N1)	996	8224
HA|PP755589.1|A/cattle/Texas/24-008749-003/2024(H5N1)	997	8228
HA|PP755589.1|A/cattle/Texas/24-008749-003/2024(H5N1)	998	8199
HA|PP755589.1|A/cattle/Texas/24-008749-003/2024(H5N1)	999	8299
HA|PP755589.1|A/cattle/Texas/24-008749-003/2024(H5N1)	1000	8292
HA|PP755589.1|A/cattle/Texas/24-008749-003/2024(H5N1)	1001	8453
HA|PP755589.1|A/cattle/Texas/24-008749-003/2024(H5N1)	1002	8465
HA|PP755589.1|A/cattle/Texas/24-008749-003/2024(H5N1)	1003	8410
HA|PP755589.1|A/cattle/Texas/24-008749-003/2024(H5N1)	1004	8392
HA|PP755589.1|A/cattle/Texas/24-008749-003/2024(H5N1)	1005	8283
HA|PP755589.1|A/cattle/Texas/24-008749-003/2024(H5N1)	1006	8126
HA|PP755589.1|A/cattle/Texas/24-008749-003/2024(H5N1)	1007	7827
HA|PP755589.1|A/cattle/Texas/24-008749-003/2024(H5N1)	1008	7718
HA|PP755589.1|A/cattle/Texas/24-008749-003/2024(H5N1)	1009	7738
HA|PP755589.1|A/cattle/Texas/24-008749-003/2024(H5N1)	1010	7681
HA|PP755589.1|A/cattle/Texas/24-008749-003/2024(H5N1)	1011	7652
HA|PP755589.1|A/cattle/Texas/24-008749-003/2024(H5N1)	1012	7601
HA|PP755589.1|A/cattle/Texas/24-008749-003/2024(H5N1)	1013	7588
HA|PP755589.1|A/cattle/Texas/24-008749-003/2024(H5N1)	1014	7610
HA|PP755589.1|A/cattle/Texas/24-008749-003/2024(H5N1)	1015	7630
HA|PP755589.1|A/cattle/Texas/24-008749-003/2024(H5N1)	1016	7638
HA|PP755589.1|A/cattle/Texas/24-008749-003/2024(H5N1)	1017	7658
HA|PP755589.1|A/cattle/Texas/24-008749-003/2024(H5N1)	1018	7456
HA|PP755589.1|A/cattle/Texas/24-008749-003/2024(H5N1)	1019	7364
HA|PP755589.1|A/cattle/Texas/24-008749-003/2024(H5N1)	1020	7328
HA|PP755589.1|A/cattle/Texas/24-008749-003/2024(H5N1)	1021	7313
HA|PP755589.1|A/cattle/Texas/24-008749-003/2024(H5N1)	1022	7341
HA|PP755589.1|A/cattle/Texas/24-008749-003/2024(H5N1)	1023	7397
HA|PP755589.1|A/cattle/Texas/24-008749-003/2024(H5N1)	1024	7327
HA|PP755589.1|A/cattle/Texas/24-008749-003/2024(H5N1)	1025	7346
HA|PP755589.1|A/cattle/Texas/24-008749-003/2024(H5N1)	1026	7383
HA|PP755589.1|A/cattle/Texas/24-008749-003/2024(H5N1)	1027	7383
HA|PP755589.1|A/cattle/Texas/24-008749-003/2024(H5N1)	1028	7400
HA|PP755589.1|A/cattle/Texas/24-008749-003/2024(H5N1)	1029	7500
HA|PP755589.1|A/cattle/Texas/24-008749-003/2024(H5N1)	1030	7497
HA|PP755589.1|A/cattle/Texas/24-008749-003/2024(H5N1)	1031	7450
HA|PP755589.1|A/cattle/Texas/24-008749-003/2024(H5N1)	1032	7447
HA|PP755589.1|A/cattle/Texas/24-008749-003/2024(H5N1)	1033	7435
HA|PP755589.1|A/cattle/Texas/24-008749-003/2024(H5N1)	1034	7431
HA|PP755589.1|A/cattle/Texas/24-008749-003/2024(H5N1)	1035	7384
HA|PP755589.1|A/cattle/Texas/24-008749-003/2024(H5N1)	1036	7440
HA|PP755589.1|A/cattle/Texas/24-008749-003/2024(H5N1)	1037	7438
HA|PP755589.1|A/cattle/Texas/24-008749-003/2024(H5N1)	1038	7292
HA|PP755589.1|A/cattle/Texas/24-008749-003/2024(H5N1)	1039	7274
HA|PP755589.1|A/cattle/Texas/24-008749-003/2024(H5N1)	1040	7261
HA|PP755589.1|A/cattle/Texas/24-008749-003/2024(H5N1)	1041	7491
HA|PP755589.1|A/cattle/Texas/24-008749-003/2024(H5N1)	1042	7497
HA|PP755589.1|A/cattle/Texas/24-008749-003/2024(H5N1)	1043	7498
HA|PP755589.1|A/cattle/Texas/24-008749-003/2024(H5N1)	1044	7502
HA|PP755589.1|A/cattle/Texas/24-008749-003/2024(H5N1)	1045	7408
HA|PP755589.1|A/cattle/Texas/24-008749-003/2024(H5N1)	1046	7426
HA|PP755589.1|A/cattle/Texas/24-008749-003/2024(H5N1)	1047	7515
HA|PP755589.1|A/cattle/Texas/24-008749-003/2024(H5N1)	1048	7521
HA|PP755589.1|A/cattle/Texas/24-008749-003/2024(H5N1)	1049	7507
HA|PP755589.1|A/cattle/Texas/24-008749-003/2024(H5N1)	1050	7244
HA|PP755589.1|A/cattle/Texas/24-008749-003/2024(H5N1)	1051	7377
HA|PP755589.1|A/cattle/Texas/24-008749-003/2024(H5N1)	1052	7410
HA|PP755589.1|A/cattle/Texas/24-008749-003/2024(H5N1)	1053	7548
HA|PP755589.1|A/cattle/Texas/24-008749-003/2024(H5N1)	1054	7551
HA|PP755589.1|A/cattle/Texas/24-008749-003/2024(H5N1)	1055	7525
HA|PP755589.1|A/cattle/Texas/24-008749-003/2024(H5N1)	1056	7463
HA|PP755589.1|A/cattle/Texas/24-008749-003/2024(H5N1)	1057	7885
HA|PP755589.1|A/cattle/Texas/24-008749-003/2024(H5N1)	1058	8481
HA|PP755589.1|A/cattle/Texas/24-008749-003/2024(H5N1)	1059	8477
HA|PP755589.1|A/cattle/Texas/24-008749-003/2024(H5N1)	1060	8406
HA|PP755589.1|A/cattle/Texas/24-008749-003/2024(H5N1)	1061	8377
HA|PP755589.1|A/cattle/Texas/24-008749-003/2024(H5N1)	1062	8393
HA|PP755589.1|A/cattle/Texas/24-008749-003/2024(H5N1)	1063	8430
HA|PP755589.1|A/cattle/Texas/24-008749-003/2024(H5N1)	1064	8423
HA|PP755589.1|A/cattle/Texas/24-008749-003/2024(H5N1)	1065	8418
HA|PP755589.1|A/cattle/Texas/24-008749-003/2024(H5N1)	1066	8444
HA|PP755589.1|A/cattle/Texas/24-008749-003/2024(H5N1)	1067	7506
HA|PP755589.1|A/cattle/Texas/24-008749-003/2024(H5N1)	1068	7501
HA|PP755589.1|A/cattle/Texas/24-008749-003/2024(H5N1)	1069	7516
HA|PP755589.1|A/cattle/Texas/24-008749-003/2024(H5N1)	1070	7541
HA|PP755589.1|A/cattle/Texas/24-008749-003/2024(H5N1)	1071	7498
HA|PP755589.1|A/cattle/Texas/24-008749-003/2024(H5N1)	1072	7492
HA|PP755589.1|A/cattle/Texas/24-008749-003/2024(H5N1)	1073	7496
HA|PP755589.1|A/cattle/Texas/24-008749-003/2024(H5N1)	1074	7503
HA|PP755589.1|A/cattle/Texas/24-008749-003/2024(H5N1)	1075	7496
HA|PP755589.1|A/cattle/Texas/24-008749-003/2024(H5N1)	1076	7533
HA|PP755589.1|A/cattle/Texas/24-008749-003/2024(H5N1)	1077	7161
HA|PP755589.1|A/cattle/Texas/24-008749-003/2024(H5N1)	1078	7105
HA|PP755589.1|A/cattle/Texas/24-008749-003/2024(H5N1)	1079	7087
HA|PP755589.1|A/cattle/Texas/24-008749-003/2024(H5N1)	1080	7123
HA|PP755589.1|A/cattle/Texas/24-008749-003/2024(H5N1)	1081	7155
HA|PP755589.1|A/cattle/Texas/24-008749-003/2024(H5N1)	1082	7187
HA|PP755589.1|A/cattle/Texas/24-008749-003/2024(H5N1)	1083	7179
HA|PP755589.1|A/cattle/Texas/24-008749-003/2024(H5N1)	1084	7144
HA|PP755589.1|A/cattle/Texas/24-008749-003/2024(H5N1)	1085	7048
HA|PP755589.1|A/cattle/Texas/24-008749-003/2024(H5N1)	1086	7151
HA|PP755589.1|A/cattle/Texas/24-008749-003/2024(H5N1)	1087	7222
HA|PP755589.1|A/cattle/Texas/24-008749-003/2024(H5N1)	1088	7220
HA|PP755589.1|A/cattle/Texas/24-008749-003/2024(H5N1)	1089	7201
HA|PP755589.1|A/cattle/Texas/24-008749-003/2024(H5N1)	1090	7177
HA|PP755589.1|A/cattle/Texas/24-008749-003/2024(H5N1)	1091	7291
HA|PP755589.1|A/cattle/Texas/24-008749-003/2024(H5N1)	1092	7005
HA|PP755589.1|A/cattle/Texas/24-008749-003/2024(H5N1)	1093	7084
HA|PP755589.1|A/cattle/Texas/24-008749-003/2024(H5N1)	1094	7096
HA|PP755589.1|A/cattle/Texas/24-008749-003/2024(H5N1)	1095	6990
HA|PP755589.1|A/cattle/Texas/24-008749-003/2024(H5N1)	1096	6897
HA|PP755589.1|A/cattle/Texas/24-008749-003/2024(H5N1)	1097	7006
HA|PP755589.1|A/cattle/Texas/24-008749-003/2024(H5N1)	1098	7129
HA|PP755589.1|A/cattle/Texas/24-008749-003/2024(H5N1)	1099	7212
HA|PP755589.1|A/cattle/Texas/24-008749-003/2024(H5N1)	1100	7244
HA|PP755589.1|A/cattle/Texas/24-008749-003/2024(H5N1)	1101	7260
HA|PP755589.1|A/cattle/Texas/24-008749-003/2024(H5N1)	1102	7477
HA|PP755589.1|A/cattle/Texas/24-008749-003/2024(H5N1)	1103	7524
HA|PP755589.1|A/cattle/Texas/24-008749-003/2024(H5N1)	1104	7492
HA|PP755589.1|A/cattle/Texas/24-008749-003/2024(H5N1)	1105	7441
HA|PP755589.1|A/cattle/Texas/24-008749-003/2024(H5N1)	1106	7330
HA|PP755589.1|A/cattle/Texas/24-008749-003/2024(H5N1)	1107	7366
HA|PP755589.1|A/cattle/Texas/24-008749-003/2024(H5N1)	1108	7378
HA|PP755589.1|A/cattle/Texas/24-008749-003/2024(H5N1)	1109	7369
HA|PP755589.1|A/cattle/Texas/24-008749-003/2024(H5N1)	1110	7561
HA|PP755589.1|A/cattle/Texas/24-008749-003/2024(H5N1)	1111	7424
HA|PP755589.1|A/cattle/Texas/24-008749-003/2024(H5N1)	1112	7312
HA|PP755589.1|A/cattle/Texas/24-008749-003/2024(H5N1)	1113	7314
HA|PP755589.1|A/cattle/Texas/24-008749-003/2024(H5N1)	1114	7308
HA|PP755589.1|A/cattle/Texas/24-008749-003/2024(H5N1)	1115	7493
HA|PP755589.1|A/cattle/Texas/24-008749-003/2024(H5N1)	1116	7454
HA|PP755589.1|A/cattle/Texas/24-008749-003/2024(H5N1)	1117	7415
HA|PP755589.1|A/cattle/Texas/24-008749-003/2024(H5N1)	1118	7415
HA|PP755589.1|A/cattle/Texas/24-008749-003/2024(H5N1)	1119	7277
HA|PP755589.1|A/cattle/Texas/24-008749-003/2024(H5N1)	1120	7864
HA|PP755589.1|A/cattle/Texas/24-008749-003/2024(H5N1)	1121	8896
HA|PP755589.1|A/cattle/Texas/24-008749-003/2024(H5N1)	1122	9087
HA|PP755589.1|A/cattle/Texas/24-008749-003/2024(H5N1)	1123	9115
HA|PP755589.1|A/cattle/Texas/24-008749-003/2024(H5N1)	1124	8893
HA|PP755589.1|A/cattle/Texas/24-008749-003/2024(H5N1)	1125	9099
HA|PP755589.1|A/cattle/Texas/24-008749-003/2024(H5N1)	1126	9152
HA|PP755589.1|A/cattle/Texas/24-008749-003/2024(H5N1)	1127	9352
HA|PP755589.1|A/cattle/Texas/24-008749-003/2024(H5N1)	1128	9409
HA|PP755589.1|A/cattle/Texas/24-008749-003/2024(H5N1)	1129	9154
HA|PP755589.1|A/cattle/Texas/24-008749-003/2024(H5N1)	1130	9393
HA|PP755589.1|A/cattle/Texas/24-008749-003/2024(H5N1)	1131	9373
HA|PP755589.1|A/cattle/Texas/24-008749-003/2024(H5N1)	1132	9519
HA|PP755589.1|A/cattle/Texas/24-008749-003/2024(H5N1)	1133	9540
HA|PP755589.1|A/cattle/Texas/24-008749-003/2024(H5N1)	1134	9597
HA|PP755589.1|A/cattle/Texas/24-008749-003/2024(H5N1)	1135	9465
HA|PP755589.1|A/cattle/Texas/24-008749-003/2024(H5N1)	1136	9405
HA|PP755589.1|A/cattle/Texas/24-008749-003/2024(H5N1)	1137	9367
HA|PP755589.1|A/cattle/Texas/24-008749-003/2024(H5N1)	1138	9416
HA|PP755589.1|A/cattle/Texas/24-008749-003/2024(H5N1)	1139	9507
HA|PP755589.1|A/cattle/Texas/24-008749-003/2024(H5N1)	1140	9321
HA|PP755589.1|A/cattle/Texas/24-008749-003/2024(H5N1)	1141	9395
HA|PP755589.1|A/cattle/Texas/24-008749-003/2024(H5N1)	1142	9366
HA|PP755589.1|A/cattle/Texas/24-008749-003/2024(H5N1)	1143	9341
HA|PP755589.1|A/cattle/Texas/24-008749-003/2024(H5N1)	1144	9464
HA|PP755589.1|A/cattle/Texas/24-008749-003/2024(H5N1)	1145	9479
HA|PP755589.1|A/cattle/Texas/24-008749-003/2024(H5N1)	1146	9635
HA|PP755589.1|A/cattle/Texas/24-008749-003/2024(H5N1)	1147	9583
HA|PP755589.1|A/cattle/Texas/24-008749-003/2024(H5N1)	1148	9566
HA|PP755589.1|A/cattle/Texas/24-008749-003/2024(H5N1)	1149	9567
HA|PP755589.1|A/cattle/Texas/24-008749-003/2024(H5N1)	1150	9623
HA|PP755589.1|A/cattle/Texas/24-008749-003/2024(H5N1)	1151	9626
HA|PP755589.1|A/cattle/Texas/24-008749-003/2024(H5N1)	1152	9571
HA|PP755589.1|A/cattle/Texas/24-008749-003/2024(H5N1)	1153	9582
HA|PP755589.1|A/cattle/Texas/24-008749-003/2024(H5N1)	1154	9605
HA|PP755589.1|A/cattle/Texas/24-008749-003/2024(H5N1)	1155	9592
HA|PP755589.1|A/cattle/Texas/24-008749-003/2024(H5N1)	1156	9789
HA|PP755589.1|A/cattle/Texas/24-008749-003/2024(H5N1)	1157	10016
HA|PP755589.1|A/cattle/Texas/24-008749-003/2024(H5N1)	1158	10052
HA|PP755589.1|A/cattle/Texas/24-008749-003/2024(H5N1)	1159	10002
HA|PP755589.1|A/cattle/Texas/24-008749-003/2024(H5N1)	1160	9998
HA|PP755589.1|A/cattle/Texas/24-008749-003/2024(H5N1)	1161	9990
HA|PP755589.1|A/cattle/Texas/24-008749-003/2024(H5N1)	1162	9989
HA|PP755589.1|A/cattle/Texas/24-008749-003/2024(H5N1)	1163	10079
HA|PP755589.1|A/cattle/Texas/24-008749-003/2024(H5N1)	1164	10210
HA|PP755589.1|A/cattle/Texas/24-008749-003/2024(H5N1)	1165	10692
HA|PP755589.1|A/cattle/Texas/24-008749-003/2024(H5N1)	1166	10660
HA|PP755589.1|A/cattle/Texas/24-008749-003/2024(H5N1)	1167	10630
HA|PP755589.1|A/cattle/Texas/24-008749-003/2024(H5N1)	1168	10692
HA|PP755589.1|A/cattle/Texas/24-008749-003/2024(H5N1)	1169	11255
HA|PP755589.1|A/cattle/Texas/24-008749-003/2024(H5N1)	1170	11315
HA|PP755589.1|A/cattle/Texas/24-008749-003/2024(H5N1)	1171	11318
HA|PP755589.1|A/cattle/Texas/24-008749-003/2024(H5N1)	1172	11597
HA|PP755589.1|A/cattle/Texas/24-008749-003/2024(H5N1)	1173	11528
HA|PP755589.1|A/cattle/Texas/24-008749-003/2024(H5N1)	1174	11563
HA|PP755589.1|A/cattle/Texas/24-008749-003/2024(H5N1)	1175	11770
HA|PP755589.1|A/cattle/Texas/24-008749-003/2024(H5N1)	1176	11680
HA|PP755589.1|A/cattle/Texas/24-008749-003/2024(H5N1)	1177	11814
HA|PP755589.1|A/cattle/Texas/24-008749-003/2024(H5N1)	1178	11870
HA|PP755589.1|A/cattle/Texas/24-008749-003/2024(H5N1)	1179	11859
HA|PP755589.1|A/cattle/Texas/24-008749-003/2024(H5N1)	1180	11909
HA|PP755589.1|A/cattle/Texas/24-008749-003/2024(H5N1)	1181	12194
HA|PP755589.1|A/cattle/Texas/24-008749-003/2024(H5N1)	1182	12247
HA|PP755589.1|A/cattle/Texas/24-008749-003/2024(H5N1)	1183	12267
HA|PP755589.1|A/cattle/Texas/24-008749-003/2024(H5N1)	1184	12204
HA|PP755589.1|A/cattle/Texas/24-008749-003/2024(H5N1)	1185	12350
HA|PP755589.1|A/cattle/Texas/24-008749-003/2024(H5N1)	1186	12350
HA|PP755589.1|A/cattle/Texas/24-008749-003/2024(H5N1)	1187	12312
HA|PP755589.1|A/cattle/Texas/24-008749-003/2024(H5N1)	1188	12768
HA|PP755589.1|A/cattle/Texas/24-008749-003/2024(H5N1)	1189	12792
HA|PP755589.1|A/cattle/Texas/24-008749-003/2024(H5N1)	1190	12668
HA|PP755589.1|A/cattle/Texas/24-008749-003/2024(H5N1)	1191	12551
HA|PP755589.1|A/cattle/Texas/24-008749-003/2024(H5N1)	1192	12534
HA|PP755589.1|A/cattle/Texas/24-008749-003/2024(H5N1)	1193	12806
HA|PP755589.1|A/cattle/Texas/24-008749-003/2024(H5N1)	1194	12915
HA|PP755589.1|A/cattle/Texas/24-008749-003/2024(H5N1)	1195	12902
HA|PP755589.1|A/cattle/Texas/24-008749-003/2024(H5N1)	1196	12909
HA|PP755589.1|A/cattle/Texas/24-008749-003/2024(H5N1)	1197	12646
HA|PP755589.1|A/cattle/Texas/24-008749-003/2024(H5N1)	1198	12784
HA|PP755589.1|A/cattle/Texas/24-008749-003/2024(H5N1)	1199	12752
HA|PP755589.1|A/cattle/Texas/24-008749-003/2024(H5N1)	1200	12761
HA|PP755589.1|A/cattle/Texas/24-008749-003/2024(H5N1)	1201	12751
HA|PP755589.1|A/cattle/Texas/24-008749-003/2024(H5N1)	1202	12497
HA|PP755589.1|A/cattle/Texas/24-008749-003/2024(H5N1)	1203	12469
HA|PP755589.1|A/cattle/Texas/24-008749-003/2024(H5N1)	1204	12492
HA|PP755589.1|A/cattle/Texas/24-008749-003/2024(H5N1)	1205	12560
HA|PP755589.1|A/cattle/Texas/24-008749-003/2024(H5N1)	1206	12603
HA|PP755589.1|A/cattle/Texas/24-008749-003/2024(H5N1)	1207	12493
HA|PP755589.1|A/cattle/Texas/24-008749-003/2024(H5N1)	1208	12301
HA|PP755589.1|A/cattle/Texas/24-008749-003/2024(H5N1)	1209	12108
HA|PP755589.1|A/cattle/Texas/24-008749-003/2024(H5N1)	1210	12155
HA|PP755589.1|A/cattle/Texas/24-008749-003/2024(H5N1)	1211	12211
HA|PP755589.1|A/cattle/Texas/24-008749-003/2024(H5N1)	1212	12212
HA|PP755589.1|A/cattle/Texas/24-008749-003/2024(H5N1)	1213	12498
HA|PP755589.1|A/cattle/Texas/24-008749-003/2024(H5N1)	1214	12486
HA|PP755589.1|A/cattle/Texas/24-008749-003/2024(H5N1)	1215	12649
HA|PP755589.1|A/cattle/Texas/24-008749-003/2024(H5N1)	1216	12631
HA|PP755589.1|A/cattle/Texas/24-008749-003/2024(H5N1)	1217	12820
HA|PP755589.1|A/cattle/Texas/24-008749-003/2024(H5N1)	1218	12723
HA|PP755589.1|A/cattle/Texas/24-008749-003/2024(H5N1)	1219	12828
HA|PP755589.1|A/cattle/Texas/24-008749-003/2024(H5N1)	1220	12818
HA|PP755589.1|A/cattle/Texas/24-008749-003/2024(H5N1)	1221	13149
HA|PP755589.1|A/cattle/Texas/24-008749-003/2024(H5N1)	1222	13150
HA|PP755589.1|A/cattle/Texas/24-008749-003/2024(H5N1)	1223	13102
HA|PP755589.1|A/cattle/Texas/24-008749-003/2024(H5N1)	1224	13049
HA|PP755589.1|A/cattle/Texas/24-008749-003/2024(H5N1)	1225	13040
HA|PP755589.1|A/cattle/Texas/24-008749-003/2024(H5N1)	1226	12876
HA|PP755589.1|A/cattle/Texas/24-008749-003/2024(H5N1)	1227	12860
HA|PP755589.1|A/cattle/Texas/24-008749-003/2024(H5N1)	1228	12819
HA|PP755589.1|A/cattle/Texas/24-008749-003/2024(H5N1)	1229	12919
HA|PP755589.1|A/cattle/Texas/24-008749-003/2024(H5N1)	1230	12676
HA|PP755589.1|A/cattle/Texas/24-008749-003/2024(H5N1)	1231	13280
HA|PP755589.1|A/cattle/Texas/24-008749-003/2024(H5N1)	1232	13379
HA|PP755589.1|A/cattle/Texas/24-008749-003/2024(H5N1)	1233	13353
HA|PP755589.1|A/cattle/Texas/24-008749-003/2024(H5N1)	1234	13381
HA|PP755589.1|A/cattle/Texas/24-008749-003/2024(H5N1)	1235	13416
HA|PP755589.1|A/cattle/Texas/24-008749-003/2024(H5N1)	1236	13585
HA|PP755589.1|A/cattle/Texas/24-008749-003/2024(H5N1)	1237	13480
HA|PP755589.1|A/cattle/Texas/24-008749-003/2024(H5N1)	1238	13409
HA|PP755589.1|A/cattle/Texas/24-008749-003/2024(H5N1)	1239	13568
HA|PP755589.1|A/cattle/Texas/24-008749-003/2024(H5N1)	1240	13864
HA|PP755589.1|A/cattle/Texas/24-008749-003/2024(H5N1)	1241	13296
HA|PP755589.1|A/cattle/Texas/24-008749-003/2024(H5N1)	1242	13510
HA|PP755589.1|A/cattle/Texas/24-008749-003/2024(H5N1)	1243	13499
HA|PP755589.1|A/cattle/Texas/24-008749-003/2024(H5N1)	1244	13450
HA|PP755589.1|A/cattle/Texas/24-008749-003/2024(H5N1)	1245	13588
HA|PP755589.1|A/cattle/Texas/24-008749-003/2024(H5N1)	1246	13582
HA|PP755589.1|A/cattle/Texas/24-008749-003/2024(H5N1)	1247	13570
HA|PP755589.1|A/cattle/Texas/24-008749-003/2024(H5N1)	1248	13479
HA|PP755589.1|A/cattle/Texas/24-008749-003/2024(H5N1)	1249	13103
HA|PP755589.1|A/cattle/Texas/24-008749-003/2024(H5N1)	1250	13155
HA|PP755589.1|A/cattle/Texas/24-008749-003/2024(H5N1)	1251	13030
HA|PP755589.1|A/cattle/Texas/24-008749-003/2024(H5N1)	1252	12952
HA|PP755589.1|A/cattle/Texas/24-008749-003/2024(H5N1)	1253	12956
HA|PP755589.1|A/cattle/Texas/24-008749-003/2024(H5N1)	1254	12858
HA|PP755589.1|A/cattle/Texas/24-008749-003/2024(H5N1)	1255	12898
HA|PP755589.1|A/cattle/Texas/24-008749-003/2024(H5N1)	1256	13050
HA|PP755589.1|A/cattle/Texas/24-008749-003/2024(H5N1)	1257	13099
HA|PP755589.1|A/cattle/Texas/24-008749-003/2024(H5N1)	1258	13024
HA|PP755589.1|A/cattle/Texas/24-008749-003/2024(H5N1)	1259	13010
HA|PP755589.1|A/cattle/Texas/24-008749-003/2024(H5N1)	1260	13017
HA|PP755589.1|A/cattle/Texas/24-008749-003/2024(H5N1)	1261	12959
HA|PP755589.1|A/cattle/Texas/24-008749-003/2024(H5N1)	1262	13247
HA|PP755589.1|A/cattle/Texas/24-008749-003/2024(H5N1)	1263	13591
HA|PP755589.1|A/cattle/Texas/24-008749-003/2024(H5N1)	1264	13630
HA|PP755589.1|A/cattle/Texas/24-008749-003/2024(H5N1)	1265	13376
HA|PP755589.1|A/cattle/Texas/24-008749-003/2024(H5N1)	1266	13092
HA|PP755589.1|A/cattle/Texas/24-008749-003/2024(H5N1)	1267	12967
HA|PP755589.1|A/cattle/Texas/24-008749-003/2024(H5N1)	1268	12875
HA|PP755589.1|A/cattle/Texas/24-008749-003/2024(H5N1)	1269	12926
HA|PP755589.1|A/cattle/Texas/24-008749-003/2024(H5N1)	1270	13355
HA|PP755589.1|A/cattle/Texas/24-008749-003/2024(H5N1)	1271	12768
HA|PP755589.1|A/cattle/Texas/24-008749-003/2024(H5N1)	1272	12729
HA|PP755589.1|A/cattle/Texas/24-008749-003/2024(H5N1)	1273	12621
HA|PP755589.1|A/cattle/Texas/24-008749-003/2024(H5N1)	1274	12776
HA|PP755589.1|A/cattle/Texas/24-008749-003/2024(H5N1)	1275	12799
HA|PP755589.1|A/cattle/Texas/24-008749-003/2024(H5N1)	1276	12625
HA|PP755589.1|A/cattle/Texas/24-008749-003/2024(H5N1)	1277	12604
HA|PP755589.1|A/cattle/Texas/24-008749-003/2024(H5N1)	1278	12436
HA|PP755589.1|A/cattle/Texas/24-008749-003/2024(H5N1)	1279	12733
HA|PP755589.1|A/cattle/Texas/24-008749-003/2024(H5N1)	1280	12808
HA|PP755589.1|A/cattle/Texas/24-008749-003/2024(H5N1)	1281	12712
HA|PP755589.1|A/cattle/Texas/24-008749-003/2024(H5N1)	1282	12689
HA|PP755589.1|A/cattle/Texas/24-008749-003/2024(H5N1)	1283	12624
HA|PP755589.1|A/cattle/Texas/24-008749-003/2024(H5N1)	1284	12580
HA|PP755589.1|A/cattle/Texas/24-008749-003/2024(H5N1)	1285	12629
HA|PP755589.1|A/cattle/Texas/24-008749-003/2024(H5N1)	1286	12665
HA|PP755589.1|A/cattle/Texas/24-008749-003/2024(H5N1)	1287	12635
HA|PP755589.1|A/cattle/Texas/24-008749-003/2024(H5N1)	1288	12794
HA|PP755589.1|A/cattle/Texas/24-008749-003/2024(H5N1)	1289	12676
HA|PP755589.1|A/cattle/Texas/24-008749-003/2024(H5N1)	1290	12618
HA|PP755589.1|A/cattle/Texas/24-008749-003/2024(H5N1)	1291	12644
HA|PP755589.1|A/cattle/Texas/24-008749-003/2024(H5N1)	1292	12813
HA|PP755589.1|A/cattle/Texas/24-008749-003/2024(H5N1)	1293	13053
HA|PP755589.1|A/cattle/Texas/24-008749-003/2024(H5N1)	1294	12987
HA|PP755589.1|A/cattle/Texas/24-008749-003/2024(H5N1)	1295	13086
HA|PP755589.1|A/cattle/Texas/24-008749-003/2024(H5N1)	1296	13118
HA|PP755589.1|A/cattle/Texas/24-008749-003/2024(H5N1)	1297	13087
HA|PP755589.1|A/cattle/Texas/24-008749-003/2024(H5N1)	1298	13322
HA|PP755589.1|A/cattle/Texas/24-008749-003/2024(H5N1)	1299	13446
HA|PP755589.1|A/cattle/Texas/24-008749-003/2024(H5N1)	1300	13384
HA|PP755589.1|A/cattle/Texas/24-008749-003/2024(H5N1)	1301	13371
HA|PP755589.1|A/cattle/Texas/24-008749-003/2024(H5N1)	1302	13362
HA|PP755589.1|A/cattle/Texas/24-008749-003/2024(H5N1)	1303	13372
HA|PP755589.1|A/cattle/Texas/24-008749-003/2024(H5N1)	1304	13314
HA|PP755589.1|A/cattle/Texas/24-008749-003/2024(H5N1)	1305	13621
HA|PP755589.1|A/cattle/Texas/24-008749-003/2024(H5N1)	1306	13961
HA|PP755589.1|A/cattle/Texas/24-008749-003/2024(H5N1)	1307	13650
HA|PP755589.1|A/cattle/Texas/24-008749-003/2024(H5N1)	1308	13498
HA|PP755589.1|A/cattle/Texas/24-008749-003/2024(H5N1)	1309	13451
HA|PP755589.1|A/cattle/Texas/24-008749-003/2024(H5N1)	1310	13480
HA|PP755589.1|A/cattle/Texas/24-008749-003/2024(H5N1)	1311	13713
HA|PP755589.1|A/cattle/Texas/24-008749-003/2024(H5N1)	1312	13746
HA|PP755589.1|A/cattle/Texas/24-008749-003/2024(H5N1)	1313	13831
HA|PP755589.1|A/cattle/Texas/24-008749-003/2024(H5N1)	1314	13840
HA|PP755589.1|A/cattle/Texas/24-008749-003/2024(H5N1)	1315	13403
HA|PP755589.1|A/cattle/Texas/24-008749-003/2024(H5N1)	1316	13504
HA|PP755589.1|A/cattle/Texas/24-008749-003/2024(H5N1)	1317	13495
HA|PP755589.1|A/cattle/Texas/24-008749-003/2024(H5N1)	1318	13494
HA|PP755589.1|A/cattle/Texas/24-008749-003/2024(H5N1)	1319	13714
HA|PP755589.1|A/cattle/Texas/24-008749-003/2024(H5N1)	1320	13214
HA|PP755589.1|A/cattle/Texas/24-008749-003/2024(H5N1)	1321	13194
HA|PP755589.1|A/cattle/Texas/24-008749-003/2024(H5N1)	1322	13105
HA|PP755589.1|A/cattle/Texas/24-008749-003/2024(H5N1)	1323	12536
HA|PP755589.1|A/cattle/Texas/24-008749-003/2024(H5N1)	1324	12583
HA|PP755589.1|A/cattle/Texas/24-008749-003/2024(H5N1)	1325	12533
HA|PP755589.1|A/cattle/Texas/24-008749-003/2024(H5N1)	1326	12459
HA|PP755589.1|A/cattle/Texas/24-008749-003/2024(H5N1)	1327	12615
HA|PP755589.1|A/cattle/Texas/24-008749-003/2024(H5N1)	1328	12286
HA|PP755589.1|A/cattle/Texas/24-008749-003/2024(H5N1)	1329	12362
HA|PP755589.1|A/cattle/Texas/24-008749-003/2024(H5N1)	1330	12147
HA|PP755589.1|A/cattle/Texas/24-008749-003/2024(H5N1)	1331	12146
HA|PP755589.1|A/cattle/Texas/24-008749-003/2024(H5N1)	1332	12148
HA|PP755589.1|A/cattle/Texas/24-008749-003/2024(H5N1)	1333	12128
HA|PP755589.1|A/cattle/Texas/24-008749-003/2024(H5N1)	1334	12140
HA|PP755589.1|A/cattle/Texas/24-008749-003/2024(H5N1)	1335	12322
HA|PP755589.1|A/cattle/Texas/24-008749-003/2024(H5N1)	1336	12148
HA|PP755589.1|A/cattle/Texas/24-008749-003/2024(H5N1)	1337	12190
HA|PP755589.1|A/cattle/Texas/24-008749-003/2024(H5N1)	1338	11990
HA|PP755589.1|A/cattle/Texas/24-008749-003/2024(H5N1)	1339	11999
HA|PP755589.1|A/cattle/Texas/24-008749-003/2024(H5N1)	1340	12023
HA|PP755589.1|A/cattle/Texas/24-008749-003/2024(H5N1)	1341	12030
HA|PP755589.1|A/cattle/Texas/24-008749-003/2024(H5N1)	1342	12114
HA|PP755589.1|A/cattle/Texas/24-008749-003/2024(H5N1)	1343	12109
HA|PP755589.1|A/cattle/Texas/24-008749-003/2024(H5N1)	1344	11984
HA|PP755589.1|A/cattle/Texas/24-008749-003/2024(H5N1)	1345	12042
HA|PP755589.1|A/cattle/Texas/24-008749-003/2024(H5N1)	1346	12067
HA|PP755589.1|A/cattle/Texas/24-008749-003/2024(H5N1)	1347	12229
HA|PP755589.1|A/cattle/Texas/24-008749-003/2024(H5N1)	1348	12226
HA|PP755589.1|A/cattle/Texas/24-008749-003/2024(H5N1)	1349	12123
HA|PP755589.1|A/cattle/Texas/24-008749-003/2024(H5N1)	1350	12125
HA|PP755589.1|A/cattle/Texas/24-008749-003/2024(H5N1)	1351	12058
HA|PP755589.1|A/cattle/Texas/24-008749-003/2024(H5N1)	1352	12183
HA|PP755589.1|A/cattle/Texas/24-008749-003/2024(H5N1)	1353	12302
HA|PP755589.1|A/cattle/Texas/24-008749-003/2024(H5N1)	1354	12378
HA|PP755589.1|A/cattle/Texas/24-008749-003/2024(H5N1)	1355	12721
HA|PP755589.1|A/cattle/Texas/24-008749-003/2024(H5N1)	1356	12579
HA|PP755589.1|A/cattle/Texas/24-008749-003/2024(H5N1)	1357	12696
HA|PP755589.1|A/cattle/Texas/24-008749-003/2024(H5N1)	1358	12698
HA|PP755589.1|A/cattle/Texas/24-008749-003/2024(H5N1)	1359	12734
HA|PP755589.1|A/cattle/Texas/24-008749-003/2024(H5N1)	1360	12660
HA|PP755589.1|A/cattle/Texas/24-008749-003/2024(H5N1)	1361	12782
HA|PP755589.1|A/cattle/Texas/24-008749-003/2024(H5N1)	1362	12760
HA|PP755589.1|A/cattle/Texas/24-008749-003/2024(H5N1)	1363	12682
HA|PP755589.1|A/cattle/Texas/24-008749-003/2024(H5N1)	1364	12595
HA|PP755589.1|A/cattle/Texas/24-008749-003/2024(H5N1)	1365	12553
HA|PP755589.1|A/cattle/Texas/24-008749-003/2024(H5N1)	1366	12453
HA|PP755589.1|A/cattle/Texas/24-008749-003/2024(H5N1)	1367	12449
HA|PP755589.1|A/cattle/Texas/24-008749-003/2024(H5N1)	1368	12328
HA|PP755589.1|A/cattle/Texas/24-008749-003/2024(H5N1)	1369	12330
HA|PP755589.1|A/cattle/Texas/24-008749-003/2024(H5N1)	1370	12548
HA|PP755589.1|A/cattle/Texas/24-008749-003/2024(H5N1)	1371	12687
HA|PP755589.1|A/cattle/Texas/24-008749-003/2024(H5N1)	1372	12455
HA|PP755589.1|A/cattle/Texas/24-008749-003/2024(H5N1)	1373	12543
HA|PP755589.1|A/cattle/Texas/24-008749-003/2024(H5N1)	1374	12525
HA|PP755589.1|A/cattle/Texas/24-008749-003/2024(H5N1)	1375	12537
HA|PP755589.1|A/cattle/Texas/24-008749-003/2024(H5N1)	1376	12783
HA|PP755589.1|A/cattle/Texas/24-008749-003/2024(H5N1)	1377	12789
HA|PP755589.1|A/cattle/Texas/24-008749-003/2024(H5N1)	1378	13296
HA|PP755589.1|A/cattle/Texas/24-008749-003/2024(H5N1)	1379	13206
HA|PP755589.1|A/cattle/Texas/24-008749-003/2024(H5N1)	1380	13119
HA|PP755589.1|A/cattle/Texas/24-008749-003/2024(H5N1)	1381	13124
HA|PP755589.1|A/cattle/Texas/24-008749-003/2024(H5N1)	1382	12691
HA|PP755589.1|A/cattle/Texas/24-008749-003/2024(H5N1)	1383	12672
HA|PP755589.1|A/cattle/Texas/24-008749-003/2024(H5N1)	1384	12739
HA|PP755589.1|A/cattle/Texas/24-008749-003/2024(H5N1)	1385	12722
HA|PP755589.1|A/cattle/Texas/24-008749-003/2024(H5N1)	1386	12954
HA|PP755589.1|A/cattle/Texas/24-008749-003/2024(H5N1)	1387	12736
HA|PP755589.1|A/cattle/Texas/24-008749-003/2024(H5N1)	1388	12491
HA|PP755589.1|A/cattle/Texas/24-008749-003/2024(H5N1)	1389	12483
HA|PP755589.1|A/cattle/Texas/24-008749-003/2024(H5N1)	1390	12463
HA|PP755589.1|A/cattle/Texas/24-008749-003/2024(H5N1)	1391	12283
HA|PP755589.1|A/cattle/Texas/24-008749-003/2024(H5N1)	1392	12208
HA|PP755589.1|A/cattle/Texas/24-008749-003/2024(H5N1)	1393	12214
HA|PP755589.1|A/cattle/Texas/24-008749-003/2024(H5N1)	1394	12254
HA|PP755589.1|A/cattle/Texas/24-008749-003/2024(H5N1)	1395	12180
HA|PP755589.1|A/cattle/Texas/24-008749-003/2024(H5N1)	1396	11974
HA|PP755589.1|A/cattle/Texas/24-008749-003/2024(H5N1)	1397	12053
HA|PP755589.1|A/cattle/Texas/24-008749-003/2024(H5N1)	1398	12237
HA|PP755589.1|A/cattle/Texas/24-008749-003/2024(H5N1)	1399	12322
HA|PP755589.1|A/cattle/Texas/24-008749-003/2024(H5N1)	1400	12318
HA|PP755589.1|A/cattle/Texas/24-008749-003/2024(H5N1)	1401	12206
HA|PP755589.1|A/cattle/Texas/24-008749-003/2024(H5N1)	1402	12164
HA|PP755589.1|A/cattle/Texas/24-008749-003/2024(H5N1)	1403	12859
HA|PP755589.1|A/cattle/Texas/24-008749-003/2024(H5N1)	1404	12910
HA|PP755589.1|A/cattle/Texas/24-008749-003/2024(H5N1)	1405	13043
HA|PP755589.1|A/cattle/Texas/24-008749-003/2024(H5N1)	1406	12985
HA|PP755589.1|A/cattle/Texas/24-008749-003/2024(H5N1)	1407	12825
HA|PP755589.1|A/cattle/Texas/24-008749-003/2024(H5N1)	1408	12802
HA|PP755589.1|A/cattle/Texas/24-008749-003/2024(H5N1)	1409	12680
HA|PP755589.1|A/cattle/Texas/24-008749-003/2024(H5N1)	1410	13460
HA|PP755589.1|A/cattle/Texas/24-008749-003/2024(H5N1)	1411	13447
HA|PP755589.1|A/cattle/Texas/24-008749-003/2024(H5N1)	1412	12902
HA|PP755589.1|A/cattle/Texas/24-008749-003/2024(H5N1)	1413	12902
HA|PP755589.1|A/cattle/Texas/24-008749-003/2024(H5N1)	1414	12758
HA|PP755589.1|A/cattle/Texas/24-008749-003/2024(H5N1)	1415	12836
HA|PP755589.1|A/cattle/Texas/24-008749-003/2024(H5N1)	1416	13094
HA|PP755589.1|A/cattle/Texas/24-008749-003/2024(H5N1)	1417	13089
HA|PP755589.1|A/cattle/Texas/24-008749-003/2024(H5N1)	1418	13065
HA|PP755589.1|A/cattle/Texas/24-008749-003/2024(H5N1)	1419	12454
HA|PP755589.1|A/cattle/Texas/24-008749-003/2024(H5N1)	1420	12327
HA|PP755589.1|A/cattle/Texas/24-008749-003/2024(H5N1)	1421	13206
HA|PP755589.1|A/cattle/Texas/24-008749-003/2024(H5N1)	1422	13219
HA|PP755589.1|A/cattle/Texas/24-008749-003/2024(H5N1)	1423	13271
HA|PP755589.1|A/cattle/Texas/24-008749-003/2024(H5N1)	1424	13309
HA|PP755589.1|A/cattle/Texas/24-008749-003/2024(H5N1)	1425	12958
HA|PP755589.1|A/cattle/Texas/24-008749-003/2024(H5N1)	1426	12961
HA|PP755589.1|A/cattle/Texas/24-008749-003/2024(H5N1)	1427	12958
HA|PP755589.1|A/cattle/Texas/24-008749-003/2024(H5N1)	1428	13042
HA|PP755589.1|A/cattle/Texas/24-008749-003/2024(H5N1)	1429	13308
HA|PP755589.1|A/cattle/Texas/24-008749-003/2024(H5N1)	1430	12680
HA|PP755589.1|A/cattle/Texas/24-008749-003/2024(H5N1)	1431	12725
HA|PP755589.1|A/cattle/Texas/24-008749-003/2024(H5N1)	1432	12799
HA|PP755589.1|A/cattle/Texas/24-008749-003/2024(H5N1)	1433	12999
HA|PP755589.1|A/cattle/Texas/24-008749-003/2024(H5N1)	1434	13859
HA|PP755589.1|A/cattle/Texas/24-008749-003/2024(H5N1)	1435	14131
HA|PP755589.1|A/cattle/Texas/24-008749-003/2024(H5N1)	1436	14112
HA|PP755589.1|A/cattle/Texas/24-008749-003/2024(H5N1)	1437	14057
HA|PP755589.1|A/cattle/Texas/24-008749-003/2024(H5N1)	1438	14041
HA|PP755589.1|A/cattle/Texas/24-008749-003/2024(H5N1)	1439	14030
HA|PP755589.1|A/cattle/Texas/24-008749-003/2024(H5N1)	1440	14046
HA|PP755589.1|A/cattle/Texas/24-008749-003/2024(H5N1)	1441	14091
HA|PP755589.1|A/cattle/Texas/24-008749-003/2024(H5N1)	1442	14122
HA|PP755589.1|A/cattle/Texas/24-008749-003/2024(H5N1)	1443	13725
HA|PP755589.1|A/cattle/Texas/24-008749-003/2024(H5N1)	1444	13603
HA|PP755589.1|A/cattle/Texas/24-008749-003/2024(H5N1)	1445	13743
HA|PP755589.1|A/cattle/Texas/24-008749-003/2024(H5N1)	1446	13750
HA|PP755589.1|A/cattle/Texas/24-008749-003/2024(H5N1)	1447	13817
HA|PP755589.1|A/cattle/Texas/24-008749-003/2024(H5N1)	1448	13793
HA|PP755589.1|A/cattle/Texas/24-008749-003/2024(H5N1)	1449	13609
HA|PP755589.1|A/cattle/Texas/24-008749-003/2024(H5N1)	1450	13619
HA|PP755589.1|A/cattle/Texas/24-008749-003/2024(H5N1)	1451	13605
HA|PP755589.1|A/cattle/Texas/24-008749-003/2024(H5N1)	1452	13692
HA|PP755589.1|A/cattle/Texas/24-008749-003/2024(H5N1)	1453	13761
HA|PP755589.1|A/cattle/Texas/24-008749-003/2024(H5N1)	1454	13680
HA|PP755589.1|A/cattle/Texas/24-008749-003/2024(H5N1)	1455	13312
HA|PP755589.1|A/cattle/Texas/24-008749-003/2024(H5N1)	1456	13268
HA|PP755589.1|A/cattle/Texas/24-008749-003/2024(H5N1)	1457	13306
HA|PP755589.1|A/cattle/Texas/24-008749-003/2024(H5N1)	1458	13330
HA|PP755589.1|A/cattle/Texas/24-008749-003/2024(H5N1)	1459	13335
HA|PP755589.1|A/cattle/Texas/24-008749-003/2024(H5N1)	1460	13439
HA|PP755589.1|A/cattle/Texas/24-008749-003/2024(H5N1)	1461	13365
HA|PP755589.1|A/cattle/Texas/24-008749-003/2024(H5N1)	1462	13353
HA|PP755589.1|A/cattle/Texas/24-008749-003/2024(H5N1)	1463	13350
HA|PP755589.1|A/cattle/Texas/24-008749-003/2024(H5N1)	1464	13252
HA|PP755589.1|A/cattle/Texas/24-008749-003/2024(H5N1)	1465	13019
HA|PP755589.1|A/cattle/Texas/24-008749-003/2024(H5N1)	1466	13053
HA|PP755589.1|A/cattle/Texas/24-008749-003/2024(H5N1)	1467	12959
HA|PP755589.1|A/cattle/Texas/24-008749-003/2024(H5N1)	1468	12967
HA|PP755589.1|A/cattle/Texas/24-008749-003/2024(H5N1)	1469	13019
HA|PP755589.1|A/cattle/Texas/24-008749-003/2024(H5N1)	1470	12843
HA|PP755589.1|A/cattle/Texas/24-008749-003/2024(H5N1)	1471	13085
HA|PP755589.1|A/cattle/Texas/24-008749-003/2024(H5N1)	1472	13215
HA|PP755589.1|A/cattle/Texas/24-008749-003/2024(H5N1)	1473	13218
HA|PP755589.1|A/cattle/Texas/24-008749-003/2024(H5N1)	1474	13256
HA|PP755589.1|A/cattle/Texas/24-008749-003/2024(H5N1)	1475	13270
HA|PP755589.1|A/cattle/Texas/24-008749-003/2024(H5N1)	1476	13468
HA|PP755589.1|A/cattle/Texas/24-008749-003/2024(H5N1)	1477	13909
HA|PP755589.1|A/cattle/Texas/24-008749-003/2024(H5N1)	1478	13855
HA|PP755589.1|A/cattle/Texas/24-008749-003/2024(H5N1)	1479	14084
HA|PP755589.1|A/cattle/Texas/24-008749-003/2024(H5N1)	1480	14691
HA|PP755589.1|A/cattle/Texas/24-008749-003/2024(H5N1)	1481	14698
HA|PP755589.1|A/cattle/Texas/24-008749-003/2024(H5N1)	1482	14685
HA|PP755589.1|A/cattle/Texas/24-008749-003/2024(H5N1)	1483	14685
HA|PP755589.1|A/cattle/Texas/24-008749-003/2024(H5N1)	1484	14643
HA|PP755589.1|A/cattle/Texas/24-008749-003/2024(H5N1)	1485	14619
HA|PP755589.1|A/cattle/Texas/24-008749-003/2024(H5N1)	1486	14322
HA|PP755589.1|A/cattle/Texas/24-008749-003/2024(H5N1)	1487	14676
HA|PP755589.1|A/cattle/Texas/24-008749-003/2024(H5N1)	1488	14487
HA|PP755589.1|A/cattle/Texas/24-008749-003/2024(H5N1)	1489	14490
HA|PP755589.1|A/cattle/Texas/24-008749-003/2024(H5N1)	1490	14495
HA|PP755589.1|A/cattle/Texas/24-008749-003/2024(H5N1)	1491	14501
HA|PP755589.1|A/cattle/Texas/24-008749-003/2024(H5N1)	1492	14509
HA|PP755589.1|A/cattle/Texas/24-008749-003/2024(H5N1)	1493	14717
HA|PP755589.1|A/cattle/Texas/24-008749-003/2024(H5N1)	1494	14775
HA|PP755589.1|A/cattle/Texas/24-008749-003/2024(H5N1)	1495	14763
HA|PP755589.1|A/cattle/Texas/24-008749-003/2024(H5N1)	1496	14729
HA|PP755589.1|A/cattle/Texas/24-008749-003/2024(H5N1)	1497	14687
HA|PP755589.1|A/cattle/Texas/24-008749-003/2024(H5N1)	1498	14566
HA|PP755589.1|A/cattle/Texas/24-008749-003/2024(H5N1)	1499	14656
HA|PP755589.1|A/cattle/Texas/24-008749-003/2024(H5N1)	1500	14681
HA|PP755589.1|A/cattle/Texas/24-008749-003/2024(H5N1)	1501	15020
HA|PP755589.1|A/cattle/Texas/24-008749-003/2024(H5N1)	1502	14972
HA|PP755589.1|A/cattle/Texas/24-008749-003/2024(H5N1)	1503	15059
HA|PP755589.1|A/cattle/Texas/24-008749-003/2024(H5N1)	1504	15157
HA|PP755589.1|A/cattle/Texas/24-008749-003/2024(H5N1)	1505	15114
HA|PP755589.1|A/cattle/Texas/24-008749-003/2024(H5N1)	1506	16036
HA|PP755589.1|A/cattle/Texas/24-008749-003/2024(H5N1)	1507	16061
HA|PP755589.1|A/cattle/Texas/24-008749-003/2024(H5N1)	1508	16136
HA|PP755589.1|A/cattle/Texas/24-008749-003/2024(H5N1)	1509	16093
HA|PP755589.1|A/cattle/Texas/24-008749-003/2024(H5N1)	1510	15858
HA|PP755589.1|A/cattle/Texas/24-008749-003/2024(H5N1)	1511	16347
HA|PP755589.1|A/cattle/Texas/24-008749-003/2024(H5N1)	1512	16467
HA|PP755589.1|A/cattle/Texas/24-008749-003/2024(H5N1)	1513	16837
HA|PP755589.1|A/cattle/Texas/24-008749-003/2024(H5N1)	1514	16817
HA|PP755589.1|A/cattle/Texas/24-008749-003/2024(H5N1)	1515	16586
HA|PP755589.1|A/cattle/Texas/24-008749-003/2024(H5N1)	1516	16630
HA|PP755589.1|A/cattle/Texas/24-008749-003/2024(H5N1)	1517	16565
HA|PP755589.1|A/cattle/Texas/24-008749-003/2024(H5N1)	1518	17327
HA|PP755589.1|A/cattle/Texas/24-008749-003/2024(H5N1)	1519	17329
HA|PP755589.1|A/cattle/Texas/24-008749-003/2024(H5N1)	1520	17550
HA|PP755589.1|A/cattle/Texas/24-008749-003/2024(H5N1)	1521	17418
HA|PP755589.1|A/cattle/Texas/24-008749-003/2024(H5N1)	1522	17192
HA|PP755589.1|A/cattle/Texas/24-008749-003/2024(H5N1)	1523	17200
HA|PP755589.1|A/cattle/Texas/24-008749-003/2024(H5N1)	1524	17015
HA|PP755589.1|A/cattle/Texas/24-008749-003/2024(H5N1)	1525	17185
HA|PP755589.1|A/cattle/Texas/24-008749-003/2024(H5N1)	1526	17699
HA|PP755589.1|A/cattle/Texas/24-008749-003/2024(H5N1)	1527	17117
HA|PP755589.1|A/cattle/Texas/24-008749-003/2024(H5N1)	1528	17126
HA|PP755589.1|A/cattle/Texas/24-008749-003/2024(H5N1)	1529	16965
HA|PP755589.1|A/cattle/Texas/24-008749-003/2024(H5N1)	1530	16961
HA|PP755589.1|A/cattle/Texas/24-008749-003/2024(H5N1)	1531	16948
HA|PP755589.1|A/cattle/Texas/24-008749-003/2024(H5N1)	1532	16958
HA|PP755589.1|A/cattle/Texas/24-008749-003/2024(H5N1)	1533	16946
HA|PP755589.1|A/cattle/Texas/24-008749-003/2024(H5N1)	1534	16963
HA|PP755589.1|A/cattle/Texas/24-008749-003/2024(H5N1)	1535	17033
HA|PP755589.1|A/cattle/Texas/24-008749-003/2024(H5N1)	1536	18350
HA|PP755589.1|A/cattle/Texas/24-008749-003/2024(H5N1)	1537	18220
HA|PP755589.1|A/cattle/Texas/24-008749-003/2024(H5N1)	1538	18165
HA|PP755589.1|A/cattle/Texas/24-008749-003/2024(H5N1)	1539	18418
HA|PP755589.1|A/cattle/Texas/24-008749-003/2024(H5N1)	1540	18429
HA|PP755589.1|A/cattle/Texas/24-008749-003/2024(H5N1)	1541	18461
HA|PP755589.1|A/cattle/Texas/24-008749-003/2024(H5N1)	1542	18462
HA|PP755589.1|A/cattle/Texas/24-008749-003/2024(H5N1)	1543	18384
HA|PP755589.1|A/cattle/Texas/24-008749-003/2024(H5N1)	1544	18492
HA|PP755589.1|A/cattle/Texas/24-008749-003/2024(H5N1)	1545	18637
HA|PP755589.1|A/cattle/Texas/24-008749-003/2024(H5N1)	1546	18694
HA|PP755589.1|A/cattle/Texas/24-008749-003/2024(H5N1)	1547	18702
HA|PP755589.1|A/cattle/Texas/24-008749-003/2024(H5N1)	1548	18658
HA|PP755589.1|A/cattle/Texas/24-008749-003/2024(H5N1)	1549	19099
HA|PP755589.1|A/cattle/Texas/24-008749-003/2024(H5N1)	1550	19129
HA|PP755589.1|A/cattle/Texas/24-008749-003/2024(H5N1)	1551	19231
HA|PP755589.1|A/cattle/Texas/24-008749-003/2024(H5N1)	1552	19230
HA|PP755589.1|A/cattle/Texas/24-008749-003/2024(H5N1)	1553	19153
HA|PP755589.1|A/cattle/Texas/24-008749-003/2024(H5N1)	1554	18721
HA|PP755589.1|A/cattle/Texas/24-008749-003/2024(H5N1)	1555	18682
HA|PP755589.1|A/cattle/Texas/24-008749-003/2024(H5N1)	1556	18582
HA|PP755589.1|A/cattle/Texas/24-008749-003/2024(H5N1)	1557	18585
HA|PP755589.1|A/cattle/Texas/24-008749-003/2024(H5N1)	1558	18209
HA|PP755589.1|A/cattle/Texas/24-008749-003/2024(H5N1)	1559	18274
HA|PP755589.1|A/cattle/Texas/24-008749-003/2024(H5N1)	1560	18243
HA|PP755589.1|A/cattle/Texas/24-008749-003/2024(H5N1)	1561	17769
HA|PP755589.1|A/cattle/Texas/24-008749-003/2024(H5N1)	1562	17781
HA|PP755589.1|A/cattle/Texas/24-008749-003/2024(H5N1)	1563	17787
HA|PP755589.1|A/cattle/Texas/24-008749-003/2024(H5N1)	1564	17827
HA|PP755589.1|A/cattle/Texas/24-008749-003/2024(H5N1)	1565	17868
HA|PP755589.1|A/cattle/Texas/24-008749-003/2024(H5N1)	1566	17885
HA|PP755589.1|A/cattle/Texas/24-008749-003/2024(H5N1)	1567	17685
HA|PP755589.1|A/cattle/Texas/24-008749-003/2024(H5N1)	1568	17634
HA|PP755589.1|A/cattle/Texas/24-008749-003/2024(H5N1)	1569	17600
HA|PP755589.1|A/cattle/Texas/24-008749-003/2024(H5N1)	1570	17587
HA|PP755589.1|A/cattle/Texas/24-008749-003/2024(H5N1)	1571	17684
HA|PP755589.1|A/cattle/Texas/24-008749-003/2024(H5N1)	1572	17207
HA|PP755589.1|A/cattle/Texas/24-008749-003/2024(H5N1)	1573	17174
HA|PP755589.1|A/cattle/Texas/24-008749-003/2024(H5N1)	1574	17376
HA|PP755589.1|A/cattle/Texas/24-008749-003/2024(H5N1)	1575	17453
HA|PP755589.1|A/cattle/Texas/24-008749-003/2024(H5N1)	1576	17588
HA|PP755589.1|A/cattle/Texas/24-008749-003/2024(H5N1)	1577	17621
HA|PP755589.1|A/cattle/Texas/24-008749-003/2024(H5N1)	1578	17625
HA|PP755589.1|A/cattle/Texas/24-008749-003/2024(H5N1)	1579	17569
HA|PP755589.1|A/cattle/Texas/24-008749-003/2024(H5N1)	1580	17818
HA|PP755589.1|A/cattle/Texas/24-008749-003/2024(H5N1)	1581	17795
HA|PP755589.1|A/cattle/Texas/24-008749-003/2024(H5N1)	1582	17769
HA|PP755589.1|A/cattle/Texas/24-008749-003/2024(H5N1)	1583	17331
HA|PP755589.1|A/cattle/Texas/24-008749-003/2024(H5N1)	1584	16948
HA|PP755589.1|A/cattle/Texas/24-008749-003/2024(H5N1)	1585	16991
HA|PP755589.1|A/cattle/Texas/24-008749-003/2024(H5N1)	1586	17218
HA|PP755589.1|A/cattle/Texas/24-008749-003/2024(H5N1)	1587	17248
HA|PP755589.1|A/cattle/Texas/24-008749-003/2024(H5N1)	1588	17249
HA|PP755589.1|A/cattle/Texas/24-008749-003/2024(H5N1)	1589	16810
HA|PP755589.1|A/cattle/Texas/24-008749-003/2024(H5N1)	1590	16840
HA|PP755589.1|A/cattle/Texas/24-008749-003/2024(H5N1)	1591	16827
HA|PP755589.1|A/cattle/Texas/24-008749-003/2024(H5N1)	1592	16780
HA|PP755589.1|A/cattle/Texas/24-008749-003/2024(H5N1)	1593	17026
HA|PP755589.1|A/cattle/Texas/24-008749-003/2024(H5N1)	1594	17028
HA|PP755589.1|A/cattle/Texas/24-008749-003/2024(H5N1)	1595	16525
HA|PP755589.1|A/cattle/Texas/24-008749-003/2024(H5N1)	1596	16539
HA|PP755589.1|A/cattle/Texas/24-008749-003/2024(H5N1)	1597	17786
HA|PP755589.1|A/cattle/Texas/24-008749-003/2024(H5N1)	1598	17844
HA|PP755589.1|A/cattle/Texas/24-008749-003/2024(H5N1)	1599	17955
HA|PP755589.1|A/cattle/Texas/24-008749-003/2024(H5N1)	1600	17973
HA|PP755589.1|A/cattle/Texas/24-008749-003/2024(H5N1)	1601	17991
HA|PP755589.1|A/cattle/Texas/24-008749-003/2024(H5N1)	1602	18183
HA|PP755589.1|A/cattle/Texas/24-008749-003/2024(H5N1)	1603	18005
HA|PP755589.1|A/cattle/Texas/24-008749-003/2024(H5N1)	1604	18051
HA|PP755589.1|A/cattle/Texas/24-008749-003/2024(H5N1)	1605	18047
HA|PP755589.1|A/cattle/Texas/24-008749-003/2024(H5N1)	1606	18021
HA|PP755589.1|A/cattle/Texas/24-008749-003/2024(H5N1)	1607	18050
HA|PP755589.1|A/cattle/Texas/24-008749-003/2024(H5N1)	1608	18017
HA|PP755589.1|A/cattle/Texas/24-008749-003/2024(H5N1)	1609	18030
HA|PP755589.1|A/cattle/Texas/24-008749-003/2024(H5N1)	1610	18030
HA|PP755589.1|A/cattle/Texas/24-008749-003/2024(H5N1)	1611	17848
HA|PP755589.1|A/cattle/Texas/24-008749-003/2024(H5N1)	1612	17837
HA|PP755589.1|A/cattle/Texas/24-008749-003/2024(H5N1)	1613	17702
HA|PP755589.1|A/cattle/Texas/24-008749-003/2024(H5N1)	1614	17746
HA|PP755589.1|A/cattle/Texas/24-008749-003/2024(H5N1)	1615	17727
HA|PP755589.1|A/cattle/Texas/24-008749-003/2024(H5N1)	1616	17639
HA|PP755589.1|A/cattle/Texas/24-008749-003/2024(H5N1)	1617	17706
HA|PP755589.1|A/cattle/Texas/24-008749-003/2024(H5N1)	1618	17670
HA|PP755589.1|A/cattle/Texas/24-008749-003/2024(H5N1)	1619	17749
HA|PP755589.1|A/cattle/Texas/24-008749-003/2024(H5N1)	1620	17738
HA|PP755589.1|A/cattle/Texas/24-008749-003/2024(H5N1)	1621	17703
HA|PP755589.1|A/cattle/Texas/24-008749-003/2024(H5N1)	1622	18622
HA|PP755589.1|A/cattle/Texas/24-008749-003/2024(H5N1)	1623	18550
HA|PP755589.1|A/cattle/Texas/24-008749-003/2024(H5N1)	1624	18480
HA|PP755589.1|A/cattle/Texas/24-008749-003/2024(H5N1)	1625	18483
HA|PP755589.1|A/cattle/Texas/24-008749-003/2024(H5N1)	1626	18375
HA|PP755589.1|A/cattle/Texas/24-008749-003/2024(H5N1)	1627	18318
HA|PP755589.1|A/cattle/Texas/24-008749-003/2024(H5N1)	1628	17846
HA|PP755589.1|A/cattle/Texas/24-008749-003/2024(H5N1)	1629	17633
HA|PP755589.1|A/cattle/Texas/24-008749-003/2024(H5N1)	1630	17508
HA|PP755589.1|A/cattle/Texas/24-008749-003/2024(H5N1)	1631	15882
HA|PP755589.1|A/cattle/Texas/24-008749-003/2024(H5N1)	1632	15947
HA|PP755589.1|A/cattle/Texas/24-008749-003/2024(H5N1)	1633	15954
HA|PP755589.1|A/cattle/Texas/24-008749-003/2024(H5N1)	1634	15962
HA|PP755589.1|A/cattle/Texas/24-008749-003/2024(H5N1)	1635	15947
HA|PP755589.1|A/cattle/Texas/24-008749-003/2024(H5N1)	1636	15856
HA|PP755589.1|A/cattle/Texas/24-008749-003/2024(H5N1)	1637	15849
HA|PP755589.1|A/cattle/Texas/24-008749-003/2024(H5N1)	1638	15768
HA|PP755589.1|A/cattle/Texas/24-008749-003/2024(H5N1)	1639	15746
HA|PP755589.1|A/cattle/Texas/24-008749-003/2024(H5N1)	1640	15720
HA|PP755589.1|A/cattle/Texas/24-008749-003/2024(H5N1)	1641	15654
HA|PP755589.1|A/cattle/Texas/24-008749-003/2024(H5N1)	1642	15594
HA|PP755589.1|A/cattle/Texas/24-008749-003/2024(H5N1)	1643	15606
HA|PP755589.1|A/cattle/Texas/24-008749-003/2024(H5N1)	1644	15474
HA|PP755589.1|A/cattle/Texas/24-008749-003/2024(H5N1)	1645	15408
HA|PP755589.1|A/cattle/Texas/24-008749-003/2024(H5N1)	1646	15371
HA|PP755589.1|A/cattle/Texas/24-008749-003/2024(H5N1)	1647	14930
HA|PP755589.1|A/cattle/Texas/24-008749-003/2024(H5N1)	1648	15081
HA|PP755589.1|A/cattle/Texas/24-008749-003/2024(H5N1)	1649	15120
HA|PP755589.1|A/cattle/Texas/24-008749-003/2024(H5N1)	1650	15059
HA|PP755589.1|A/cattle/Texas/24-008749-003/2024(H5N1)	1651	14791
HA|PP755589.1|A/cattle/Texas/24-008749-003/2024(H5N1)	1652	14702
HA|PP755589.1|A/cattle/Texas/24-008749-003/2024(H5N1)	1653	14847
HA|PP755589.1|A/cattle/Texas/24-008749-003/2024(H5N1)	1654	14815
HA|PP755589.1|A/cattle/Texas/24-008749-003/2024(H5N1)	1655	14226
HA|PP755589.1|A/cattle/Texas/24-008749-003/2024(H5N1)	1656	14201
HA|PP755589.1|A/cattle/Texas/24-008749-003/2024(H5N1)	1657	13846
HA|PP755589.1|A/cattle/Texas/24-008749-003/2024(H5N1)	1658	13721
HA|PP755589.1|A/cattle/Texas/24-008749-003/2024(H5N1)	1659	13665
HA|PP755589.1|A/cattle/Texas/24-008749-003/2024(H5N1)	1660	13660
HA|PP755589.1|A/cattle/Texas/24-008749-003/2024(H5N1)	1661	13657
HA|PP755589.1|A/cattle/Texas/24-008749-003/2024(H5N1)	1662	13068
HA|PP755589.1|A/cattle/Texas/24-008749-003/2024(H5N1)	1663	12874
HA|PP755589.1|A/cattle/Texas/24-008749-003/2024(H5N1)	1664	12458
HA|PP755589.1|A/cattle/Texas/24-008749-003/2024(H5N1)	1665	12481
HA|PP755589.1|A/cattle/Texas/24-008749-003/2024(H5N1)	1666	11946
HA|PP755589.1|A/cattle/Texas/24-008749-003/2024(H5N1)	1667	11994
HA|PP755589.1|A/cattle/Texas/24-008749-003/2024(H5N1)	1668	11606
HA|PP755589.1|A/cattle/Texas/24-008749-003/2024(H5N1)	1669	11592
HA|PP755589.1|A/cattle/Texas/24-008749-003/2024(H5N1)	1670	11414
HA|PP755589.1|A/cattle/Texas/24-008749-003/2024(H5N1)	1671	11207
HA|PP755589.1|A/cattle/Texas/24-008749-003/2024(H5N1)	1672	11183
HA|PP755589.1|A/cattle/Texas/24-008749-003/2024(H5N1)	1673	11181
HA|PP755589.1|A/cattle/Texas/24-008749-003/2024(H5N1)	1674	11004
HA|PP755589.1|A/cattle/Texas/24-008749-003/2024(H5N1)	1675	10980
HA|PP755589.1|A/cattle/Texas/24-008749-003/2024(H5N1)	1676	10436
HA|PP755589.1|A/cattle/Texas/24-008749-003/2024(H5N1)	1677	10315
HA|PP755589.1|A/cattle/Texas/24-008749-003/2024(H5N1)	1678	10301
HA|PP755589.1|A/cattle/Texas/24-008749-003/2024(H5N1)	1679	9936
HA|PP755589.1|A/cattle/Texas/24-008749-003/2024(H5N1)	1680	9930
HA|PP755589.1|A/cattle/Texas/24-008749-003/2024(H5N1)	1681	9906
HA|PP755589.1|A/cattle/Texas/24-008749-003/2024(H5N1)	1682	9897
HA|PP755589.1|A/cattle/Texas/24-008749-003/2024(H5N1)	1683	9891
HA|PP755589.1|A/cattle/Texas/24-008749-003/2024(H5N1)	1684	9836
HA|PP755589.1|A/cattle/Texas/24-008749-003/2024(H5N1)	1685	8423
HA|PP755589.1|A/cattle/Texas/24-008749-003/2024(H5N1)	1686	8382
HA|PP755589.1|A/cattle/Texas/24-008749-003/2024(H5N1)	1687	7980
HA|PP755589.1|A/cattle/Texas/24-008749-003/2024(H5N1)	1688	7973
HA|PP755589.1|A/cattle/Texas/24-008749-003/2024(H5N1)	1689	7971
HA|PP755589.1|A/cattle/Texas/24-008749-003/2024(H5N1)	1690	7545
HA|PP755589.1|A/cattle/Texas/24-008749-003/2024(H5N1)	1691	7545
HA|PP755589.1|A/cattle/Texas/24-008749-003/2024(H5N1)	1692	7503
HA|PP755589.1|A/cattle/Texas/24-008749-003/2024(H5N1)	1693	7502
HA|PP755589.1|A/cattle/Texas/24-008749-003/2024(H5N1)	1694	7492
HA|PP755589.1|A/cattle/Texas/24-008749-003/2024(H5N1)	1695	6931
HA|PP755589.1|A/cattle/Texas/24-008749-003/2024(H5N1)	1696	6926
HA|PP755589.1|A/cattle/Texas/24-008749-003/2024(H5N1)	1697	6896
HA|PP755589.1|A/cattle/Texas/24-008749-003/2024(H5N1)	1698	6890
HA|PP755589.1|A/cattle/Texas/24-008749-003/2024(H5N1)	1699	6889
HA|PP755589.1|A/cattle/Texas/24-008749-003/2024(H5N1)	1700	6627
HA|PP755589.1|A/cattle/Texas/24-008749-003/2024(H5N1)	1701	6601
HA|PP755589.1|A/cattle/Texas/24-008749-003/2024(H5N1)	1702	6566
HA|PP755589.1|A/cattle/Texas/24-008749-003/2024(H5N1)	1703	6558
HA|PP755589.1|A/cattle/Texas/24-008749-003/2024(H5N1)	1704	6544
