PB1|PP755595.1|A/cattle/Texas/24-008749-003/2024(H5N1)	1	0
PB1|PP755595.1|A/cattle/Texas/24-008749-003/2024(H5N1)	2	0
PB1|PP755595.1|A/cattle/Texas/24-008749-003/2024(H5N1)	3	0
PB1|PP755595.1|A/cattle/Texas/24-008749-003/2024(H5N1)	4	0
PB1|PP755595.1|A/cattle/Texas/24-008749-003/2024(H5N1)	5	0
PB1|PP755595.1|A/cattle/Texas/24-008749-003/2024(H5N1)	6	0
PB1|PP755595.1|A/cattle/Texas/24-008749-003/2024(H5N1)	7	0
PB1|PP755595.1|A/cattle/Texas/24-008749-003/2024(H5N1)	8	0
PB1|PP755595.1|A/cattle/Texas/24-008749-003/2024(H5N1)	9	0
PB1|PP755595.1|A/cattle/Texas/24-008749-003/2024(H5N1)	10	0
PB1|PP755595.1|A/cattle/Texas/24-008749-003/2024(H5N1)	11	0
PB1|PP755595.1|A/cattle/Texas/24-008749-003/2024(H5N1)	12	0
PB1|PP755595.1|A/cattle/Texas/24-008749-003/2024(H5N1)	13	0
PB1|PP755595.1|A/cattle/Texas/24-008749-003/2024(H5N1)	14	0
PB1|PP755595.1|A/cattle/Texas/24-008749-003/2024(H5N1)	15	0
PB1|PP755595.1|A/cattle/Texas/24-008749-003/2024(H5N1)	16	0
PB1|PP755595.1|A/cattle/Texas/24-008749-003/2024(H5N1)	17	0
PB1|PP755595.1|A/cattle/Texas/24-008749-003/2024(H5N1)	18	0
PB1|PP755595.1|A/cattle/Texas/24-008749-003/2024(H5N1)	19	0
PB1|PP755595.1|A/cattle/Texas/24-008749-003/2024(H5N1)	20	0
PB1|PP755595.1|A/cattle/Texas/24-008749-003/2024(H5N1)	21	0
PB1|PP755595.1|A/cattle/Texas/24-008749-003/2024(H5N1)	22	0
PB1|PP755595.1|A/cattle/Texas/24-008749-003/2024(H5N1)	23	0
PB1|PP755595.1|A/cattle/Texas/24-008749-003/2024(H5N1)	24	0
PB1|PP755595.1|A/cattle/Texas/24-008749-003/2024(H5N1)	25	0
PB1|PP755595.1|A/cattle/Texas/24-008749-003/2024(H5N1)	26	0
PB1|PP755595.1|A/cattle/Texas/24-008749-003/2024(H5N1)	27	0
PB1|PP755595.1|A/cattle/Texas/24-008749-003/2024(H5N1)	28	0
PB1|PP755595.1|A/cattle/Texas/24-008749-003/2024(H5N1)	29	0
PB1|PP755595.1|A/cattle/Texas/24-008749-003/2024(H5N1)	30	0
PB1|PP755595.1|A/cattle/Texas/24-008749-003/2024(H5N1)	31	0
PB1|PP755595.1|A/cattle/Texas/24-008749-003/2024(H5N1)	32	0
PB1|PP755595.1|A/cattle/Texas/24-008749-003/2024(H5N1)	33	0
PB1|PP755595.1|A/cattle/Texas/24-008749-003/2024(H5N1)	34	0
PB1|PP755595.1|A/cattle/Texas/24-008749-003/2024(H5N1)	35	0
PB1|PP755595.1|A/cattle/Texas/24-008749-003/2024(H5N1)	36	0
PB1|PP755595.1|A/cattle/Texas/24-008749-003/2024(H5N1)	37	0
PB1|PP755595.1|A/cattle/Texas/24-008749-003/2024(H5N1)	38	0
PB1|PP755595.1|A/cattle/Texas/24-008749-003/2024(H5N1)	39	0
PB1|PP755595.1|A/cattle/Texas/24-008749-003/2024(H5N1)	40	0
PB1|PP755595.1|A/cattle/Texas/24-008749-003/2024(H5N1)	41	0
PB1|PP755595.1|A/cattle/Texas/24-008749-003/2024(H5N1)	42	0
PB1|PP755595.1|A/cattle/Texas/24-008749-003/2024(H5N1)	43	0
PB1|PP755595.1|A/cattle/Texas/24-008749-003/2024(H5N1)	44	0
PB1|PP755595.1|A/cattle/Texas/24-008749-003/2024(H5N1)	45	0
PB1|PP755595.1|A/cattle/Texas/24-008749-003/2024(H5N1)	46	0
PB1|PP755595.1|A/cattle/Texas/24-008749-003/2024(H5N1)	47	0
PB1|PP755595.1|A/cattle/Texas/24-008749-003/2024(H5N1)	48	0
PB1|PP755595.1|A/cattle/Texas/24-008749-003/2024(H5N1)	49	0
PB1|PP755595.1|A/cattle/Texas/24-008749-003/2024(H5N1)	50	0
PB1|PP755595.1|A/cattle/Texas/24-008749-003/2024(H5N1)	51	0
PB1|PP755595.1|A/cattle/Texas/24-008749-003/2024(H5N1)	52	0
PB1|PP755595.1|A/cattle/Texas/24-008749-003/2024(H5N1)	53	0
PB1|PP755595.1|A/cattle/Texas/24-008749-003/2024(H5N1)	54	0
PB1|PP755595.1|A/cattle/Texas/24-008749-003/2024(H5N1)	55	0
PB1|PP755595.1|A/cattle/Texas/24-008749-003/2024(H5N1)	56	0
PB1|PP755595.1|A/cattle/Texas/24-008749-003/2024(H5N1)	57	0
PB1|PP755595.1|A/cattle/Texas/24-008749-003/2024(H5N1)	58	0
PB1|PP755595.1|A/cattle/Texas/24-008749-003/2024(H5N1)	59	0
PB1|PP755595.1|A/cattle/Texas/24-008749-003/2024(H5N1)	60	0
PB1|PP755595.1|A/cattle/Texas/24-008749-003/2024(H5N1)	61	0
PB1|PP755595.1|A/cattle/Texas/24-008749-003/2024(H5N1)	62	0
PB1|PP755595.1|A/cattle/Texas/24-008749-003/2024(H5N1)	63	0
PB1|PP755595.1|A/cattle/Texas/24-008749-003/2024(H5N1)	64	0
PB1|PP755595.1|A/cattle/Texas/24-008749-003/2024(H5N1)	65	0
PB1|PP755595.1|A/cattle/Texas/24-008749-003/2024(H5N1)	66	0
PB1|PP755595.1|A/cattle/Texas/24-008749-003/2024(H5N1)	67	0
PB1|PP755595.1|A/cattle/Texas/24-008749-003/2024(H5N1)	68	0
PB1|PP755595.1|A/cattle/Texas/24-008749-003/2024(H5N1)	69	0
PB1|PP755595.1|A/cattle/Texas/24-008749-003/2024(H5N1)	70	0
PB1|PP755595.1|A/cattle/Texas/24-008749-003/2024(H5N1)	71	0
PB1|PP755595.1|A/cattle/Texas/24-008749-003/2024(H5N1)	72	0
PB1|PP755595.1|A/cattle/Texas/24-008749-003/2024(H5N1)	73	0
PB1|PP755595.1|A/cattle/Texas/24-008749-003/2024(H5N1)	74	0
PB1|PP755595.1|A/cattle/Texas/24-008749-003/2024(H5N1)	75	0
PB1|PP755595.1|A/cattle/Texas/24-008749-003/2024(H5N1)	76	0
PB1|PP755595.1|A/cattle/Texas/24-008749-003/2024(H5N1)	77	0
PB1|PP755595.1|A/cattle/Texas/24-008749-003/2024(H5N1)	78	0
PB1|PP755595.1|A/cattle/Texas/24-008749-003/2024(H5N1)	79	0
PB1|PP755595.1|A/cattle/Texas/24-008749-003/2024(H5N1)	80	0
PB1|PP755595.1|A/cattle/Texas/24-008749-003/2024(H5N1)	81	0
PB1|PP755595.1|A/cattle/Texas/24-008749-003/2024(H5N1)	82	0
PB1|PP755595.1|A/cattle/Texas/24-008749-003/2024(H5N1)	83	0
PB1|PP755595.1|A/cattle/Texas/24-008749-003/2024(H5N1)	84	0
PB1|PP755595.1|A/cattle/Texas/24-008749-003/2024(H5N1)	85	0
PB1|PP755595.1|A/cattle/Texas/24-008749-003/2024(H5N1)	86	0
PB1|PP755595.1|A/cattle/Texas/24-008749-003/2024(H5N1)	87	0
PB1|PP755595.1|A/cattle/Texas/24-008749-003/2024(H5N1)	88	0
PB1|PP755595.1|A/cattle/Texas/24-008749-003/2024(H5N1)	89	0
PB1|PP755595.1|A/cattle/Texas/24-008749-003/2024(H5N1)	90	0
PB1|PP755595.1|A/cattle/Texas/24-008749-003/2024(H5N1)	91	0
PB1|PP755595.1|A/cattle/Texas/24-008749-003/2024(H5N1)	92	0
PB1|PP755595.1|A/cattle/Texas/24-008749-003/2024(H5N1)	93	0
PB1|PP755595.1|A/cattle/Texas/24-008749-003/2024(H5N1)	94	0
PB1|PP755595.1|A/cattle/Texas/24-008749-003/2024(H5N1)	95	0
PB1|PP755595.1|A/cattle/Texas/24-008749-003/2024(H5N1)	96	0
PB1|PP755595.1|A/cattle/Texas/24-008749-003/2024(H5N1)	97	0
PB1|PP755595.1|A/cattle/Texas/24-008749-003/2024(H5N1)	98	0
PB1|PP755595.1|A/cattle/Texas/24-008749-003/2024(H5N1)	99	0
PB1|PP755595.1|A/cattle/Texas/24-008749-003/2024(H5N1)	100	0
PB1|PP755595.1|A/cattle/Texas/24-008749-003/2024(H5N1)	101	0
PB1|PP755595.1|A/cattle/Texas/24-008749-003/2024(H5N1)	102	0
PB1|PP755595.1|A/cattle/Texas/24-008749-003/2024(H5N1)	103	1
PB1|PP755595.1|A/cattle/Texas/24-008749-003/2024(H5N1)	104	1
PB1|PP755595.1|A/cattle/Texas/24-008749-003/2024(H5N1)	105	1
PB1|PP755595.1|A/cattle/Texas/24-008749-003/2024(H5N1)	106	1
PB1|PP755595.1|A/cattle/Texas/24-008749-003/2024(H5N1)	107	1
PB1|PP755595.1|A/cattle/Texas/24-008749-003/2024(H5N1)	108	1
PB1|PP755595.1|A/cattle/Texas/24-008749-003/2024(H5N1)	109	1
PB1|PP755595.1|A/cattle/Texas/24-008749-003/2024(H5N1)	110	1
PB1|PP755595.1|A/cattle/Texas/24-008749-003/2024(H5N1)	111	1
PB1|PP755595.1|A/cattle/Texas/24-008749-003/2024(H5N1)	112	1
PB1|PP755595.1|A/cattle/Texas/24-008749-003/2024(H5N1)	113	1
PB1|PP755595.1|A/cattle/Texas/24-008749-003/2024(H5N1)	114	1
PB1|PP755595.1|A/cattle/Texas/24-008749-003/2024(H5N1)	115	1
PB1|PP755595.1|A/cattle/Texas/24-008749-003/2024(H5N1)	116	1
PB1|PP755595.1|A/cattle/Texas/24-008749-003/2024(H5N1)	117	1
PB1|PP755595.1|A/cattle/Texas/24-008749-003/2024(H5N1)	118	1
PB1|PP755595.1|A/cattle/Texas/24-008749-003/2024(H5N1)	119	1
PB1|PP755595.1|A/cattle/Texas/24-008749-003/2024(H5N1)	120	1
PB1|PP755595.1|A/cattle/Texas/24-008749-003/2024(H5N1)	121	1
PB1|PP755595.1|A/cattle/Texas/24-008749-003/2024(H5N1)	122	1
PB1|PP755595.1|A/cattle/Texas/24-008749-003/2024(H5N1)	123	1
PB1|PP755595.1|A/cattle/Texas/24-008749-003/2024(H5N1)	124	1
PB1|PP755595.1|A/cattle/Texas/24-008749-003/2024(H5N1)	125	1
PB1|PP755595.1|A/cattle/Texas/24-008749-003/2024(H5N1)	126	1
PB1|PP755595.1|A/cattle/Texas/24-008749-003/2024(H5N1)	127	1
PB1|PP755595.1|A/cattle/Texas/24-008749-003/2024(H5N1)	128	1
PB1|PP755595.1|A/cattle/Texas/24-008749-003/2024(H5N1)	129	1
PB1|PP755595.1|A/cattle/Texas/24-008749-003/2024(H5N1)	130	1
PB1|PP755595.1|A/cattle/Texas/24-008749-003/2024(H5N1)	131	1
PB1|PP755595.1|A/cattle/Texas/24-008749-003/2024(H5N1)	132	1
PB1|PP755595.1|A/cattle/Texas/24-008749-003/2024(H5N1)	133	1
PB1|PP755595.1|A/cattle/Texas/24-008749-003/2024(H5N1)	134	1
PB1|PP755595.1|A/cattle/Texas/24-008749-003/2024(H5N1)	135	1
PB1|PP755595.1|A/cattle/Texas/24-008749-003/2024(H5N1)	136	1
PB1|PP755595.1|A/cattle/Texas/24-008749-003/2024(H5N1)	137	1
PB1|PP755595.1|A/cattle/Texas/24-008749-003/2024(H5N1)	138	1
PB1|PP755595.1|A/cattle/Texas/24-008749-003/2024(H5N1)	139	1
PB1|PP755595.1|A/cattle/Texas/24-008749-003/2024(H5N1)	140	1
PB1|PP755595.1|A/cattle/Texas/24-008749-003/2024(H5N1)	141	1
PB1|PP755595.1|A/cattle/Texas/24-008749-003/2024(H5N1)	142	1
PB1|PP755595.1|A/cattle/Texas/24-008749-003/2024(H5N1)	143	1
PB1|PP755595.1|A/cattle/Texas/24-008749-003/2024(H5N1)	144	1
PB1|PP755595.1|A/cattle/Texas/24-008749-003/2024(H5N1)	145	1
PB1|PP755595.1|A/cattle/Texas/24-008749-003/2024(H5N1)	146	1
PB1|PP755595.1|A/cattle/Texas/24-008749-003/2024(H5N1)	147	1
PB1|PP755595.1|A/cattle/Texas/24-008749-003/2024(H5N1)	148	1
PB1|PP755595.1|A/cattle/Texas/24-008749-003/2024(H5N1)	149	1
PB1|PP755595.1|A/cattle/Texas/24-008749-003/2024(H5N1)	150	1
PB1|PP755595.1|A/cattle/Texas/24-008749-003/2024(H5N1)	151	1
PB1|PP755595.1|A/cattle/Texas/24-008749-003/2024(H5N1)	152	1
PB1|PP755595.1|A/cattle/Texas/24-008749-003/2024(H5N1)	153	1
PB1|PP755595.1|A/cattle/Texas/24-008749-003/2024(H5N1)	154	1
PB1|PP755595.1|A/cattle/Texas/24-008749-003/2024(H5N1)	155	1
PB1|PP755595.1|A/cattle/Texas/24-008749-003/2024(H5N1)	156	1
PB1|PP755595.1|A/cattle/Texas/24-008749-003/2024(H5N1)	157	1
PB1|PP755595.1|A/cattle/Texas/24-008749-003/2024(H5N1)	158	1
PB1|PP755595.1|A/cattle/Texas/24-008749-003/2024(H5N1)	159	1
PB1|PP755595.1|A/cattle/Texas/24-008749-003/2024(H5N1)	160	1
PB1|PP755595.1|A/cattle/Texas/24-008749-003/2024(H5N1)	161	1
PB1|PP755595.1|A/cattle/Texas/24-008749-003/2024(H5N1)	162	1
PB1|PP755595.1|A/cattle/Texas/24-008749-003/2024(H5N1)	163	1
PB1|PP755595.1|A/cattle/Texas/24-008749-003/2024(H5N1)	164	1
PB1|PP755595.1|A/cattle/Texas/24-008749-003/2024(H5N1)	165	1
PB1|PP755595.1|A/cattle/Texas/24-008749-003/2024(H5N1)	166	1
PB1|PP755595.1|A/cattle/Texas/24-008749-003/2024(H5N1)	167	1
PB1|PP755595.1|A/cattle/Texas/24-008749-003/2024(H5N1)	168	1
PB1|PP755595.1|A/cattle/Texas/24-008749-003/2024(H5N1)	169	1
PB1|PP755595.1|A/cattle/Texas/24-008749-003/2024(H5N1)	170	1
PB1|PP755595.1|A/cattle/Texas/24-008749-003/2024(H5N1)	171	1
PB1|PP755595.1|A/cattle/Texas/24-008749-003/2024(H5N1)	172	1
PB1|PP755595.1|A/cattle/Texas/24-008749-003/2024(H5N1)	173	1
PB1|PP755595.1|A/cattle/Texas/24-008749-003/2024(H5N1)	174	1
PB1|PP755595.1|A/cattle/Texas/24-008749-003/2024(H5N1)	175	1
PB1|PP755595.1|A/cattle/Texas/24-008749-003/2024(H5N1)	176	1
PB1|PP755595.1|A/cattle/Texas/24-008749-003/2024(H5N1)	177	1
PB1|PP755595.1|A/cattle/Texas/24-008749-003/2024(H5N1)	178	1
PB1|PP755595.1|A/cattle/Texas/24-008749-003/2024(H5N1)	179	1
PB1|PP755595.1|A/cattle/Texas/24-008749-003/2024(H5N1)	180	1
PB1|PP755595.1|A/cattle/Texas/24-008749-003/2024(H5N1)	181	1
PB1|PP755595.1|A/cattle/Texas/24-008749-003/2024(H5N1)	182	1
PB1|PP755595.1|A/cattle/Texas/24-008749-003/2024(H5N1)	183	1
PB1|PP755595.1|A/cattle/Texas/24-008749-003/2024(H5N1)	184	1
PB1|PP755595.1|A/cattle/Texas/24-008749-003/2024(H5N1)	185	1
PB1|PP755595.1|A/cattle/Texas/24-008749-003/2024(H5N1)	186	1
PB1|PP755595.1|A/cattle/Texas/24-008749-003/2024(H5N1)	187	1
PB1|PP755595.1|A/cattle/Texas/24-008749-003/2024(H5N1)	188	1
PB1|PP755595.1|A/cattle/Texas/24-008749-003/2024(H5N1)	189	1
PB1|PP755595.1|A/cattle/Texas/24-008749-003/2024(H5N1)	190	1
PB1|PP755595.1|A/cattle/Texas/24-008749-003/2024(H5N1)	191	1
PB1|PP755595.1|A/cattle/Texas/24-008749-003/2024(H5N1)	192	1
PB1|PP755595.1|A/cattle/Texas/24-008749-003/2024(H5N1)	193	1
PB1|PP755595.1|A/cattle/Texas/24-008749-003/2024(H5N1)	194	1
PB1|PP755595.1|A/cattle/Texas/24-008749-003/2024(H5N1)	195	1
PB1|PP755595.1|A/cattle/Texas/24-008749-003/2024(H5N1)	196	1
PB1|PP755595.1|A/cattle/Texas/24-008749-003/2024(H5N1)	197	1
PB1|PP755595.1|A/cattle/Texas/24-008749-003/2024(H5N1)	198	1
PB1|PP755595.1|A/cattle/Texas/24-008749-003/2024(H5N1)	199	1
PB1|PP755595.1|A/cattle/Texas/24-008749-003/2024(H5N1)	200	1
PB1|PP755595.1|A/cattle/Texas/24-008749-003/2024(H5N1)	201	1
PB1|PP755595.1|A/cattle/Texas/24-008749-003/2024(H5N1)	202	1
PB1|PP755595.1|A/cattle/Texas/24-008749-003/2024(H5N1)	203	1
PB1|PP755595.1|A/cattle/Texas/24-008749-003/2024(H5N1)	204	1
PB1|PP755595.1|A/cattle/Texas/24-008749-003/2024(H5N1)	205	1
PB1|PP755595.1|A/cattle/Texas/24-008749-003/2024(H5N1)	206	1
PB1|PP755595.1|A/cattle/Texas/24-008749-003/2024(H5N1)	207	1
PB1|PP755595.1|A/cattle/Texas/24-008749-003/2024(H5N1)	208	1
PB1|PP755595.1|A/cattle/Texas/24-008749-003/2024(H5N1)	209	1
PB1|PP755595.1|A/cattle/Texas/24-008749-003/2024(H5N1)	210	1
PB1|PP755595.1|A/cattle/Texas/24-008749-003/2024(H5N1)	211	1
PB1|PP755595.1|A/cattle/Texas/24-008749-003/2024(H5N1)	212	1
PB1|PP755595.1|A/cattle/Texas/24-008749-003/2024(H5N1)	213	1
PB1|PP755595.1|A/cattle/Texas/24-008749-003/2024(H5N1)	214	1
PB1|PP755595.1|A/cattle/Texas/24-008749-003/2024(H5N1)	215	2
PB1|PP755595.1|A/cattle/Texas/24-008749-003/2024(H5N1)	216	2
PB1|PP755595.1|A/cattle/Texas/24-008749-003/2024(H5N1)	217	2
PB1|PP755595.1|A/cattle/Texas/24-008749-003/2024(H5N1)	218	2
PB1|PP755595.1|A/cattle/Texas/24-008749-003/2024(H5N1)	219	2
PB1|PP755595.1|A/cattle/Texas/24-008749-003/2024(H5N1)	220	2
PB1|PP755595.1|A/cattle/Texas/24-008749-003/2024(H5N1)	221	2
PB1|PP755595.1|A/cattle/Texas/24-008749-003/2024(H5N1)	222	2
PB1|PP755595.1|A/cattle/Texas/24-008749-003/2024(H5N1)	223	2
PB1|PP755595.1|A/cattle/Texas/24-008749-003/2024(H5N1)	224	2
PB1|PP755595.1|A/cattle/Texas/24-008749-003/2024(H5N1)	225	2
PB1|PP755595.1|A/cattle/Texas/24-008749-003/2024(H5N1)	226	2
PB1|PP755595.1|A/cattle/Texas/24-008749-003/2024(H5N1)	227	2
PB1|PP755595.1|A/cattle/Texas/24-008749-003/2024(H5N1)	228	2
PB1|PP755595.1|A/cattle/Texas/24-008749-003/2024(H5N1)	229	2
PB1|PP755595.1|A/cattle/Texas/24-008749-003/2024(H5N1)	230	2
PB1|PP755595.1|A/cattle/Texas/24-008749-003/2024(H5N1)	231	2
PB1|PP755595.1|A/cattle/Texas/24-008749-003/2024(H5N1)	232	2
PB1|PP755595.1|A/cattle/Texas/24-008749-003/2024(H5N1)	233	2
PB1|PP755595.1|A/cattle/Texas/24-008749-003/2024(H5N1)	234	2
PB1|PP755595.1|A/cattle/Texas/24-008749-003/2024(H5N1)	235	2
PB1|PP755595.1|A/cattle/Texas/24-008749-003/2024(H5N1)	236	2
PB1|PP755595.1|A/cattle/Texas/24-008749-003/2024(H5N1)	237	2
PB1|PP755595.1|A/cattle/Texas/24-008749-003/2024(H5N1)	238	2
PB1|PP755595.1|A/cattle/Texas/24-008749-003/2024(H5N1)	239	2
PB1|PP755595.1|A/cattle/Texas/24-008749-003/2024(H5N1)	240	2
PB1|PP755595.1|A/cattle/Texas/24-008749-003/2024(H5N1)	241	2
PB1|PP755595.1|A/cattle/Texas/24-008749-003/2024(H5N1)	242	2
PB1|PP755595.1|A/cattle/Texas/24-008749-003/2024(H5N1)	243	2
PB1|PP755595.1|A/cattle/Texas/24-008749-003/2024(H5N1)	244	2
PB1|PP755595.1|A/cattle/Texas/24-008749-003/2024(H5N1)	245	2
PB1|PP755595.1|A/cattle/Texas/24-008749-003/2024(H5N1)	246	2
PB1|PP755595.1|A/cattle/Texas/24-008749-003/2024(H5N1)	247	2
PB1|PP755595.1|A/cattle/Texas/24-008749-003/2024(H5N1)	248	2
PB1|PP755595.1|A/cattle/Texas/24-008749-003/2024(H5N1)	249	2
PB1|PP755595.1|A/cattle/Texas/24-008749-003/2024(H5N1)	250	2
PB1|PP755595.1|A/cattle/Texas/24-008749-003/2024(H5N1)	251	2
PB1|PP755595.1|A/cattle/Texas/24-008749-003/2024(H5N1)	252	2
PB1|PP755595.1|A/cattle/Texas/24-008749-003/2024(H5N1)	253	2
PB1|PP755595.1|A/cattle/Texas/24-008749-003/2024(H5N1)	254	1
PB1|PP755595.1|A/cattle/Texas/24-008749-003/2024(H5N1)	255	1
PB1|PP755595.1|A/cattle/Texas/24-008749-003/2024(H5N1)	256	1
PB1|PP755595.1|A/cattle/Texas/24-008749-003/2024(H5N1)	257	1
PB1|PP755595.1|A/cattle/Texas/24-008749-003/2024(H5N1)	258	1
PB1|PP755595.1|A/cattle/Texas/24-008749-003/2024(H5N1)	259	1
PB1|PP755595.1|A/cattle/Texas/24-008749-003/2024(H5N1)	260	1
PB1|PP755595.1|A/cattle/Texas/24-008749-003/2024(H5N1)	261	1
PB1|PP755595.1|A/cattle/Texas/24-008749-003/2024(H5N1)	262	1
PB1|PP755595.1|A/cattle/Texas/24-008749-003/2024(H5N1)	263	1
PB1|PP755595.1|A/cattle/Texas/24-008749-003/2024(H5N1)	264	1
PB1|PP755595.1|A/cattle/Texas/24-008749-003/2024(H5N1)	265	1
PB1|PP755595.1|A/cattle/Texas/24-008749-003/2024(H5N1)	266	1
PB1|PP755595.1|A/cattle/Texas/24-008749-003/2024(H5N1)	267	1
PB1|PP755595.1|A/cattle/Texas/24-008749-003/2024(H5N1)	268	1
PB1|PP755595.1|A/cattle/Texas/24-008749-003/2024(H5N1)	269	1
PB1|PP755595.1|A/cattle/Texas/24-008749-003/2024(H5N1)	270	1
PB1|PP755595.1|A/cattle/Texas/24-008749-003/2024(H5N1)	271	1
PB1|PP755595.1|A/cattle/Texas/24-008749-003/2024(H5N1)	272	1
PB1|PP755595.1|A/cattle/Texas/24-008749-003/2024(H5N1)	273	1
PB1|PP755595.1|A/cattle/Texas/24-008749-003/2024(H5N1)	274	1
PB1|PP755595.1|A/cattle/Texas/24-008749-003/2024(H5N1)	275	1
PB1|PP755595.1|A/cattle/Texas/24-008749-003/2024(H5N1)	276	1
PB1|PP755595.1|A/cattle/Texas/24-008749-003/2024(H5N1)	277	1
PB1|PP755595.1|A/cattle/Texas/24-008749-003/2024(H5N1)	278	1
PB1|PP755595.1|A/cattle/Texas/24-008749-003/2024(H5N1)	279	1
PB1|PP755595.1|A/cattle/Texas/24-008749-003/2024(H5N1)	280	1
PB1|PP755595.1|A/cattle/Texas/24-008749-003/2024(H5N1)	281	1
PB1|PP755595.1|A/cattle/Texas/24-008749-003/2024(H5N1)	282	1
PB1|PP755595.1|A/cattle/Texas/24-008749-003/2024(H5N1)	283	1
PB1|PP755595.1|A/cattle/Texas/24-008749-003/2024(H5N1)	284	1
PB1|PP755595.1|A/cattle/Texas/24-008749-003/2024(H5N1)	285	1
PB1|PP755595.1|A/cattle/Texas/24-008749-003/2024(H5N1)	286	1
PB1|PP755595.1|A/cattle/Texas/24-008749-003/2024(H5N1)	287	1
PB1|PP755595.1|A/cattle/Texas/24-008749-003/2024(H5N1)	288	1
PB1|PP755595.1|A/cattle/Texas/24-008749-003/2024(H5N1)	289	1
PB1|PP755595.1|A/cattle/Texas/24-008749-003/2024(H5N1)	290	1
PB1|PP755595.1|A/cattle/Texas/24-008749-003/2024(H5N1)	291	1
PB1|PP755595.1|A/cattle/Texas/24-008749-003/2024(H5N1)	292	1
PB1|PP755595.1|A/cattle/Texas/24-008749-003/2024(H5N1)	293	1
PB1|PP755595.1|A/cattle/Texas/24-008749-003/2024(H5N1)	294	1
PB1|PP755595.1|A/cattle/Texas/24-008749-003/2024(H5N1)	295	1
PB1|PP755595.1|A/cattle/Texas/24-008749-003/2024(H5N1)	296	1
PB1|PP755595.1|A/cattle/Texas/24-008749-003/2024(H5N1)	297	1
PB1|PP755595.1|A/cattle/Texas/24-008749-003/2024(H5N1)	298	1
PB1|PP755595.1|A/cattle/Texas/24-008749-003/2024(H5N1)	299	1
PB1|PP755595.1|A/cattle/Texas/24-008749-003/2024(H5N1)	300	1
PB1|PP755595.1|A/cattle/Texas/24-008749-003/2024(H5N1)	301	1
PB1|PP755595.1|A/cattle/Texas/24-008749-003/2024(H5N1)	302	1
PB1|PP755595.1|A/cattle/Texas/24-008749-003/2024(H5N1)	303	1
PB1|PP755595.1|A/cattle/Texas/24-008749-003/2024(H5N1)	304	1
PB1|PP755595.1|A/cattle/Texas/24-008749-003/2024(H5N1)	305	1
PB1|PP755595.1|A/cattle/Texas/24-008749-003/2024(H5N1)	306	1
PB1|PP755595.1|A/cattle/Texas/24-008749-003/2024(H5N1)	307	1
PB1|PP755595.1|A/cattle/Texas/24-008749-003/2024(H5N1)	308	1
PB1|PP755595.1|A/cattle/Texas/24-008749-003/2024(H5N1)	309	1
PB1|PP755595.1|A/cattle/Texas/24-008749-003/2024(H5N1)	310	1
PB1|PP755595.1|A/cattle/Texas/24-008749-003/2024(H5N1)	311	1
PB1|PP755595.1|A/cattle/Texas/24-008749-003/2024(H5N1)	312	1
PB1|PP755595.1|A/cattle/Texas/24-008749-003/2024(H5N1)	313	1
PB1|PP755595.1|A/cattle/Texas/24-008749-003/2024(H5N1)	314	1
PB1|PP755595.1|A/cattle/Texas/24-008749-003/2024(H5N1)	315	1
PB1|PP755595.1|A/cattle/Texas/24-008749-003/2024(H5N1)	316	1
PB1|PP755595.1|A/cattle/Texas/24-008749-003/2024(H5N1)	317	1
PB1|PP755595.1|A/cattle/Texas/24-008749-003/2024(H5N1)	318	1
PB1|PP755595.1|A/cattle/Texas/24-008749-003/2024(H5N1)	319	1
PB1|PP755595.1|A/cattle/Texas/24-008749-003/2024(H5N1)	320	1
PB1|PP755595.1|A/cattle/Texas/24-008749-003/2024(H5N1)	321	1
PB1|PP755595.1|A/cattle/Texas/24-008749-003/2024(H5N1)	322	1
PB1|PP755595.1|A/cattle/Texas/24-008749-003/2024(H5N1)	323	1
PB1|PP755595.1|A/cattle/Texas/24-008749-003/2024(H5N1)	324	1
PB1|PP755595.1|A/cattle/Texas/24-008749-003/2024(H5N1)	325	1
PB1|PP755595.1|A/cattle/Texas/24-008749-003/2024(H5N1)	326	1
PB1|PP755595.1|A/cattle/Texas/24-008749-003/2024(H5N1)	327	1
PB1|PP755595.1|A/cattle/Texas/24-008749-003/2024(H5N1)	328	1
PB1|PP755595.1|A/cattle/Texas/24-008749-003/2024(H5N1)	329	1
PB1|PP755595.1|A/cattle/Texas/24-008749-003/2024(H5N1)	330	1
PB1|PP755595.1|A/cattle/Texas/24-008749-003/2024(H5N1)	331	1
PB1|PP755595.1|A/cattle/Texas/24-008749-003/2024(H5N1)	332	1
PB1|PP755595.1|A/cattle/Texas/24-008749-003/2024(H5N1)	333	1
PB1|PP755595.1|A/cattle/Texas/24-008749-003/2024(H5N1)	334	1
PB1|PP755595.1|A/cattle/Texas/24-008749-003/2024(H5N1)	335	1
PB1|PP755595.1|A/cattle/Texas/24-008749-003/2024(H5N1)	336	1
PB1|PP755595.1|A/cattle/Texas/24-008749-003/2024(H5N1)	337	1
PB1|PP755595.1|A/cattle/Texas/24-008749-003/2024(H5N1)	338	1
PB1|PP755595.1|A/cattle/Texas/24-008749-003/2024(H5N1)	339	1
PB1|PP755595.1|A/cattle/Texas/24-008749-003/2024(H5N1)	340	1
PB1|PP755595.1|A/cattle/Texas/24-008749-003/2024(H5N1)	341	1
PB1|PP755595.1|A/cattle/Texas/24-008749-003/2024(H5N1)	342	1
PB1|PP755595.1|A/cattle/Texas/24-008749-003/2024(H5N1)	343	1
PB1|PP755595.1|A/cattle/Texas/24-008749-003/2024(H5N1)	344	1
PB1|PP755595.1|A/cattle/Texas/24-008749-003/2024(H5N1)	345	1
PB1|PP755595.1|A/cattle/Texas/24-008749-003/2024(H5N1)	346	1
PB1|PP755595.1|A/cattle/Texas/24-008749-003/2024(H5N1)	347	1
PB1|PP755595.1|A/cattle/Texas/24-008749-003/2024(H5N1)	348	1
PB1|PP755595.1|A/cattle/Texas/24-008749-003/2024(H5N1)	349	1
PB1|PP755595.1|A/cattle/Texas/24-008749-003/2024(H5N1)	350	1
PB1|PP755595.1|A/cattle/Texas/24-008749-003/2024(H5N1)	351	1
PB1|PP755595.1|A/cattle/Texas/24-008749-003/2024(H5N1)	352	1
PB1|PP755595.1|A/cattle/Texas/24-008749-003/2024(H5N1)	353	1
PB1|PP755595.1|A/cattle/Texas/24-008749-003/2024(H5N1)	354	1
PB1|PP755595.1|A/cattle/Texas/24-008749-003/2024(H5N1)	355	1
PB1|PP755595.1|A/cattle/Texas/24-008749-003/2024(H5N1)	356	1
PB1|PP755595.1|A/cattle/Texas/24-008749-003/2024(H5N1)	357	1
PB1|PP755595.1|A/cattle/Texas/24-008749-003/2024(H5N1)	358	1
PB1|PP755595.1|A/cattle/Texas/24-008749-003/2024(H5N1)	359	1
PB1|PP755595.1|A/cattle/Texas/24-008749-003/2024(H5N1)	360	1
PB1|PP755595.1|A/cattle/Texas/24-008749-003/2024(H5N1)	361	1
PB1|PP755595.1|A/cattle/Texas/24-008749-003/2024(H5N1)	362	1
PB1|PP755595.1|A/cattle/Texas/24-008749-003/2024(H5N1)	363	1
PB1|PP755595.1|A/cattle/Texas/24-008749-003/2024(H5N1)	364	1
PB1|PP755595.1|A/cattle/Texas/24-008749-003/2024(H5N1)	365	1
PB1|PP755595.1|A/cattle/Texas/24-008749-003/2024(H5N1)	366	0
PB1|PP755595.1|A/cattle/Texas/24-008749-003/2024(H5N1)	367	0
PB1|PP755595.1|A/cattle/Texas/24-008749-003/2024(H5N1)	368	0
PB1|PP755595.1|A/cattle/Texas/24-008749-003/2024(H5N1)	369	0
PB1|PP755595.1|A/cattle/Texas/24-008749-003/2024(H5N1)	370	0
PB1|PP755595.1|A/cattle/Texas/24-008749-003/2024(H5N1)	371	0
PB1|PP755595.1|A/cattle/Texas/24-008749-003/2024(H5N1)	372	0
PB1|PP755595.1|A/cattle/Texas/24-008749-003/2024(H5N1)	373	0
PB1|PP755595.1|A/cattle/Texas/24-008749-003/2024(H5N1)	374	0
PB1|PP755595.1|A/cattle/Texas/24-008749-003/2024(H5N1)	375	0
PB1|PP755595.1|A/cattle/Texas/24-008749-003/2024(H5N1)	376	0
PB1|PP755595.1|A/cattle/Texas/24-008749-003/2024(H5N1)	377	0
PB1|PP755595.1|A/cattle/Texas/24-008749-003/2024(H5N1)	378	0
PB1|PP755595.1|A/cattle/Texas/24-008749-003/2024(H5N1)	379	0
PB1|PP755595.1|A/cattle/Texas/24-008749-003/2024(H5N1)	380	0
PB1|PP755595.1|A/cattle/Texas/24-008749-003/2024(H5N1)	381	0
PB1|PP755595.1|A/cattle/Texas/24-008749-003/2024(H5N1)	382	0
PB1|PP755595.1|A/cattle/Texas/24-008749-003/2024(H5N1)	383	0
PB1|PP755595.1|A/cattle/Texas/24-008749-003/2024(H5N1)	384	0
PB1|PP755595.1|A/cattle/Texas/24-008749-003/2024(H5N1)	385	0
PB1|PP755595.1|A/cattle/Texas/24-008749-003/2024(H5N1)	386	0
PB1|PP755595.1|A/cattle/Texas/24-008749-003/2024(H5N1)	387	0
PB1|PP755595.1|A/cattle/Texas/24-008749-003/2024(H5N1)	388	0
PB1|PP755595.1|A/cattle/Texas/24-008749-003/2024(H5N1)	389	0
PB1|PP755595.1|A/cattle/Texas/24-008749-003/2024(H5N1)	390	0
PB1|PP755595.1|A/cattle/Texas/24-008749-003/2024(H5N1)	391	0
PB1|PP755595.1|A/cattle/Texas/24-008749-003/2024(H5N1)	392	0
PB1|PP755595.1|A/cattle/Texas/24-008749-003/2024(H5N1)	393	0
PB1|PP755595.1|A/cattle/Texas/24-008749-003/2024(H5N1)	394	0
PB1|PP755595.1|A/cattle/Texas/24-008749-003/2024(H5N1)	395	0
PB1|PP755595.1|A/cattle/Texas/24-008749-003/2024(H5N1)	396	0
PB1|PP755595.1|A/cattle/Texas/24-008749-003/2024(H5N1)	397	0
PB1|PP755595.1|A/cattle/Texas/24-008749-003/2024(H5N1)	398	0
PB1|PP755595.1|A/cattle/Texas/24-008749-003/2024(H5N1)	399	0
PB1|PP755595.1|A/cattle/Texas/24-008749-003/2024(H5N1)	400	0
PB1|PP755595.1|A/cattle/Texas/24-008749-003/2024(H5N1)	401	0
PB1|PP755595.1|A/cattle/Texas/24-008749-003/2024(H5N1)	402	0
PB1|PP755595.1|A/cattle/Texas/24-008749-003/2024(H5N1)	403	0
PB1|PP755595.1|A/cattle/Texas/24-008749-003/2024(H5N1)	404	0
PB1|PP755595.1|A/cattle/Texas/24-008749-003/2024(H5N1)	405	0
PB1|PP755595.1|A/cattle/Texas/24-008749-003/2024(H5N1)	406	0
PB1|PP755595.1|A/cattle/Texas/24-008749-003/2024(H5N1)	407	0
PB1|PP755595.1|A/cattle/Texas/24-008749-003/2024(H5N1)	408	0
PB1|PP755595.1|A/cattle/Texas/24-008749-003/2024(H5N1)	409	0
PB1|PP755595.1|A/cattle/Texas/24-008749-003/2024(H5N1)	410	0
PB1|PP755595.1|A/cattle/Texas/24-008749-003/2024(H5N1)	411	0
PB1|PP755595.1|A/cattle/Texas/24-008749-003/2024(H5N1)	412	0
PB1|PP755595.1|A/cattle/Texas/24-008749-003/2024(H5N1)	413	0
PB1|PP755595.1|A/cattle/Texas/24-008749-003/2024(H5N1)	414	0
PB1|PP755595.1|A/cattle/Texas/24-008749-003/2024(H5N1)	415	0
PB1|PP755595.1|A/cattle/Texas/24-008749-003/2024(H5N1)	416	0
PB1|PP755595.1|A/cattle/Texas/24-008749-003/2024(H5N1)	417	0
PB1|PP755595.1|A/cattle/Texas/24-008749-003/2024(H5N1)	418	0
PB1|PP755595.1|A/cattle/Texas/24-008749-003/2024(H5N1)	419	0
PB1|PP755595.1|A/cattle/Texas/24-008749-003/2024(H5N1)	420	0
PB1|PP755595.1|A/cattle/Texas/24-008749-003/2024(H5N1)	421	0
PB1|PP755595.1|A/cattle/Texas/24-008749-003/2024(H5N1)	422	0
PB1|PP755595.1|A/cattle/Texas/24-008749-003/2024(H5N1)	423	0
PB1|PP755595.1|A/cattle/Texas/24-008749-003/2024(H5N1)	424	0
PB1|PP755595.1|A/cattle/Texas/24-008749-003/2024(H5N1)	425	0
PB1|PP755595.1|A/cattle/Texas/24-008749-003/2024(H5N1)	426	0
PB1|PP755595.1|A/cattle/Texas/24-008749-003/2024(H5N1)	427	0
PB1|PP755595.1|A/cattle/Texas/24-008749-003/2024(H5N1)	428	0
PB1|PP755595.1|A/cattle/Texas/24-008749-003/2024(H5N1)	429	0
PB1|PP755595.1|A/cattle/Texas/24-008749-003/2024(H5N1)	430	0
PB1|PP755595.1|A/cattle/Texas/24-008749-003/2024(H5N1)	431	0
PB1|PP755595.1|A/cattle/Texas/24-008749-003/2024(H5N1)	432	0
PB1|PP755595.1|A/cattle/Texas/24-008749-003/2024(H5N1)	433	0
PB1|PP755595.1|A/cattle/Texas/24-008749-003/2024(H5N1)	434	0
PB1|PP755595.1|A/cattle/Texas/24-008749-003/2024(H5N1)	435	0
PB1|PP755595.1|A/cattle/Texas/24-008749-003/2024(H5N1)	436	0
PB1|PP755595.1|A/cattle/Texas/24-008749-003/2024(H5N1)	437	0
PB1|PP755595.1|A/cattle/Texas/24-008749-003/2024(H5N1)	438	0
PB1|PP755595.1|A/cattle/Texas/24-008749-003/2024(H5N1)	439	0
PB1|PP755595.1|A/cattle/Texas/24-008749-003/2024(H5N1)	440	0
PB1|PP755595.1|A/cattle/Texas/24-008749-003/2024(H5N1)	441	0
PB1|PP755595.1|A/cattle/Texas/24-008749-003/2024(H5N1)	442	0
PB1|PP755595.1|A/cattle/Texas/24-008749-003/2024(H5N1)	443	0
PB1|PP755595.1|A/cattle/Texas/24-008749-003/2024(H5N1)	444	0
PB1|PP755595.1|A/cattle/Texas/24-008749-003/2024(H5N1)	445	0
PB1|PP755595.1|A/cattle/Texas/24-008749-003/2024(H5N1)	446	0
PB1|PP755595.1|A/cattle/Texas/24-008749-003/2024(H5N1)	447	0
PB1|PP755595.1|A/cattle/Texas/24-008749-003/2024(H5N1)	448	0
PB1|PP755595.1|A/cattle/Texas/24-008749-003/2024(H5N1)	449	0
PB1|PP755595.1|A/cattle/Texas/24-008749-003/2024(H5N1)	450	0
PB1|PP755595.1|A/cattle/Texas/24-008749-003/2024(H5N1)	451	0
PB1|PP755595.1|A/cattle/Texas/24-008749-003/2024(H5N1)	452	0
PB1|PP755595.1|A/cattle/Texas/24-008749-003/2024(H5N1)	453	0
PB1|PP755595.1|A/cattle/Texas/24-008749-003/2024(H5N1)	454	0
PB1|PP755595.1|A/cattle/Texas/24-008749-003/2024(H5N1)	455	0
PB1|PP755595.1|A/cattle/Texas/24-008749-003/2024(H5N1)	456	0
PB1|PP755595.1|A/cattle/Texas/24-008749-003/2024(H5N1)	457	0
PB1|PP755595.1|A/cattle/Texas/24-008749-003/2024(H5N1)	458	0
PB1|PP755595.1|A/cattle/Texas/24-008749-003/2024(H5N1)	459	0
PB1|PP755595.1|A/cattle/Texas/24-008749-003/2024(H5N1)	460	0
PB1|PP755595.1|A/cattle/Texas/24-008749-003/2024(H5N1)	461	0
PB1|PP755595.1|A/cattle/Texas/24-008749-003/2024(H5N1)	462	0
PB1|PP755595.1|A/cattle/Texas/24-008749-003/2024(H5N1)	463	0
PB1|PP755595.1|A/cattle/Texas/24-008749-003/2024(H5N1)	464	0
PB1|PP755595.1|A/cattle/Texas/24-008749-003/2024(H5N1)	465	0
PB1|PP755595.1|A/cattle/Texas/24-008749-003/2024(H5N1)	466	0
PB1|PP755595.1|A/cattle/Texas/24-008749-003/2024(H5N1)	467	0
PB1|PP755595.1|A/cattle/Texas/24-008749-003/2024(H5N1)	468	0
PB1|PP755595.1|A/cattle/Texas/24-008749-003/2024(H5N1)	469	0
PB1|PP755595.1|A/cattle/Texas/24-008749-003/2024(H5N1)	470	0
PB1|PP755595.1|A/cattle/Texas/24-008749-003/2024(H5N1)	471	0
PB1|PP755595.1|A/cattle/Texas/24-008749-003/2024(H5N1)	472	0
PB1|PP755595.1|A/cattle/Texas/24-008749-003/2024(H5N1)	473	0
PB1|PP755595.1|A/cattle/Texas/24-008749-003/2024(H5N1)	474	0
PB1|PP755595.1|A/cattle/Texas/24-008749-003/2024(H5N1)	475	0
PB1|PP755595.1|A/cattle/Texas/24-008749-003/2024(H5N1)	476	0
PB1|PP755595.1|A/cattle/Texas/24-008749-003/2024(H5N1)	477	0
PB1|PP755595.1|A/cattle/Texas/24-008749-003/2024(H5N1)	478	0
PB1|PP755595.1|A/cattle/Texas/24-008749-003/2024(H5N1)	479	0
PB1|PP755595.1|A/cattle/Texas/24-008749-003/2024(H5N1)	480	0
PB1|PP755595.1|A/cattle/Texas/24-008749-003/2024(H5N1)	481	0
PB1|PP755595.1|A/cattle/Texas/24-008749-003/2024(H5N1)	482	0
PB1|PP755595.1|A/cattle/Texas/24-008749-003/2024(H5N1)	483	0
PB1|PP755595.1|A/cattle/Texas/24-008749-003/2024(H5N1)	484	0
PB1|PP755595.1|A/cattle/Texas/24-008749-003/2024(H5N1)	485	0
PB1|PP755595.1|A/cattle/Texas/24-008749-003/2024(H5N1)	486	0
PB1|PP755595.1|A/cattle/Texas/24-008749-003/2024(H5N1)	487	0
PB1|PP755595.1|A/cattle/Texas/24-008749-003/2024(H5N1)	488	0
PB1|PP755595.1|A/cattle/Texas/24-008749-003/2024(H5N1)	489	0
PB1|PP755595.1|A/cattle/Texas/24-008749-003/2024(H5N1)	490	0
PB1|PP755595.1|A/cattle/Texas/24-008749-003/2024(H5N1)	491	0
PB1|PP755595.1|A/cattle/Texas/24-008749-003/2024(H5N1)	492	0
PB1|PP755595.1|A/cattle/Texas/24-008749-003/2024(H5N1)	493	0
PB1|PP755595.1|A/cattle/Texas/24-008749-003/2024(H5N1)	494	0
PB1|PP755595.1|A/cattle/Texas/24-008749-003/2024(H5N1)	495	0
PB1|PP755595.1|A/cattle/Texas/24-008749-003/2024(H5N1)	496	0
PB1|PP755595.1|A/cattle/Texas/24-008749-003/2024(H5N1)	497	0
PB1|PP755595.1|A/cattle/Texas/24-008749-003/2024(H5N1)	498	0
PB1|PP755595.1|A/cattle/Texas/24-008749-003/2024(H5N1)	499	0
PB1|PP755595.1|A/cattle/Texas/24-008749-003/2024(H5N1)	500	0
PB1|PP755595.1|A/cattle/Texas/24-008749-003/2024(H5N1)	501	0
PB1|PP755595.1|A/cattle/Texas/24-008749-003/2024(H5N1)	502	0
PB1|PP755595.1|A/cattle/Texas/24-008749-003/2024(H5N1)	503	0
PB1|PP755595.1|A/cattle/Texas/24-008749-003/2024(H5N1)	504	0
PB1|PP755595.1|A/cattle/Texas/24-008749-003/2024(H5N1)	505	0
PB1|PP755595.1|A/cattle/Texas/24-008749-003/2024(H5N1)	506	0
PB1|PP755595.1|A/cattle/Texas/24-008749-003/2024(H5N1)	507	0
PB1|PP755595.1|A/cattle/Texas/24-008749-003/2024(H5N1)	508	0
PB1|PP755595.1|A/cattle/Texas/24-008749-003/2024(H5N1)	509	0
PB1|PP755595.1|A/cattle/Texas/24-008749-003/2024(H5N1)	510	0
PB1|PP755595.1|A/cattle/Texas/24-008749-003/2024(H5N1)	511	0
PB1|PP755595.1|A/cattle/Texas/24-008749-003/2024(H5N1)	512	0
PB1|PP755595.1|A/cattle/Texas/24-008749-003/2024(H5N1)	513	0
PB1|PP755595.1|A/cattle/Texas/24-008749-003/2024(H5N1)	514	0
PB1|PP755595.1|A/cattle/Texas/24-008749-003/2024(H5N1)	515	0
PB1|PP755595.1|A/cattle/Texas/24-008749-003/2024(H5N1)	516	0
PB1|PP755595.1|A/cattle/Texas/24-008749-003/2024(H5N1)	517	0
PB1|PP755595.1|A/cattle/Texas/24-008749-003/2024(H5N1)	518	0
PB1|PP755595.1|A/cattle/Texas/24-008749-003/2024(H5N1)	519	0
PB1|PP755595.1|A/cattle/Texas/24-008749-003/2024(H5N1)	520	0
PB1|PP755595.1|A/cattle/Texas/24-008749-003/2024(H5N1)	521	0
PB1|PP755595.1|A/cattle/Texas/24-008749-003/2024(H5N1)	522	0
PB1|PP755595.1|A/cattle/Texas/24-008749-003/2024(H5N1)	523	0
PB1|PP755595.1|A/cattle/Texas/24-008749-003/2024(H5N1)	524	0
PB1|PP755595.1|A/cattle/Texas/24-008749-003/2024(H5N1)	525	0
PB1|PP755595.1|A/cattle/Texas/24-008749-003/2024(H5N1)	526	0
PB1|PP755595.1|A/cattle/Texas/24-008749-003/2024(H5N1)	527	0
PB1|PP755595.1|A/cattle/Texas/24-008749-003/2024(H5N1)	528	0
PB1|PP755595.1|A/cattle/Texas/24-008749-003/2024(H5N1)	529	0
PB1|PP755595.1|A/cattle/Texas/24-008749-003/2024(H5N1)	530	0
PB1|PP755595.1|A/cattle/Texas/24-008749-003/2024(H5N1)	531	0
PB1|PP755595.1|A/cattle/Texas/24-008749-003/2024(H5N1)	532	0
PB1|PP755595.1|A/cattle/Texas/24-008749-003/2024(H5N1)	533	0
PB1|PP755595.1|A/cattle/Texas/24-008749-003/2024(H5N1)	534	0
PB1|PP755595.1|A/cattle/Texas/24-008749-003/2024(H5N1)	535	0
PB1|PP755595.1|A/cattle/Texas/24-008749-003/2024(H5N1)	536	0
PB1|PP755595.1|A/cattle/Texas/24-008749-003/2024(H5N1)	537	0
PB1|PP755595.1|A/cattle/Texas/24-008749-003/2024(H5N1)	538	0
PB1|PP755595.1|A/cattle/Texas/24-008749-003/2024(H5N1)	539	0
PB1|PP755595.1|A/cattle/Texas/24-008749-003/2024(H5N1)	540	0
PB1|PP755595.1|A/cattle/Texas/24-008749-003/2024(H5N1)	541	0
PB1|PP755595.1|A/cattle/Texas/24-008749-003/2024(H5N1)	542	0
PB1|PP755595.1|A/cattle/Texas/24-008749-003/2024(H5N1)	543	0
PB1|PP755595.1|A/cattle/Texas/24-008749-003/2024(H5N1)	544	0
PB1|PP755595.1|A/cattle/Texas/24-008749-003/2024(H5N1)	545	0
PB1|PP755595.1|A/cattle/Texas/24-008749-003/2024(H5N1)	546	0
PB1|PP755595.1|A/cattle/Texas/24-008749-003/2024(H5N1)	547	0
PB1|PP755595.1|A/cattle/Texas/24-008749-003/2024(H5N1)	548	0
PB1|PP755595.1|A/cattle/Texas/24-008749-003/2024(H5N1)	549	0
PB1|PP755595.1|A/cattle/Texas/24-008749-003/2024(H5N1)	550	0
PB1|PP755595.1|A/cattle/Texas/24-008749-003/2024(H5N1)	551	0
PB1|PP755595.1|A/cattle/Texas/24-008749-003/2024(H5N1)	552	0
PB1|PP755595.1|A/cattle/Texas/24-008749-003/2024(H5N1)	553	0
PB1|PP755595.1|A/cattle/Texas/24-008749-003/2024(H5N1)	554	0
PB1|PP755595.1|A/cattle/Texas/24-008749-003/2024(H5N1)	555	0
PB1|PP755595.1|A/cattle/Texas/24-008749-003/2024(H5N1)	556	0
PB1|PP755595.1|A/cattle/Texas/24-008749-003/2024(H5N1)	557	0
PB1|PP755595.1|A/cattle/Texas/24-008749-003/2024(H5N1)	558	0
PB1|PP755595.1|A/cattle/Texas/24-008749-003/2024(H5N1)	559	0
PB1|PP755595.1|A/cattle/Texas/24-008749-003/2024(H5N1)	560	0
PB1|PP755595.1|A/cattle/Texas/24-008749-003/2024(H5N1)	561	0
PB1|PP755595.1|A/cattle/Texas/24-008749-003/2024(H5N1)	562	0
PB1|PP755595.1|A/cattle/Texas/24-008749-003/2024(H5N1)	563	0
PB1|PP755595.1|A/cattle/Texas/24-008749-003/2024(H5N1)	564	0
PB1|PP755595.1|A/cattle/Texas/24-008749-003/2024(H5N1)	565	0
PB1|PP755595.1|A/cattle/Texas/24-008749-003/2024(H5N1)	566	0
PB1|PP755595.1|A/cattle/Texas/24-008749-003/2024(H5N1)	567	0
PB1|PP755595.1|A/cattle/Texas/24-008749-003/2024(H5N1)	568	0
PB1|PP755595.1|A/cattle/Texas/24-008749-003/2024(H5N1)	569	0
PB1|PP755595.1|A/cattle/Texas/24-008749-003/2024(H5N1)	570	0
PB1|PP755595.1|A/cattle/Texas/24-008749-003/2024(H5N1)	571	0
PB1|PP755595.1|A/cattle/Texas/24-008749-003/2024(H5N1)	572	0
PB1|PP755595.1|A/cattle/Texas/24-008749-003/2024(H5N1)	573	0
PB1|PP755595.1|A/cattle/Texas/24-008749-003/2024(H5N1)	574	0
PB1|PP755595.1|A/cattle/Texas/24-008749-003/2024(H5N1)	575	0
PB1|PP755595.1|A/cattle/Texas/24-008749-003/2024(H5N1)	576	0
PB1|PP755595.1|A/cattle/Texas/24-008749-003/2024(H5N1)	577	0
PB1|PP755595.1|A/cattle/Texas/24-008749-003/2024(H5N1)	578	0
PB1|PP755595.1|A/cattle/Texas/24-008749-003/2024(H5N1)	579	0
PB1|PP755595.1|A/cattle/Texas/24-008749-003/2024(H5N1)	580	0
PB1|PP755595.1|A/cattle/Texas/24-008749-003/2024(H5N1)	581	0
PB1|PP755595.1|A/cattle/Texas/24-008749-003/2024(H5N1)	582	0
PB1|PP755595.1|A/cattle/Texas/24-008749-003/2024(H5N1)	583	0
PB1|PP755595.1|A/cattle/Texas/24-008749-003/2024(H5N1)	584	0
PB1|PP755595.1|A/cattle/Texas/24-008749-003/2024(H5N1)	585	0
PB1|PP755595.1|A/cattle/Texas/24-008749-003/2024(H5N1)	586	0
PB1|PP755595.1|A/cattle/Texas/24-008749-003/2024(H5N1)	587	0
PB1|PP755595.1|A/cattle/Texas/24-008749-003/2024(H5N1)	588	0
PB1|PP755595.1|A/cattle/Texas/24-008749-003/2024(H5N1)	589	0
PB1|PP755595.1|A/cattle/Texas/24-008749-003/2024(H5N1)	590	0
PB1|PP755595.1|A/cattle/Texas/24-008749-003/2024(H5N1)	591	0
PB1|PP755595.1|A/cattle/Texas/24-008749-003/2024(H5N1)	592	0
PB1|PP755595.1|A/cattle/Texas/24-008749-003/2024(H5N1)	593	0
PB1|PP755595.1|A/cattle/Texas/24-008749-003/2024(H5N1)	594	0
PB1|PP755595.1|A/cattle/Texas/24-008749-003/2024(H5N1)	595	0
PB1|PP755595.1|A/cattle/Texas/24-008749-003/2024(H5N1)	596	0
PB1|PP755595.1|A/cattle/Texas/24-008749-003/2024(H5N1)	597	0
PB1|PP755595.1|A/cattle/Texas/24-008749-003/2024(H5N1)	598	0
PB1|PP755595.1|A/cattle/Texas/24-008749-003/2024(H5N1)	599	0
PB1|PP755595.1|A/cattle/Texas/24-008749-003/2024(H5N1)	600	0
PB1|PP755595.1|A/cattle/Texas/24-008749-003/2024(H5N1)	601	0
PB1|PP755595.1|A/cattle/Texas/24-008749-003/2024(H5N1)	602	0
PB1|PP755595.1|A/cattle/Texas/24-008749-003/2024(H5N1)	603	0
PB1|PP755595.1|A/cattle/Texas/24-008749-003/2024(H5N1)	604	0
PB1|PP755595.1|A/cattle/Texas/24-008749-003/2024(H5N1)	605	0
PB1|PP755595.1|A/cattle/Texas/24-008749-003/2024(H5N1)	606	0
PB1|PP755595.1|A/cattle/Texas/24-008749-003/2024(H5N1)	607	0
PB1|PP755595.1|A/cattle/Texas/24-008749-003/2024(H5N1)	608	0
PB1|PP755595.1|A/cattle/Texas/24-008749-003/2024(H5N1)	609	0
PB1|PP755595.1|A/cattle/Texas/24-008749-003/2024(H5N1)	610	0
PB1|PP755595.1|A/cattle/Texas/24-008749-003/2024(H5N1)	611	0
PB1|PP755595.1|A/cattle/Texas/24-008749-003/2024(H5N1)	612	0
PB1|PP755595.1|A/cattle/Texas/24-008749-003/2024(H5N1)	613	0
PB1|PP755595.1|A/cattle/Texas/24-008749-003/2024(H5N1)	614	0
PB1|PP755595.1|A/cattle/Texas/24-008749-003/2024(H5N1)	615	0
PB1|PP755595.1|A/cattle/Texas/24-008749-003/2024(H5N1)	616	0
PB1|PP755595.1|A/cattle/Texas/24-008749-003/2024(H5N1)	617	0
PB1|PP755595.1|A/cattle/Texas/24-008749-003/2024(H5N1)	618	0
PB1|PP755595.1|A/cattle/Texas/24-008749-003/2024(H5N1)	619	0
PB1|PP755595.1|A/cattle/Texas/24-008749-003/2024(H5N1)	620	0
PB1|PP755595.1|A/cattle/Texas/24-008749-003/2024(H5N1)	621	0
PB1|PP755595.1|A/cattle/Texas/24-008749-003/2024(H5N1)	622	0
PB1|PP755595.1|A/cattle/Texas/24-008749-003/2024(H5N1)	623	0
PB1|PP755595.1|A/cattle/Texas/24-008749-003/2024(H5N1)	624	0
PB1|PP755595.1|A/cattle/Texas/24-008749-003/2024(H5N1)	625	0
PB1|PP755595.1|A/cattle/Texas/24-008749-003/2024(H5N1)	626	0
PB1|PP755595.1|A/cattle/Texas/24-008749-003/2024(H5N1)	627	0
PB1|PP755595.1|A/cattle/Texas/24-008749-003/2024(H5N1)	628	0
PB1|PP755595.1|A/cattle/Texas/24-008749-003/2024(H5N1)	629	0
PB1|PP755595.1|A/cattle/Texas/24-008749-003/2024(H5N1)	630	0
PB1|PP755595.1|A/cattle/Texas/24-008749-003/2024(H5N1)	631	0
PB1|PP755595.1|A/cattle/Texas/24-008749-003/2024(H5N1)	632	0
PB1|PP755595.1|A/cattle/Texas/24-008749-003/2024(H5N1)	633	0
PB1|PP755595.1|A/cattle/Texas/24-008749-003/2024(H5N1)	634	0
PB1|PP755595.1|A/cattle/Texas/24-008749-003/2024(H5N1)	635	0
PB1|PP755595.1|A/cattle/Texas/24-008749-003/2024(H5N1)	636	0
PB1|PP755595.1|A/cattle/Texas/24-008749-003/2024(H5N1)	637	0
PB1|PP755595.1|A/cattle/Texas/24-008749-003/2024(H5N1)	638	0
PB1|PP755595.1|A/cattle/Texas/24-008749-003/2024(H5N1)	639	0
PB1|PP755595.1|A/cattle/Texas/24-008749-003/2024(H5N1)	640	0
PB1|PP755595.1|A/cattle/Texas/24-008749-003/2024(H5N1)	641	0
PB1|PP755595.1|A/cattle/Texas/24-008749-003/2024(H5N1)	642	0
PB1|PP755595.1|A/cattle/Texas/24-008749-003/2024(H5N1)	643	0
PB1|PP755595.1|A/cattle/Texas/24-008749-003/2024(H5N1)	644	0
PB1|PP755595.1|A/cattle/Texas/24-008749-003/2024(H5N1)	645	0
PB1|PP755595.1|A/cattle/Texas/24-008749-003/2024(H5N1)	646	0
PB1|PP755595.1|A/cattle/Texas/24-008749-003/2024(H5N1)	647	0
PB1|PP755595.1|A/cattle/Texas/24-008749-003/2024(H5N1)	648	0
PB1|PP755595.1|A/cattle/Texas/24-008749-003/2024(H5N1)	649	0
PB1|PP755595.1|A/cattle/Texas/24-008749-003/2024(H5N1)	650	0
PB1|PP755595.1|A/cattle/Texas/24-008749-003/2024(H5N1)	651	0
PB1|PP755595.1|A/cattle/Texas/24-008749-003/2024(H5N1)	652	0
PB1|PP755595.1|A/cattle/Texas/24-008749-003/2024(H5N1)	653	0
PB1|PP755595.1|A/cattle/Texas/24-008749-003/2024(H5N1)	654	0
PB1|PP755595.1|A/cattle/Texas/24-008749-003/2024(H5N1)	655	0
PB1|PP755595.1|A/cattle/Texas/24-008749-003/2024(H5N1)	656	0
PB1|PP755595.1|A/cattle/Texas/24-008749-003/2024(H5N1)	657	0
PB1|PP755595.1|A/cattle/Texas/24-008749-003/2024(H5N1)	658	0
PB1|PP755595.1|A/cattle/Texas/24-008749-003/2024(H5N1)	659	0
PB1|PP755595.1|A/cattle/Texas/24-008749-003/2024(H5N1)	660	0
PB1|PP755595.1|A/cattle/Texas/24-008749-003/2024(H5N1)	661	0
PB1|PP755595.1|A/cattle/Texas/24-008749-003/2024(H5N1)	662	0
PB1|PP755595.1|A/cattle/Texas/24-008749-003/2024(H5N1)	663	0
PB1|PP755595.1|A/cattle/Texas/24-008749-003/2024(H5N1)	664	0
PB1|PP755595.1|A/cattle/Texas/24-008749-003/2024(H5N1)	665	0
PB1|PP755595.1|A/cattle/Texas/24-008749-003/2024(H5N1)	666	0
PB1|PP755595.1|A/cattle/Texas/24-008749-003/2024(H5N1)	667	0
PB1|PP755595.1|A/cattle/Texas/24-008749-003/2024(H5N1)	668	0
PB1|PP755595.1|A/cattle/Texas/24-008749-003/2024(H5N1)	669	0
PB1|PP755595.1|A/cattle/Texas/24-008749-003/2024(H5N1)	670	0
PB1|PP755595.1|A/cattle/Texas/24-008749-003/2024(H5N1)	671	0
PB1|PP755595.1|A/cattle/Texas/24-008749-003/2024(H5N1)	672	0
PB1|PP755595.1|A/cattle/Texas/24-008749-003/2024(H5N1)	673	0
PB1|PP755595.1|A/cattle/Texas/24-008749-003/2024(H5N1)	674	0
PB1|PP755595.1|A/cattle/Texas/24-008749-003/2024(H5N1)	675	0
PB1|PP755595.1|A/cattle/Texas/24-008749-003/2024(H5N1)	676	0
PB1|PP755595.1|A/cattle/Texas/24-008749-003/2024(H5N1)	677	0
PB1|PP755595.1|A/cattle/Texas/24-008749-003/2024(H5N1)	678	0
PB1|PP755595.1|A/cattle/Texas/24-008749-003/2024(H5N1)	679	0
PB1|PP755595.1|A/cattle/Texas/24-008749-003/2024(H5N1)	680	0
PB1|PP755595.1|A/cattle/Texas/24-008749-003/2024(H5N1)	681	0
PB1|PP755595.1|A/cattle/Texas/24-008749-003/2024(H5N1)	682	0
PB1|PP755595.1|A/cattle/Texas/24-008749-003/2024(H5N1)	683	0
PB1|PP755595.1|A/cattle/Texas/24-008749-003/2024(H5N1)	684	0
PB1|PP755595.1|A/cattle/Texas/24-008749-003/2024(H5N1)	685	0
PB1|PP755595.1|A/cattle/Texas/24-008749-003/2024(H5N1)	686	0
PB1|PP755595.1|A/cattle/Texas/24-008749-003/2024(H5N1)	687	0
PB1|PP755595.1|A/cattle/Texas/24-008749-003/2024(H5N1)	688	0
PB1|PP755595.1|A/cattle/Texas/24-008749-003/2024(H5N1)	689	0
PB1|PP755595.1|A/cattle/Texas/24-008749-003/2024(H5N1)	690	0
PB1|PP755595.1|A/cattle/Texas/24-008749-003/2024(H5N1)	691	0
PB1|PP755595.1|A/cattle/Texas/24-008749-003/2024(H5N1)	692	0
PB1|PP755595.1|A/cattle/Texas/24-008749-003/2024(H5N1)	693	0
PB1|PP755595.1|A/cattle/Texas/24-008749-003/2024(H5N1)	694	0
PB1|PP755595.1|A/cattle/Texas/24-008749-003/2024(H5N1)	695	0
PB1|PP755595.1|A/cattle/Texas/24-008749-003/2024(H5N1)	696	0
PB1|PP755595.1|A/cattle/Texas/24-008749-003/2024(H5N1)	697	0
PB1|PP755595.1|A/cattle/Texas/24-008749-003/2024(H5N1)	698	0
PB1|PP755595.1|A/cattle/Texas/24-008749-003/2024(H5N1)	699	0
PB1|PP755595.1|A/cattle/Texas/24-008749-003/2024(H5N1)	700	0
PB1|PP755595.1|A/cattle/Texas/24-008749-003/2024(H5N1)	701	0
PB1|PP755595.1|A/cattle/Texas/24-008749-003/2024(H5N1)	702	0
PB1|PP755595.1|A/cattle/Texas/24-008749-003/2024(H5N1)	703	0
PB1|PP755595.1|A/cattle/Texas/24-008749-003/2024(H5N1)	704	0
PB1|PP755595.1|A/cattle/Texas/24-008749-003/2024(H5N1)	705	0
PB1|PP755595.1|A/cattle/Texas/24-008749-003/2024(H5N1)	706	0
PB1|PP755595.1|A/cattle/Texas/24-008749-003/2024(H5N1)	707	0
PB1|PP755595.1|A/cattle/Texas/24-008749-003/2024(H5N1)	708	0
PB1|PP755595.1|A/cattle/Texas/24-008749-003/2024(H5N1)	709	0
PB1|PP755595.1|A/cattle/Texas/24-008749-003/2024(H5N1)	710	0
PB1|PP755595.1|A/cattle/Texas/24-008749-003/2024(H5N1)	711	0
PB1|PP755595.1|A/cattle/Texas/24-008749-003/2024(H5N1)	712	0
PB1|PP755595.1|A/cattle/Texas/24-008749-003/2024(H5N1)	713	0
PB1|PP755595.1|A/cattle/Texas/24-008749-003/2024(H5N1)	714	0
PB1|PP755595.1|A/cattle/Texas/24-008749-003/2024(H5N1)	715	0
PB1|PP755595.1|A/cattle/Texas/24-008749-003/2024(H5N1)	716	0
PB1|PP755595.1|A/cattle/Texas/24-008749-003/2024(H5N1)	717	0
PB1|PP755595.1|A/cattle/Texas/24-008749-003/2024(H5N1)	718	0
PB1|PP755595.1|A/cattle/Texas/24-008749-003/2024(H5N1)	719	0
PB1|PP755595.1|A/cattle/Texas/24-008749-003/2024(H5N1)	720	0
PB1|PP755595.1|A/cattle/Texas/24-008749-003/2024(H5N1)	721	0
PB1|PP755595.1|A/cattle/Texas/24-008749-003/2024(H5N1)	722	0
PB1|PP755595.1|A/cattle/Texas/24-008749-003/2024(H5N1)	723	0
PB1|PP755595.1|A/cattle/Texas/24-008749-003/2024(H5N1)	724	0
PB1|PP755595.1|A/cattle/Texas/24-008749-003/2024(H5N1)	725	0
PB1|PP755595.1|A/cattle/Texas/24-008749-003/2024(H5N1)	726	0
PB1|PP755595.1|A/cattle/Texas/24-008749-003/2024(H5N1)	727	0
PB1|PP755595.1|A/cattle/Texas/24-008749-003/2024(H5N1)	728	0
PB1|PP755595.1|A/cattle/Texas/24-008749-003/2024(H5N1)	729	0
PB1|PP755595.1|A/cattle/Texas/24-008749-003/2024(H5N1)	730	0
PB1|PP755595.1|A/cattle/Texas/24-008749-003/2024(H5N1)	731	0
PB1|PP755595.1|A/cattle/Texas/24-008749-003/2024(H5N1)	732	0
PB1|PP755595.1|A/cattle/Texas/24-008749-003/2024(H5N1)	733	0
PB1|PP755595.1|A/cattle/Texas/24-008749-003/2024(H5N1)	734	0
PB1|PP755595.1|A/cattle/Texas/24-008749-003/2024(H5N1)	735	0
PB1|PP755595.1|A/cattle/Texas/24-008749-003/2024(H5N1)	736	0
PB1|PP755595.1|A/cattle/Texas/24-008749-003/2024(H5N1)	737	0
PB1|PP755595.1|A/cattle/Texas/24-008749-003/2024(H5N1)	738	0
PB1|PP755595.1|A/cattle/Texas/24-008749-003/2024(H5N1)	739	0
PB1|PP755595.1|A/cattle/Texas/24-008749-003/2024(H5N1)	740	0
PB1|PP755595.1|A/cattle/Texas/24-008749-003/2024(H5N1)	741	0
PB1|PP755595.1|A/cattle/Texas/24-008749-003/2024(H5N1)	742	0
PB1|PP755595.1|A/cattle/Texas/24-008749-003/2024(H5N1)	743	0
PB1|PP755595.1|A/cattle/Texas/24-008749-003/2024(H5N1)	744	0
PB1|PP755595.1|A/cattle/Texas/24-008749-003/2024(H5N1)	745	0
PB1|PP755595.1|A/cattle/Texas/24-008749-003/2024(H5N1)	746	0
PB1|PP755595.1|A/cattle/Texas/24-008749-003/2024(H5N1)	747	0
PB1|PP755595.1|A/cattle/Texas/24-008749-003/2024(H5N1)	748	0
PB1|PP755595.1|A/cattle/Texas/24-008749-003/2024(H5N1)	749	0
PB1|PP755595.1|A/cattle/Texas/24-008749-003/2024(H5N1)	750	0
PB1|PP755595.1|A/cattle/Texas/24-008749-003/2024(H5N1)	751	0
PB1|PP755595.1|A/cattle/Texas/24-008749-003/2024(H5N1)	752	0
PB1|PP755595.1|A/cattle/Texas/24-008749-003/2024(H5N1)	753	0
PB1|PP755595.1|A/cattle/Texas/24-008749-003/2024(H5N1)	754	0
PB1|PP755595.1|A/cattle/Texas/24-008749-003/2024(H5N1)	755	0
PB1|PP755595.1|A/cattle/Texas/24-008749-003/2024(H5N1)	756	0
PB1|PP755595.1|A/cattle/Texas/24-008749-003/2024(H5N1)	757	0
PB1|PP755595.1|A/cattle/Texas/24-008749-003/2024(H5N1)	758	0
PB1|PP755595.1|A/cattle/Texas/24-008749-003/2024(H5N1)	759	0
PB1|PP755595.1|A/cattle/Texas/24-008749-003/2024(H5N1)	760	0
PB1|PP755595.1|A/cattle/Texas/24-008749-003/2024(H5N1)	761	0
PB1|PP755595.1|A/cattle/Texas/24-008749-003/2024(H5N1)	762	0
PB1|PP755595.1|A/cattle/Texas/24-008749-003/2024(H5N1)	763	0
PB1|PP755595.1|A/cattle/Texas/24-008749-003/2024(H5N1)	764	0
PB1|PP755595.1|A/cattle/Texas/24-008749-003/2024(H5N1)	765	0
PB1|PP755595.1|A/cattle/Texas/24-008749-003/2024(H5N1)	766	0
PB1|PP755595.1|A/cattle/Texas/24-008749-003/2024(H5N1)	767	0
PB1|PP755595.1|A/cattle/Texas/24-008749-003/2024(H5N1)	768	0
PB1|PP755595.1|A/cattle/Texas/24-008749-003/2024(H5N1)	769	0
PB1|PP755595.1|A/cattle/Texas/24-008749-003/2024(H5N1)	770	0
PB1|PP755595.1|A/cattle/Texas/24-008749-003/2024(H5N1)	771	0
PB1|PP755595.1|A/cattle/Texas/24-008749-003/2024(H5N1)	772	0
PB1|PP755595.1|A/cattle/Texas/24-008749-003/2024(H5N1)	773	0
PB1|PP755595.1|A/cattle/Texas/24-008749-003/2024(H5N1)	774	0
PB1|PP755595.1|A/cattle/Texas/24-008749-003/2024(H5N1)	775	0
PB1|PP755595.1|A/cattle/Texas/24-008749-003/2024(H5N1)	776	0
PB1|PP755595.1|A/cattle/Texas/24-008749-003/2024(H5N1)	777	0
PB1|PP755595.1|A/cattle/Texas/24-008749-003/2024(H5N1)	778	0
PB1|PP755595.1|A/cattle/Texas/24-008749-003/2024(H5N1)	779	0
PB1|PP755595.1|A/cattle/Texas/24-008749-003/2024(H5N1)	780	0
PB1|PP755595.1|A/cattle/Texas/24-008749-003/2024(H5N1)	781	0
PB1|PP755595.1|A/cattle/Texas/24-008749-003/2024(H5N1)	782	0
PB1|PP755595.1|A/cattle/Texas/24-008749-003/2024(H5N1)	783	0
PB1|PP755595.1|A/cattle/Texas/24-008749-003/2024(H5N1)	784	0
PB1|PP755595.1|A/cattle/Texas/24-008749-003/2024(H5N1)	785	0
PB1|PP755595.1|A/cattle/Texas/24-008749-003/2024(H5N1)	786	0
PB1|PP755595.1|A/cattle/Texas/24-008749-003/2024(H5N1)	787	0
PB1|PP755595.1|A/cattle/Texas/24-008749-003/2024(H5N1)	788	0
PB1|PP755595.1|A/cattle/Texas/24-008749-003/2024(H5N1)	789	0
PB1|PP755595.1|A/cattle/Texas/24-008749-003/2024(H5N1)	790	0
PB1|PP755595.1|A/cattle/Texas/24-008749-003/2024(H5N1)	791	0
PB1|PP755595.1|A/cattle/Texas/24-008749-003/2024(H5N1)	792	0
PB1|PP755595.1|A/cattle/Texas/24-008749-003/2024(H5N1)	793	0
PB1|PP755595.1|A/cattle/Texas/24-008749-003/2024(H5N1)	794	0
PB1|PP755595.1|A/cattle/Texas/24-008749-003/2024(H5N1)	795	0
PB1|PP755595.1|A/cattle/Texas/24-008749-003/2024(H5N1)	796	0
PB1|PP755595.1|A/cattle/Texas/24-008749-003/2024(H5N1)	797	0
PB1|PP755595.1|A/cattle/Texas/24-008749-003/2024(H5N1)	798	0
PB1|PP755595.1|A/cattle/Texas/24-008749-003/2024(H5N1)	799	0
PB1|PP755595.1|A/cattle/Texas/24-008749-003/2024(H5N1)	800	0
PB1|PP755595.1|A/cattle/Texas/24-008749-003/2024(H5N1)	801	0
PB1|PP755595.1|A/cattle/Texas/24-008749-003/2024(H5N1)	802	0
PB1|PP755595.1|A/cattle/Texas/24-008749-003/2024(H5N1)	803	0
PB1|PP755595.1|A/cattle/Texas/24-008749-003/2024(H5N1)	804	0
PB1|PP755595.1|A/cattle/Texas/24-008749-003/2024(H5N1)	805	0
PB1|PP755595.1|A/cattle/Texas/24-008749-003/2024(H5N1)	806	0
PB1|PP755595.1|A/cattle/Texas/24-008749-003/2024(H5N1)	807	0
PB1|PP755595.1|A/cattle/Texas/24-008749-003/2024(H5N1)	808	0
PB1|PP755595.1|A/cattle/Texas/24-008749-003/2024(H5N1)	809	0
PB1|PP755595.1|A/cattle/Texas/24-008749-003/2024(H5N1)	810	0
PB1|PP755595.1|A/cattle/Texas/24-008749-003/2024(H5N1)	811	0
PB1|PP755595.1|A/cattle/Texas/24-008749-003/2024(H5N1)	812	0
PB1|PP755595.1|A/cattle/Texas/24-008749-003/2024(H5N1)	813	0
PB1|PP755595.1|A/cattle/Texas/24-008749-003/2024(H5N1)	814	0
PB1|PP755595.1|A/cattle/Texas/24-008749-003/2024(H5N1)	815	0
PB1|PP755595.1|A/cattle/Texas/24-008749-003/2024(H5N1)	816	0
PB1|PP755595.1|A/cattle/Texas/24-008749-003/2024(H5N1)	817	0
PB1|PP755595.1|A/cattle/Texas/24-008749-003/2024(H5N1)	818	0
PB1|PP755595.1|A/cattle/Texas/24-008749-003/2024(H5N1)	819	0
PB1|PP755595.1|A/cattle/Texas/24-008749-003/2024(H5N1)	820	0
PB1|PP755595.1|A/cattle/Texas/24-008749-003/2024(H5N1)	821	0
PB1|PP755595.1|A/cattle/Texas/24-008749-003/2024(H5N1)	822	0
PB1|PP755595.1|A/cattle/Texas/24-008749-003/2024(H5N1)	823	0
PB1|PP755595.1|A/cattle/Texas/24-008749-003/2024(H5N1)	824	0
PB1|PP755595.1|A/cattle/Texas/24-008749-003/2024(H5N1)	825	0
PB1|PP755595.1|A/cattle/Texas/24-008749-003/2024(H5N1)	826	0
PB1|PP755595.1|A/cattle/Texas/24-008749-003/2024(H5N1)	827	0
PB1|PP755595.1|A/cattle/Texas/24-008749-003/2024(H5N1)	828	0
PB1|PP755595.1|A/cattle/Texas/24-008749-003/2024(H5N1)	829	0
PB1|PP755595.1|A/cattle/Texas/24-008749-003/2024(H5N1)	830	0
PB1|PP755595.1|A/cattle/Texas/24-008749-003/2024(H5N1)	831	0
PB1|PP755595.1|A/cattle/Texas/24-008749-003/2024(H5N1)	832	0
PB1|PP755595.1|A/cattle/Texas/24-008749-003/2024(H5N1)	833	0
PB1|PP755595.1|A/cattle/Texas/24-008749-003/2024(H5N1)	834	0
PB1|PP755595.1|A/cattle/Texas/24-008749-003/2024(H5N1)	835	0
PB1|PP755595.1|A/cattle/Texas/24-008749-003/2024(H5N1)	836	0
PB1|PP755595.1|A/cattle/Texas/24-008749-003/2024(H5N1)	837	0
PB1|PP755595.1|A/cattle/Texas/24-008749-003/2024(H5N1)	838	0
PB1|PP755595.1|A/cattle/Texas/24-008749-003/2024(H5N1)	839	0
PB1|PP755595.1|A/cattle/Texas/24-008749-003/2024(H5N1)	840	0
PB1|PP755595.1|A/cattle/Texas/24-008749-003/2024(H5N1)	841	0
PB1|PP755595.1|A/cattle/Texas/24-008749-003/2024(H5N1)	842	0
PB1|PP755595.1|A/cattle/Texas/24-008749-003/2024(H5N1)	843	0
PB1|PP755595.1|A/cattle/Texas/24-008749-003/2024(H5N1)	844	0
PB1|PP755595.1|A/cattle/Texas/24-008749-003/2024(H5N1)	845	0
PB1|PP755595.1|A/cattle/Texas/24-008749-003/2024(H5N1)	846	1
PB1|PP755595.1|A/cattle/Texas/24-008749-003/2024(H5N1)	847	1
PB1|PP755595.1|A/cattle/Texas/24-008749-003/2024(H5N1)	848	1
PB1|PP755595.1|A/cattle/Texas/24-008749-003/2024(H5N1)	849	1
PB1|PP755595.1|A/cattle/Texas/24-008749-003/2024(H5N1)	850	1
PB1|PP755595.1|A/cattle/Texas/24-008749-003/2024(H5N1)	851	1
PB1|PP755595.1|A/cattle/Texas/24-008749-003/2024(H5N1)	852	1
PB1|PP755595.1|A/cattle/Texas/24-008749-003/2024(H5N1)	853	1
PB1|PP755595.1|A/cattle/Texas/24-008749-003/2024(H5N1)	854	1
PB1|PP755595.1|A/cattle/Texas/24-008749-003/2024(H5N1)	855	1
PB1|PP755595.1|A/cattle/Texas/24-008749-003/2024(H5N1)	856	1
PB1|PP755595.1|A/cattle/Texas/24-008749-003/2024(H5N1)	857	1
PB1|PP755595.1|A/cattle/Texas/24-008749-003/2024(H5N1)	858	1
PB1|PP755595.1|A/cattle/Texas/24-008749-003/2024(H5N1)	859	1
PB1|PP755595.1|A/cattle/Texas/24-008749-003/2024(H5N1)	860	1
PB1|PP755595.1|A/cattle/Texas/24-008749-003/2024(H5N1)	861	1
PB1|PP755595.1|A/cattle/Texas/24-008749-003/2024(H5N1)	862	1
PB1|PP755595.1|A/cattle/Texas/24-008749-003/2024(H5N1)	863	1
PB1|PP755595.1|A/cattle/Texas/24-008749-003/2024(H5N1)	864	1
PB1|PP755595.1|A/cattle/Texas/24-008749-003/2024(H5N1)	865	1
PB1|PP755595.1|A/cattle/Texas/24-008749-003/2024(H5N1)	866	1
PB1|PP755595.1|A/cattle/Texas/24-008749-003/2024(H5N1)	867	1
PB1|PP755595.1|A/cattle/Texas/24-008749-003/2024(H5N1)	868	1
PB1|PP755595.1|A/cattle/Texas/24-008749-003/2024(H5N1)	869	1
PB1|PP755595.1|A/cattle/Texas/24-008749-003/2024(H5N1)	870	1
PB1|PP755595.1|A/cattle/Texas/24-008749-003/2024(H5N1)	871	1
PB1|PP755595.1|A/cattle/Texas/24-008749-003/2024(H5N1)	872	1
PB1|PP755595.1|A/cattle/Texas/24-008749-003/2024(H5N1)	873	1
PB1|PP755595.1|A/cattle/Texas/24-008749-003/2024(H5N1)	874	1
PB1|PP755595.1|A/cattle/Texas/24-008749-003/2024(H5N1)	875	1
PB1|PP755595.1|A/cattle/Texas/24-008749-003/2024(H5N1)	876	1
PB1|PP755595.1|A/cattle/Texas/24-008749-003/2024(H5N1)	877	1
PB1|PP755595.1|A/cattle/Texas/24-008749-003/2024(H5N1)	878	1
PB1|PP755595.1|A/cattle/Texas/24-008749-003/2024(H5N1)	879	1
PB1|PP755595.1|A/cattle/Texas/24-008749-003/2024(H5N1)	880	1
PB1|PP755595.1|A/cattle/Texas/24-008749-003/2024(H5N1)	881	1
PB1|PP755595.1|A/cattle/Texas/24-008749-003/2024(H5N1)	882	1
PB1|PP755595.1|A/cattle/Texas/24-008749-003/2024(H5N1)	883	1
PB1|PP755595.1|A/cattle/Texas/24-008749-003/2024(H5N1)	884	1
PB1|PP755595.1|A/cattle/Texas/24-008749-003/2024(H5N1)	885	1
PB1|PP755595.1|A/cattle/Texas/24-008749-003/2024(H5N1)	886	1
PB1|PP755595.1|A/cattle/Texas/24-008749-003/2024(H5N1)	887	1
PB1|PP755595.1|A/cattle/Texas/24-008749-003/2024(H5N1)	888	1
PB1|PP755595.1|A/cattle/Texas/24-008749-003/2024(H5N1)	889	1
PB1|PP755595.1|A/cattle/Texas/24-008749-003/2024(H5N1)	890	1
PB1|PP755595.1|A/cattle/Texas/24-008749-003/2024(H5N1)	891	1
PB1|PP755595.1|A/cattle/Texas/24-008749-003/2024(H5N1)	892	1
PB1|PP755595.1|A/cattle/Texas/24-008749-003/2024(H5N1)	893	1
PB1|PP755595.1|A/cattle/Texas/24-008749-003/2024(H5N1)	894	1
PB1|PP755595.1|A/cattle/Texas/24-008749-003/2024(H5N1)	895	1
PB1|PP755595.1|A/cattle/Texas/24-008749-003/2024(H5N1)	896	1
PB1|PP755595.1|A/cattle/Texas/24-008749-003/2024(H5N1)	897	1
PB1|PP755595.1|A/cattle/Texas/24-008749-003/2024(H5N1)	898	1
PB1|PP755595.1|A/cattle/Texas/24-008749-003/2024(H5N1)	899	1
PB1|PP755595.1|A/cattle/Texas/24-008749-003/2024(H5N1)	900	1
PB1|PP755595.1|A/cattle/Texas/24-008749-003/2024(H5N1)	901	1
PB1|PP755595.1|A/cattle/Texas/24-008749-003/2024(H5N1)	902	1
PB1|PP755595.1|A/cattle/Texas/24-008749-003/2024(H5N1)	903	1
PB1|PP755595.1|A/cattle/Texas/24-008749-003/2024(H5N1)	904	1
PB1|PP755595.1|A/cattle/Texas/24-008749-003/2024(H5N1)	905	1
PB1|PP755595.1|A/cattle/Texas/24-008749-003/2024(H5N1)	906	1
PB1|PP755595.1|A/cattle/Texas/24-008749-003/2024(H5N1)	907	1
PB1|PP755595.1|A/cattle/Texas/24-008749-003/2024(H5N1)	908	1
PB1|PP755595.1|A/cattle/Texas/24-008749-003/2024(H5N1)	909	1
PB1|PP755595.1|A/cattle/Texas/24-008749-003/2024(H5N1)	910	1
PB1|PP755595.1|A/cattle/Texas/24-008749-003/2024(H5N1)	911	2
PB1|PP755595.1|A/cattle/Texas/24-008749-003/2024(H5N1)	912	2
PB1|PP755595.1|A/cattle/Texas/24-008749-003/2024(H5N1)	913	2
PB1|PP755595.1|A/cattle/Texas/24-008749-003/2024(H5N1)	914	2
PB1|PP755595.1|A/cattle/Texas/24-008749-003/2024(H5N1)	915	2
PB1|PP755595.1|A/cattle/Texas/24-008749-003/2024(H5N1)	916	2
PB1|PP755595.1|A/cattle/Texas/24-008749-003/2024(H5N1)	917	2
PB1|PP755595.1|A/cattle/Texas/24-008749-003/2024(H5N1)	918	2
PB1|PP755595.1|A/cattle/Texas/24-008749-003/2024(H5N1)	919	2
PB1|PP755595.1|A/cattle/Texas/24-008749-003/2024(H5N1)	920	2
PB1|PP755595.1|A/cattle/Texas/24-008749-003/2024(H5N1)	921	2
PB1|PP755595.1|A/cattle/Texas/24-008749-003/2024(H5N1)	922	2
PB1|PP755595.1|A/cattle/Texas/24-008749-003/2024(H5N1)	923	2
PB1|PP755595.1|A/cattle/Texas/24-008749-003/2024(H5N1)	924	2
PB1|PP755595.1|A/cattle/Texas/24-008749-003/2024(H5N1)	925	2
PB1|PP755595.1|A/cattle/Texas/24-008749-003/2024(H5N1)	926	2
PB1|PP755595.1|A/cattle/Texas/24-008749-003/2024(H5N1)	927	2
PB1|PP755595.1|A/cattle/Texas/24-008749-003/2024(H5N1)	928	2
PB1|PP755595.1|A/cattle/Texas/24-008749-003/2024(H5N1)	929	2
PB1|PP755595.1|A/cattle/Texas/24-008749-003/2024(H5N1)	930	2
PB1|PP755595.1|A/cattle/Texas/24-008749-003/2024(H5N1)	931	2
PB1|PP755595.1|A/cattle/Texas/24-008749-003/2024(H5N1)	932	2
PB1|PP755595.1|A/cattle/Texas/24-008749-003/2024(H5N1)	933	2
PB1|PP755595.1|A/cattle/Texas/24-008749-003/2024(H5N1)	934	2
PB1|PP755595.1|A/cattle/Texas/24-008749-003/2024(H5N1)	935	2
PB1|PP755595.1|A/cattle/Texas/24-008749-003/2024(H5N1)	936	2
PB1|PP755595.1|A/cattle/Texas/24-008749-003/2024(H5N1)	937	2
PB1|PP755595.1|A/cattle/Texas/24-008749-003/2024(H5N1)	938	2
PB1|PP755595.1|A/cattle/Texas/24-008749-003/2024(H5N1)	939	2
PB1|PP755595.1|A/cattle/Texas/24-008749-003/2024(H5N1)	940	2
PB1|PP755595.1|A/cattle/Texas/24-008749-003/2024(H5N1)	941	2
PB1|PP755595.1|A/cattle/Texas/24-008749-003/2024(H5N1)	942	2
PB1|PP755595.1|A/cattle/Texas/24-008749-003/2024(H5N1)	943	2
PB1|PP755595.1|A/cattle/Texas/24-008749-003/2024(H5N1)	944	2
PB1|PP755595.1|A/cattle/Texas/24-008749-003/2024(H5N1)	945	2
PB1|PP755595.1|A/cattle/Texas/24-008749-003/2024(H5N1)	946	2
PB1|PP755595.1|A/cattle/Texas/24-008749-003/2024(H5N1)	947	2
PB1|PP755595.1|A/cattle/Texas/24-008749-003/2024(H5N1)	948	2
PB1|PP755595.1|A/cattle/Texas/24-008749-003/2024(H5N1)	949	2
PB1|PP755595.1|A/cattle/Texas/24-008749-003/2024(H5N1)	950	2
PB1|PP755595.1|A/cattle/Texas/24-008749-003/2024(H5N1)	951	2
PB1|PP755595.1|A/cattle/Texas/24-008749-003/2024(H5N1)	952	2
PB1|PP755595.1|A/cattle/Texas/24-008749-003/2024(H5N1)	953	2
PB1|PP755595.1|A/cattle/Texas/24-008749-003/2024(H5N1)	954	2
PB1|PP755595.1|A/cattle/Texas/24-008749-003/2024(H5N1)	955	2
PB1|PP755595.1|A/cattle/Texas/24-008749-003/2024(H5N1)	956	2
PB1|PP755595.1|A/cattle/Texas/24-008749-003/2024(H5N1)	957	2
PB1|PP755595.1|A/cattle/Texas/24-008749-003/2024(H5N1)	958	2
PB1|PP755595.1|A/cattle/Texas/24-008749-003/2024(H5N1)	959	2
PB1|PP755595.1|A/cattle/Texas/24-008749-003/2024(H5N1)	960	2
PB1|PP755595.1|A/cattle/Texas/24-008749-003/2024(H5N1)	961	2
PB1|PP755595.1|A/cattle/Texas/24-008749-003/2024(H5N1)	962	2
PB1|PP755595.1|A/cattle/Texas/24-008749-003/2024(H5N1)	963	2
PB1|PP755595.1|A/cattle/Texas/24-008749-003/2024(H5N1)	964	2
PB1|PP755595.1|A/cattle/Texas/24-008749-003/2024(H5N1)	965	2
PB1|PP755595.1|A/cattle/Texas/24-008749-003/2024(H5N1)	966	2
PB1|PP755595.1|A/cattle/Texas/24-008749-003/2024(H5N1)	967	2
PB1|PP755595.1|A/cattle/Texas/24-008749-003/2024(H5N1)	968	2
PB1|PP755595.1|A/cattle/Texas/24-008749-003/2024(H5N1)	969	2
PB1|PP755595.1|A/cattle/Texas/24-008749-003/2024(H5N1)	970	2
PB1|PP755595.1|A/cattle/Texas/24-008749-003/2024(H5N1)	971	2
PB1|PP755595.1|A/cattle/Texas/24-008749-003/2024(H5N1)	972	2
PB1|PP755595.1|A/cattle/Texas/24-008749-003/2024(H5N1)	973	2
PB1|PP755595.1|A/cattle/Texas/24-008749-003/2024(H5N1)	974	2
PB1|PP755595.1|A/cattle/Texas/24-008749-003/2024(H5N1)	975	2
PB1|PP755595.1|A/cattle/Texas/24-008749-003/2024(H5N1)	976	2
PB1|PP755595.1|A/cattle/Texas/24-008749-003/2024(H5N1)	977	2
PB1|PP755595.1|A/cattle/Texas/24-008749-003/2024(H5N1)	978	2
PB1|PP755595.1|A/cattle/Texas/24-008749-003/2024(H5N1)	979	2
PB1|PP755595.1|A/cattle/Texas/24-008749-003/2024(H5N1)	980	2
PB1|PP755595.1|A/cattle/Texas/24-008749-003/2024(H5N1)	981	2
PB1|PP755595.1|A/cattle/Texas/24-008749-003/2024(H5N1)	982	2
PB1|PP755595.1|A/cattle/Texas/24-008749-003/2024(H5N1)	983	2
PB1|PP755595.1|A/cattle/Texas/24-008749-003/2024(H5N1)	984	2
PB1|PP755595.1|A/cattle/Texas/24-008749-003/2024(H5N1)	985	2
PB1|PP755595.1|A/cattle/Texas/24-008749-003/2024(H5N1)	986	2
PB1|PP755595.1|A/cattle/Texas/24-008749-003/2024(H5N1)	987	3
PB1|PP755595.1|A/cattle/Texas/24-008749-003/2024(H5N1)	988	3
PB1|PP755595.1|A/cattle/Texas/24-008749-003/2024(H5N1)	989	3
PB1|PP755595.1|A/cattle/Texas/24-008749-003/2024(H5N1)	990	3
PB1|PP755595.1|A/cattle/Texas/24-008749-003/2024(H5N1)	991	3
PB1|PP755595.1|A/cattle/Texas/24-008749-003/2024(H5N1)	992	3
PB1|PP755595.1|A/cattle/Texas/24-008749-003/2024(H5N1)	993	3
PB1|PP755595.1|A/cattle/Texas/24-008749-003/2024(H5N1)	994	3
PB1|PP755595.1|A/cattle/Texas/24-008749-003/2024(H5N1)	995	3
PB1|PP755595.1|A/cattle/Texas/24-008749-003/2024(H5N1)	996	3
PB1|PP755595.1|A/cattle/Texas/24-008749-003/2024(H5N1)	997	2
PB1|PP755595.1|A/cattle/Texas/24-008749-003/2024(H5N1)	998	2
PB1|PP755595.1|A/cattle/Texas/24-008749-003/2024(H5N1)	999	2
PB1|PP755595.1|A/cattle/Texas/24-008749-003/2024(H5N1)	1000	2
PB1|PP755595.1|A/cattle/Texas/24-008749-003/2024(H5N1)	1001	2
PB1|PP755595.1|A/cattle/Texas/24-008749-003/2024(H5N1)	1002	2
PB1|PP755595.1|A/cattle/Texas/24-008749-003/2024(H5N1)	1003	2
PB1|PP755595.1|A/cattle/Texas/24-008749-003/2024(H5N1)	1004	2
PB1|PP755595.1|A/cattle/Texas/24-008749-003/2024(H5N1)	1005	2
PB1|PP755595.1|A/cattle/Texas/24-008749-003/2024(H5N1)	1006	2
PB1|PP755595.1|A/cattle/Texas/24-008749-003/2024(H5N1)	1007	2
PB1|PP755595.1|A/cattle/Texas/24-008749-003/2024(H5N1)	1008	2
PB1|PP755595.1|A/cattle/Texas/24-008749-003/2024(H5N1)	1009	2
PB1|PP755595.1|A/cattle/Texas/24-008749-003/2024(H5N1)	1010	2
PB1|PP755595.1|A/cattle/Texas/24-008749-003/2024(H5N1)	1011	2
PB1|PP755595.1|A/cattle/Texas/24-008749-003/2024(H5N1)	1012	2
PB1|PP755595.1|A/cattle/Texas/24-008749-003/2024(H5N1)	1013	2
PB1|PP755595.1|A/cattle/Texas/24-008749-003/2024(H5N1)	1014	2
PB1|PP755595.1|A/cattle/Texas/24-008749-003/2024(H5N1)	1015	2
PB1|PP755595.1|A/cattle/Texas/24-008749-003/2024(H5N1)	1016	2
PB1|PP755595.1|A/cattle/Texas/24-008749-003/2024(H5N1)	1017	2
PB1|PP755595.1|A/cattle/Texas/24-008749-003/2024(H5N1)	1018	2
PB1|PP755595.1|A/cattle/Texas/24-008749-003/2024(H5N1)	1019	2
PB1|PP755595.1|A/cattle/Texas/24-008749-003/2024(H5N1)	1020	2
PB1|PP755595.1|A/cattle/Texas/24-008749-003/2024(H5N1)	1021	2
PB1|PP755595.1|A/cattle/Texas/24-008749-003/2024(H5N1)	1022	2
PB1|PP755595.1|A/cattle/Texas/24-008749-003/2024(H5N1)	1023	2
PB1|PP755595.1|A/cattle/Texas/24-008749-003/2024(H5N1)	1024	2
PB1|PP755595.1|A/cattle/Texas/24-008749-003/2024(H5N1)	1025	2
PB1|PP755595.1|A/cattle/Texas/24-008749-003/2024(H5N1)	1026	2
PB1|PP755595.1|A/cattle/Texas/24-008749-003/2024(H5N1)	1027	2
PB1|PP755595.1|A/cattle/Texas/24-008749-003/2024(H5N1)	1028	2
PB1|PP755595.1|A/cattle/Texas/24-008749-003/2024(H5N1)	1029	2
PB1|PP755595.1|A/cattle/Texas/24-008749-003/2024(H5N1)	1030	2
PB1|PP755595.1|A/cattle/Texas/24-008749-003/2024(H5N1)	1031	2
PB1|PP755595.1|A/cattle/Texas/24-008749-003/2024(H5N1)	1032	2
PB1|PP755595.1|A/cattle/Texas/24-008749-003/2024(H5N1)	1033	2
PB1|PP755595.1|A/cattle/Texas/24-008749-003/2024(H5N1)	1034	2
PB1|PP755595.1|A/cattle/Texas/24-008749-003/2024(H5N1)	1035	2
PB1|PP755595.1|A/cattle/Texas/24-008749-003/2024(H5N1)	1036	2
PB1|PP755595.1|A/cattle/Texas/24-008749-003/2024(H5N1)	1037	2
PB1|PP755595.1|A/cattle/Texas/24-008749-003/2024(H5N1)	1038	2
PB1|PP755595.1|A/cattle/Texas/24-008749-003/2024(H5N1)	1039	2
PB1|PP755595.1|A/cattle/Texas/24-008749-003/2024(H5N1)	1040	2
PB1|PP755595.1|A/cattle/Texas/24-008749-003/2024(H5N1)	1041	2
PB1|PP755595.1|A/cattle/Texas/24-008749-003/2024(H5N1)	1042	2
PB1|PP755595.1|A/cattle/Texas/24-008749-003/2024(H5N1)	1043	2
PB1|PP755595.1|A/cattle/Texas/24-008749-003/2024(H5N1)	1044	2
PB1|PP755595.1|A/cattle/Texas/24-008749-003/2024(H5N1)	1045	2
PB1|PP755595.1|A/cattle/Texas/24-008749-003/2024(H5N1)	1046	2
PB1|PP755595.1|A/cattle/Texas/24-008749-003/2024(H5N1)	1047	2
PB1|PP755595.1|A/cattle/Texas/24-008749-003/2024(H5N1)	1048	2
PB1|PP755595.1|A/cattle/Texas/24-008749-003/2024(H5N1)	1049	2
PB1|PP755595.1|A/cattle/Texas/24-008749-003/2024(H5N1)	1050	2
PB1|PP755595.1|A/cattle/Texas/24-008749-003/2024(H5N1)	1051	2
PB1|PP755595.1|A/cattle/Texas/24-008749-003/2024(H5N1)	1052	2
PB1|PP755595.1|A/cattle/Texas/24-008749-003/2024(H5N1)	1053	2
PB1|PP755595.1|A/cattle/Texas/24-008749-003/2024(H5N1)	1054	2
PB1|PP755595.1|A/cattle/Texas/24-008749-003/2024(H5N1)	1055	2
PB1|PP755595.1|A/cattle/Texas/24-008749-003/2024(H5N1)	1056	2
PB1|PP755595.1|A/cattle/Texas/24-008749-003/2024(H5N1)	1057	2
PB1|PP755595.1|A/cattle/Texas/24-008749-003/2024(H5N1)	1058	2
PB1|PP755595.1|A/cattle/Texas/24-008749-003/2024(H5N1)	1059	1
PB1|PP755595.1|A/cattle/Texas/24-008749-003/2024(H5N1)	1060	1
PB1|PP755595.1|A/cattle/Texas/24-008749-003/2024(H5N1)	1061	1
PB1|PP755595.1|A/cattle/Texas/24-008749-003/2024(H5N1)	1062	1
PB1|PP755595.1|A/cattle/Texas/24-008749-003/2024(H5N1)	1063	1
PB1|PP755595.1|A/cattle/Texas/24-008749-003/2024(H5N1)	1064	1
PB1|PP755595.1|A/cattle/Texas/24-008749-003/2024(H5N1)	1065	1
PB1|PP755595.1|A/cattle/Texas/24-008749-003/2024(H5N1)	1066	1
PB1|PP755595.1|A/cattle/Texas/24-008749-003/2024(H5N1)	1067	1
PB1|PP755595.1|A/cattle/Texas/24-008749-003/2024(H5N1)	1068	1
PB1|PP755595.1|A/cattle/Texas/24-008749-003/2024(H5N1)	1069	1
PB1|PP755595.1|A/cattle/Texas/24-008749-003/2024(H5N1)	1070	1
PB1|PP755595.1|A/cattle/Texas/24-008749-003/2024(H5N1)	1071	1
PB1|PP755595.1|A/cattle/Texas/24-008749-003/2024(H5N1)	1072	1
PB1|PP755595.1|A/cattle/Texas/24-008749-003/2024(H5N1)	1073	1
PB1|PP755595.1|A/cattle/Texas/24-008749-003/2024(H5N1)	1074	1
PB1|PP755595.1|A/cattle/Texas/24-008749-003/2024(H5N1)	1075	1
PB1|PP755595.1|A/cattle/Texas/24-008749-003/2024(H5N1)	1076	1
PB1|PP755595.1|A/cattle/Texas/24-008749-003/2024(H5N1)	1077	1
PB1|PP755595.1|A/cattle/Texas/24-008749-003/2024(H5N1)	1078	1
PB1|PP755595.1|A/cattle/Texas/24-008749-003/2024(H5N1)	1079	1
PB1|PP755595.1|A/cattle/Texas/24-008749-003/2024(H5N1)	1080	1
PB1|PP755595.1|A/cattle/Texas/24-008749-003/2024(H5N1)	1081	1
PB1|PP755595.1|A/cattle/Texas/24-008749-003/2024(H5N1)	1082	1
PB1|PP755595.1|A/cattle/Texas/24-008749-003/2024(H5N1)	1083	1
PB1|PP755595.1|A/cattle/Texas/24-008749-003/2024(H5N1)	1084	1
PB1|PP755595.1|A/cattle/Texas/24-008749-003/2024(H5N1)	1085	1
PB1|PP755595.1|A/cattle/Texas/24-008749-003/2024(H5N1)	1086	1
PB1|PP755595.1|A/cattle/Texas/24-008749-003/2024(H5N1)	1087	1
PB1|PP755595.1|A/cattle/Texas/24-008749-003/2024(H5N1)	1088	1
PB1|PP755595.1|A/cattle/Texas/24-008749-003/2024(H5N1)	1089	1
PB1|PP755595.1|A/cattle/Texas/24-008749-003/2024(H5N1)	1090	1
PB1|PP755595.1|A/cattle/Texas/24-008749-003/2024(H5N1)	1091	1
PB1|PP755595.1|A/cattle/Texas/24-008749-003/2024(H5N1)	1092	1
PB1|PP755595.1|A/cattle/Texas/24-008749-003/2024(H5N1)	1093	1
PB1|PP755595.1|A/cattle/Texas/24-008749-003/2024(H5N1)	1094	1
PB1|PP755595.1|A/cattle/Texas/24-008749-003/2024(H5N1)	1095	1
PB1|PP755595.1|A/cattle/Texas/24-008749-003/2024(H5N1)	1096	1
PB1|PP755595.1|A/cattle/Texas/24-008749-003/2024(H5N1)	1097	1
PB1|PP755595.1|A/cattle/Texas/24-008749-003/2024(H5N1)	1098	1
PB1|PP755595.1|A/cattle/Texas/24-008749-003/2024(H5N1)	1099	1
PB1|PP755595.1|A/cattle/Texas/24-008749-003/2024(H5N1)	1100	1
PB1|PP755595.1|A/cattle/Texas/24-008749-003/2024(H5N1)	1101	1
PB1|PP755595.1|A/cattle/Texas/24-008749-003/2024(H5N1)	1102	1
PB1|PP755595.1|A/cattle/Texas/24-008749-003/2024(H5N1)	1103	2
PB1|PP755595.1|A/cattle/Texas/24-008749-003/2024(H5N1)	1104	2
PB1|PP755595.1|A/cattle/Texas/24-008749-003/2024(H5N1)	1105	2
PB1|PP755595.1|A/cattle/Texas/24-008749-003/2024(H5N1)	1106	2
PB1|PP755595.1|A/cattle/Texas/24-008749-003/2024(H5N1)	1107	2
PB1|PP755595.1|A/cattle/Texas/24-008749-003/2024(H5N1)	1108	2
PB1|PP755595.1|A/cattle/Texas/24-008749-003/2024(H5N1)	1109	2
PB1|PP755595.1|A/cattle/Texas/24-008749-003/2024(H5N1)	1110	2
PB1|PP755595.1|A/cattle/Texas/24-008749-003/2024(H5N1)	1111	2
PB1|PP755595.1|A/cattle/Texas/24-008749-003/2024(H5N1)	1112	2
PB1|PP755595.1|A/cattle/Texas/24-008749-003/2024(H5N1)	1113	2
PB1|PP755595.1|A/cattle/Texas/24-008749-003/2024(H5N1)	1114	2
PB1|PP755595.1|A/cattle/Texas/24-008749-003/2024(H5N1)	1115	2
PB1|PP755595.1|A/cattle/Texas/24-008749-003/2024(H5N1)	1116	2
PB1|PP755595.1|A/cattle/Texas/24-008749-003/2024(H5N1)	1117	2
PB1|PP755595.1|A/cattle/Texas/24-008749-003/2024(H5N1)	1118	2
PB1|PP755595.1|A/cattle/Texas/24-008749-003/2024(H5N1)	1119	2
PB1|PP755595.1|A/cattle/Texas/24-008749-003/2024(H5N1)	1120	2
PB1|PP755595.1|A/cattle/Texas/24-008749-003/2024(H5N1)	1121	2
PB1|PP755595.1|A/cattle/Texas/24-008749-003/2024(H5N1)	1122	2
PB1|PP755595.1|A/cattle/Texas/24-008749-003/2024(H5N1)	1123	2
PB1|PP755595.1|A/cattle/Texas/24-008749-003/2024(H5N1)	1124	2
PB1|PP755595.1|A/cattle/Texas/24-008749-003/2024(H5N1)	1125	2
PB1|PP755595.1|A/cattle/Texas/24-008749-003/2024(H5N1)	1126	2
PB1|PP755595.1|A/cattle/Texas/24-008749-003/2024(H5N1)	1127	2
PB1|PP755595.1|A/cattle/Texas/24-008749-003/2024(H5N1)	1128	2
PB1|PP755595.1|A/cattle/Texas/24-008749-003/2024(H5N1)	1129	2
PB1|PP755595.1|A/cattle/Texas/24-008749-003/2024(H5N1)	1130	2
PB1|PP755595.1|A/cattle/Texas/24-008749-003/2024(H5N1)	1131	2
PB1|PP755595.1|A/cattle/Texas/24-008749-003/2024(H5N1)	1132	2
PB1|PP755595.1|A/cattle/Texas/24-008749-003/2024(H5N1)	1133	2
PB1|PP755595.1|A/cattle/Texas/24-008749-003/2024(H5N1)	1134	2
PB1|PP755595.1|A/cattle/Texas/24-008749-003/2024(H5N1)	1135	2
PB1|PP755595.1|A/cattle/Texas/24-008749-003/2024(H5N1)	1136	2
PB1|PP755595.1|A/cattle/Texas/24-008749-003/2024(H5N1)	1137	2
PB1|PP755595.1|A/cattle/Texas/24-008749-003/2024(H5N1)	1138	1
PB1|PP755595.1|A/cattle/Texas/24-008749-003/2024(H5N1)	1139	1
PB1|PP755595.1|A/cattle/Texas/24-008749-003/2024(H5N1)	1140	1
PB1|PP755595.1|A/cattle/Texas/24-008749-003/2024(H5N1)	1141	1
PB1|PP755595.1|A/cattle/Texas/24-008749-003/2024(H5N1)	1142	1
PB1|PP755595.1|A/cattle/Texas/24-008749-003/2024(H5N1)	1143	1
PB1|PP755595.1|A/cattle/Texas/24-008749-003/2024(H5N1)	1144	1
PB1|PP755595.1|A/cattle/Texas/24-008749-003/2024(H5N1)	1145	1
PB1|PP755595.1|A/cattle/Texas/24-008749-003/2024(H5N1)	1146	1
PB1|PP755595.1|A/cattle/Texas/24-008749-003/2024(H5N1)	1147	1
PB1|PP755595.1|A/cattle/Texas/24-008749-003/2024(H5N1)	1148	1
PB1|PP755595.1|A/cattle/Texas/24-008749-003/2024(H5N1)	1149	1
PB1|PP755595.1|A/cattle/Texas/24-008749-003/2024(H5N1)	1150	1
PB1|PP755595.1|A/cattle/Texas/24-008749-003/2024(H5N1)	1151	1
PB1|PP755595.1|A/cattle/Texas/24-008749-003/2024(H5N1)	1152	1
PB1|PP755595.1|A/cattle/Texas/24-008749-003/2024(H5N1)	1153	1
PB1|PP755595.1|A/cattle/Texas/24-008749-003/2024(H5N1)	1154	1
PB1|PP755595.1|A/cattle/Texas/24-008749-003/2024(H5N1)	1155	1
PB1|PP755595.1|A/cattle/Texas/24-008749-003/2024(H5N1)	1156	1
PB1|PP755595.1|A/cattle/Texas/24-008749-003/2024(H5N1)	1157	1
PB1|PP755595.1|A/cattle/Texas/24-008749-003/2024(H5N1)	1158	1
PB1|PP755595.1|A/cattle/Texas/24-008749-003/2024(H5N1)	1159	1
PB1|PP755595.1|A/cattle/Texas/24-008749-003/2024(H5N1)	1160	1
PB1|PP755595.1|A/cattle/Texas/24-008749-003/2024(H5N1)	1161	1
PB1|PP755595.1|A/cattle/Texas/24-008749-003/2024(H5N1)	1162	1
PB1|PP755595.1|A/cattle/Texas/24-008749-003/2024(H5N1)	1163	1
PB1|PP755595.1|A/cattle/Texas/24-008749-003/2024(H5N1)	1164	1
PB1|PP755595.1|A/cattle/Texas/24-008749-003/2024(H5N1)	1165	1
PB1|PP755595.1|A/cattle/Texas/24-008749-003/2024(H5N1)	1166	1
PB1|PP755595.1|A/cattle/Texas/24-008749-003/2024(H5N1)	1167	1
PB1|PP755595.1|A/cattle/Texas/24-008749-003/2024(H5N1)	1168	1
PB1|PP755595.1|A/cattle/Texas/24-008749-003/2024(H5N1)	1169	1
PB1|PP755595.1|A/cattle/Texas/24-008749-003/2024(H5N1)	1170	1
PB1|PP755595.1|A/cattle/Texas/24-008749-003/2024(H5N1)	1171	1
PB1|PP755595.1|A/cattle/Texas/24-008749-003/2024(H5N1)	1172	1
PB1|PP755595.1|A/cattle/Texas/24-008749-003/2024(H5N1)	1173	1
PB1|PP755595.1|A/cattle/Texas/24-008749-003/2024(H5N1)	1174	1
PB1|PP755595.1|A/cattle/Texas/24-008749-003/2024(H5N1)	1175	1
PB1|PP755595.1|A/cattle/Texas/24-008749-003/2024(H5N1)	1176	1
PB1|PP755595.1|A/cattle/Texas/24-008749-003/2024(H5N1)	1177	1
PB1|PP755595.1|A/cattle/Texas/24-008749-003/2024(H5N1)	1178	1
PB1|PP755595.1|A/cattle/Texas/24-008749-003/2024(H5N1)	1179	1
PB1|PP755595.1|A/cattle/Texas/24-008749-003/2024(H5N1)	1180	1
PB1|PP755595.1|A/cattle/Texas/24-008749-003/2024(H5N1)	1181	1
PB1|PP755595.1|A/cattle/Texas/24-008749-003/2024(H5N1)	1182	1
PB1|PP755595.1|A/cattle/Texas/24-008749-003/2024(H5N1)	1183	2
PB1|PP755595.1|A/cattle/Texas/24-008749-003/2024(H5N1)	1184	2
PB1|PP755595.1|A/cattle/Texas/24-008749-003/2024(H5N1)	1185	2
PB1|PP755595.1|A/cattle/Texas/24-008749-003/2024(H5N1)	1186	2
PB1|PP755595.1|A/cattle/Texas/24-008749-003/2024(H5N1)	1187	2
PB1|PP755595.1|A/cattle/Texas/24-008749-003/2024(H5N1)	1188	2
PB1|PP755595.1|A/cattle/Texas/24-008749-003/2024(H5N1)	1189	2
PB1|PP755595.1|A/cattle/Texas/24-008749-003/2024(H5N1)	1190	2
PB1|PP755595.1|A/cattle/Texas/24-008749-003/2024(H5N1)	1191	2
PB1|PP755595.1|A/cattle/Texas/24-008749-003/2024(H5N1)	1192	2
PB1|PP755595.1|A/cattle/Texas/24-008749-003/2024(H5N1)	1193	2
PB1|PP755595.1|A/cattle/Texas/24-008749-003/2024(H5N1)	1194	2
PB1|PP755595.1|A/cattle/Texas/24-008749-003/2024(H5N1)	1195	2
PB1|PP755595.1|A/cattle/Texas/24-008749-003/2024(H5N1)	1196	2
PB1|PP755595.1|A/cattle/Texas/24-008749-003/2024(H5N1)	1197	2
PB1|PP755595.1|A/cattle/Texas/24-008749-003/2024(H5N1)	1198	2
PB1|PP755595.1|A/cattle/Texas/24-008749-003/2024(H5N1)	1199	2
PB1|PP755595.1|A/cattle/Texas/24-008749-003/2024(H5N1)	1200	2
PB1|PP755595.1|A/cattle/Texas/24-008749-003/2024(H5N1)	1201	2
PB1|PP755595.1|A/cattle/Texas/24-008749-003/2024(H5N1)	1202	2
PB1|PP755595.1|A/cattle/Texas/24-008749-003/2024(H5N1)	1203	2
PB1|PP755595.1|A/cattle/Texas/24-008749-003/2024(H5N1)	1204	2
PB1|PP755595.1|A/cattle/Texas/24-008749-003/2024(H5N1)	1205	2
PB1|PP755595.1|A/cattle/Texas/24-008749-003/2024(H5N1)	1206	2
PB1|PP755595.1|A/cattle/Texas/24-008749-003/2024(H5N1)	1207	2
PB1|PP755595.1|A/cattle/Texas/24-008749-003/2024(H5N1)	1208	2
PB1|PP755595.1|A/cattle/Texas/24-008749-003/2024(H5N1)	1209	2
PB1|PP755595.1|A/cattle/Texas/24-008749-003/2024(H5N1)	1210	2
PB1|PP755595.1|A/cattle/Texas/24-008749-003/2024(H5N1)	1211	2
PB1|PP755595.1|A/cattle/Texas/24-008749-003/2024(H5N1)	1212	2
PB1|PP755595.1|A/cattle/Texas/24-008749-003/2024(H5N1)	1213	2
PB1|PP755595.1|A/cattle/Texas/24-008749-003/2024(H5N1)	1214	2
PB1|PP755595.1|A/cattle/Texas/24-008749-003/2024(H5N1)	1215	2
PB1|PP755595.1|A/cattle/Texas/24-008749-003/2024(H5N1)	1216	2
PB1|PP755595.1|A/cattle/Texas/24-008749-003/2024(H5N1)	1217	2
PB1|PP755595.1|A/cattle/Texas/24-008749-003/2024(H5N1)	1218	2
PB1|PP755595.1|A/cattle/Texas/24-008749-003/2024(H5N1)	1219	2
PB1|PP755595.1|A/cattle/Texas/24-008749-003/2024(H5N1)	1220	2
PB1|PP755595.1|A/cattle/Texas/24-008749-003/2024(H5N1)	1221	2
PB1|PP755595.1|A/cattle/Texas/24-008749-003/2024(H5N1)	1222	2
PB1|PP755595.1|A/cattle/Texas/24-008749-003/2024(H5N1)	1223	2
PB1|PP755595.1|A/cattle/Texas/24-008749-003/2024(H5N1)	1224	2
PB1|PP755595.1|A/cattle/Texas/24-008749-003/2024(H5N1)	1225	2
PB1|PP755595.1|A/cattle/Texas/24-008749-003/2024(H5N1)	1226	2
PB1|PP755595.1|A/cattle/Texas/24-008749-003/2024(H5N1)	1227	2
PB1|PP755595.1|A/cattle/Texas/24-008749-003/2024(H5N1)	1228	2
PB1|PP755595.1|A/cattle/Texas/24-008749-003/2024(H5N1)	1229	2
PB1|PP755595.1|A/cattle/Texas/24-008749-003/2024(H5N1)	1230	2
PB1|PP755595.1|A/cattle/Texas/24-008749-003/2024(H5N1)	1231	2
PB1|PP755595.1|A/cattle/Texas/24-008749-003/2024(H5N1)	1232	2
PB1|PP755595.1|A/cattle/Texas/24-008749-003/2024(H5N1)	1233	2
PB1|PP755595.1|A/cattle/Texas/24-008749-003/2024(H5N1)	1234	2
PB1|PP755595.1|A/cattle/Texas/24-008749-003/2024(H5N1)	1235	2
PB1|PP755595.1|A/cattle/Texas/24-008749-003/2024(H5N1)	1236	2
PB1|PP755595.1|A/cattle/Texas/24-008749-003/2024(H5N1)	1237	2
PB1|PP755595.1|A/cattle/Texas/24-008749-003/2024(H5N1)	1238	2
PB1|PP755595.1|A/cattle/Texas/24-008749-003/2024(H5N1)	1239	2
PB1|PP755595.1|A/cattle/Texas/24-008749-003/2024(H5N1)	1240	2
PB1|PP755595.1|A/cattle/Texas/24-008749-003/2024(H5N1)	1241	2
PB1|PP755595.1|A/cattle/Texas/24-008749-003/2024(H5N1)	1242	2
PB1|PP755595.1|A/cattle/Texas/24-008749-003/2024(H5N1)	1243	2
PB1|PP755595.1|A/cattle/Texas/24-008749-003/2024(H5N1)	1244	2
PB1|PP755595.1|A/cattle/Texas/24-008749-003/2024(H5N1)	1245	2
PB1|PP755595.1|A/cattle/Texas/24-008749-003/2024(H5N1)	1246	2
PB1|PP755595.1|A/cattle/Texas/24-008749-003/2024(H5N1)	1247	2
PB1|PP755595.1|A/cattle/Texas/24-008749-003/2024(H5N1)	1248	2
PB1|PP755595.1|A/cattle/Texas/24-008749-003/2024(H5N1)	1249	2
PB1|PP755595.1|A/cattle/Texas/24-008749-003/2024(H5N1)	1250	2
PB1|PP755595.1|A/cattle/Texas/24-008749-003/2024(H5N1)	1251	2
PB1|PP755595.1|A/cattle/Texas/24-008749-003/2024(H5N1)	1252	2
PB1|PP755595.1|A/cattle/Texas/24-008749-003/2024(H5N1)	1253	2
PB1|PP755595.1|A/cattle/Texas/24-008749-003/2024(H5N1)	1254	1
PB1|PP755595.1|A/cattle/Texas/24-008749-003/2024(H5N1)	1255	1
PB1|PP755595.1|A/cattle/Texas/24-008749-003/2024(H5N1)	1256	1
PB1|PP755595.1|A/cattle/Texas/24-008749-003/2024(H5N1)	1257	1
PB1|PP755595.1|A/cattle/Texas/24-008749-003/2024(H5N1)	1258	1
PB1|PP755595.1|A/cattle/Texas/24-008749-003/2024(H5N1)	1259	1
PB1|PP755595.1|A/cattle/Texas/24-008749-003/2024(H5N1)	1260	1
PB1|PP755595.1|A/cattle/Texas/24-008749-003/2024(H5N1)	1261	1
PB1|PP755595.1|A/cattle/Texas/24-008749-003/2024(H5N1)	1262	1
PB1|PP755595.1|A/cattle/Texas/24-008749-003/2024(H5N1)	1263	1
PB1|PP755595.1|A/cattle/Texas/24-008749-003/2024(H5N1)	1264	1
PB1|PP755595.1|A/cattle/Texas/24-008749-003/2024(H5N1)	1265	1
PB1|PP755595.1|A/cattle/Texas/24-008749-003/2024(H5N1)	1266	1
PB1|PP755595.1|A/cattle/Texas/24-008749-003/2024(H5N1)	1267	1
PB1|PP755595.1|A/cattle/Texas/24-008749-003/2024(H5N1)	1268	1
PB1|PP755595.1|A/cattle/Texas/24-008749-003/2024(H5N1)	1269	1
PB1|PP755595.1|A/cattle/Texas/24-008749-003/2024(H5N1)	1270	1
PB1|PP755595.1|A/cattle/Texas/24-008749-003/2024(H5N1)	1271	1
PB1|PP755595.1|A/cattle/Texas/24-008749-003/2024(H5N1)	1272	1
PB1|PP755595.1|A/cattle/Texas/24-008749-003/2024(H5N1)	1273	1
PB1|PP755595.1|A/cattle/Texas/24-008749-003/2024(H5N1)	1274	1
PB1|PP755595.1|A/cattle/Texas/24-008749-003/2024(H5N1)	1275	1
PB1|PP755595.1|A/cattle/Texas/24-008749-003/2024(H5N1)	1276	1
PB1|PP755595.1|A/cattle/Texas/24-008749-003/2024(H5N1)	1277	1
PB1|PP755595.1|A/cattle/Texas/24-008749-003/2024(H5N1)	1278	1
PB1|PP755595.1|A/cattle/Texas/24-008749-003/2024(H5N1)	1279	1
PB1|PP755595.1|A/cattle/Texas/24-008749-003/2024(H5N1)	1280	1
PB1|PP755595.1|A/cattle/Texas/24-008749-003/2024(H5N1)	1281	1
PB1|PP755595.1|A/cattle/Texas/24-008749-003/2024(H5N1)	1282	1
PB1|PP755595.1|A/cattle/Texas/24-008749-003/2024(H5N1)	1283	1
PB1|PP755595.1|A/cattle/Texas/24-008749-003/2024(H5N1)	1284	1
PB1|PP755595.1|A/cattle/Texas/24-008749-003/2024(H5N1)	1285	1
PB1|PP755595.1|A/cattle/Texas/24-008749-003/2024(H5N1)	1286	1
PB1|PP755595.1|A/cattle/Texas/24-008749-003/2024(H5N1)	1287	1
PB1|PP755595.1|A/cattle/Texas/24-008749-003/2024(H5N1)	1288	1
PB1|PP755595.1|A/cattle/Texas/24-008749-003/2024(H5N1)	1289	1
PB1|PP755595.1|A/cattle/Texas/24-008749-003/2024(H5N1)	1290	1
PB1|PP755595.1|A/cattle/Texas/24-008749-003/2024(H5N1)	1291	1
PB1|PP755595.1|A/cattle/Texas/24-008749-003/2024(H5N1)	1292	1
PB1|PP755595.1|A/cattle/Texas/24-008749-003/2024(H5N1)	1293	1
PB1|PP755595.1|A/cattle/Texas/24-008749-003/2024(H5N1)	1294	1
PB1|PP755595.1|A/cattle/Texas/24-008749-003/2024(H5N1)	1295	1
PB1|PP755595.1|A/cattle/Texas/24-008749-003/2024(H5N1)	1296	1
PB1|PP755595.1|A/cattle/Texas/24-008749-003/2024(H5N1)	1297	1
PB1|PP755595.1|A/cattle/Texas/24-008749-003/2024(H5N1)	1298	1
PB1|PP755595.1|A/cattle/Texas/24-008749-003/2024(H5N1)	1299	1
PB1|PP755595.1|A/cattle/Texas/24-008749-003/2024(H5N1)	1300	1
PB1|PP755595.1|A/cattle/Texas/24-008749-003/2024(H5N1)	1301	1
PB1|PP755595.1|A/cattle/Texas/24-008749-003/2024(H5N1)	1302	1
PB1|PP755595.1|A/cattle/Texas/24-008749-003/2024(H5N1)	1303	1
PB1|PP755595.1|A/cattle/Texas/24-008749-003/2024(H5N1)	1304	1
PB1|PP755595.1|A/cattle/Texas/24-008749-003/2024(H5N1)	1305	1
PB1|PP755595.1|A/cattle/Texas/24-008749-003/2024(H5N1)	1306	1
PB1|PP755595.1|A/cattle/Texas/24-008749-003/2024(H5N1)	1307	1
PB1|PP755595.1|A/cattle/Texas/24-008749-003/2024(H5N1)	1308	1
PB1|PP755595.1|A/cattle/Texas/24-008749-003/2024(H5N1)	1309	1
PB1|PP755595.1|A/cattle/Texas/24-008749-003/2024(H5N1)	1310	1
PB1|PP755595.1|A/cattle/Texas/24-008749-003/2024(H5N1)	1311	1
PB1|PP755595.1|A/cattle/Texas/24-008749-003/2024(H5N1)	1312	1
PB1|PP755595.1|A/cattle/Texas/24-008749-003/2024(H5N1)	1313	1
PB1|PP755595.1|A/cattle/Texas/24-008749-003/2024(H5N1)	1314	1
PB1|PP755595.1|A/cattle/Texas/24-008749-003/2024(H5N1)	1315	1
PB1|PP755595.1|A/cattle/Texas/24-008749-003/2024(H5N1)	1316	1
PB1|PP755595.1|A/cattle/Texas/24-008749-003/2024(H5N1)	1317	1
PB1|PP755595.1|A/cattle/Texas/24-008749-003/2024(H5N1)	1318	1
PB1|PP755595.1|A/cattle/Texas/24-008749-003/2024(H5N1)	1319	1
PB1|PP755595.1|A/cattle/Texas/24-008749-003/2024(H5N1)	1320	1
PB1|PP755595.1|A/cattle/Texas/24-008749-003/2024(H5N1)	1321	1
PB1|PP755595.1|A/cattle/Texas/24-008749-003/2024(H5N1)	1322	1
PB1|PP755595.1|A/cattle/Texas/24-008749-003/2024(H5N1)	1323	1
PB1|PP755595.1|A/cattle/Texas/24-008749-003/2024(H5N1)	1324	1
PB1|PP755595.1|A/cattle/Texas/24-008749-003/2024(H5N1)	1325	1
PB1|PP755595.1|A/cattle/Texas/24-008749-003/2024(H5N1)	1326	1
PB1|PP755595.1|A/cattle/Texas/24-008749-003/2024(H5N1)	1327	1
PB1|PP755595.1|A/cattle/Texas/24-008749-003/2024(H5N1)	1328	1
PB1|PP755595.1|A/cattle/Texas/24-008749-003/2024(H5N1)	1329	1
PB1|PP755595.1|A/cattle/Texas/24-008749-003/2024(H5N1)	1330	1
PB1|PP755595.1|A/cattle/Texas/24-008749-003/2024(H5N1)	1331	0
PB1|PP755595.1|A/cattle/Texas/24-008749-003/2024(H5N1)	1332	0
PB1|PP755595.1|A/cattle/Texas/24-008749-003/2024(H5N1)	1333	0
PB1|PP755595.1|A/cattle/Texas/24-008749-003/2024(H5N1)	1334	0
PB1|PP755595.1|A/cattle/Texas/24-008749-003/2024(H5N1)	1335	0
PB1|PP755595.1|A/cattle/Texas/24-008749-003/2024(H5N1)	1336	0
PB1|PP755595.1|A/cattle/Texas/24-008749-003/2024(H5N1)	1337	0
PB1|PP755595.1|A/cattle/Texas/24-008749-003/2024(H5N1)	1338	0
PB1|PP755595.1|A/cattle/Texas/24-008749-003/2024(H5N1)	1339	0
PB1|PP755595.1|A/cattle/Texas/24-008749-003/2024(H5N1)	1340	0
PB1|PP755595.1|A/cattle/Texas/24-008749-003/2024(H5N1)	1341	0
PB1|PP755595.1|A/cattle/Texas/24-008749-003/2024(H5N1)	1342	0
PB1|PP755595.1|A/cattle/Texas/24-008749-003/2024(H5N1)	1343	0
PB1|PP755595.1|A/cattle/Texas/24-008749-003/2024(H5N1)	1344	0
PB1|PP755595.1|A/cattle/Texas/24-008749-003/2024(H5N1)	1345	0
PB1|PP755595.1|A/cattle/Texas/24-008749-003/2024(H5N1)	1346	0
PB1|PP755595.1|A/cattle/Texas/24-008749-003/2024(H5N1)	1347	0
PB1|PP755595.1|A/cattle/Texas/24-008749-003/2024(H5N1)	1348	0
PB1|PP755595.1|A/cattle/Texas/24-008749-003/2024(H5N1)	1349	0
PB1|PP755595.1|A/cattle/Texas/24-008749-003/2024(H5N1)	1350	0
PB1|PP755595.1|A/cattle/Texas/24-008749-003/2024(H5N1)	1351	0
PB1|PP755595.1|A/cattle/Texas/24-008749-003/2024(H5N1)	1352	0
PB1|PP755595.1|A/cattle/Texas/24-008749-003/2024(H5N1)	1353	0
PB1|PP755595.1|A/cattle/Texas/24-008749-003/2024(H5N1)	1354	0
PB1|PP755595.1|A/cattle/Texas/24-008749-003/2024(H5N1)	1355	0
PB1|PP755595.1|A/cattle/Texas/24-008749-003/2024(H5N1)	1356	0
PB1|PP755595.1|A/cattle/Texas/24-008749-003/2024(H5N1)	1357	0
PB1|PP755595.1|A/cattle/Texas/24-008749-003/2024(H5N1)	1358	0
PB1|PP755595.1|A/cattle/Texas/24-008749-003/2024(H5N1)	1359	0
PB1|PP755595.1|A/cattle/Texas/24-008749-003/2024(H5N1)	1360	0
PB1|PP755595.1|A/cattle/Texas/24-008749-003/2024(H5N1)	1361	0
PB1|PP755595.1|A/cattle/Texas/24-008749-003/2024(H5N1)	1362	0
PB1|PP755595.1|A/cattle/Texas/24-008749-003/2024(H5N1)	1363	0
PB1|PP755595.1|A/cattle/Texas/24-008749-003/2024(H5N1)	1364	0
PB1|PP755595.1|A/cattle/Texas/24-008749-003/2024(H5N1)	1365	0
PB1|PP755595.1|A/cattle/Texas/24-008749-003/2024(H5N1)	1366	0
PB1|PP755595.1|A/cattle/Texas/24-008749-003/2024(H5N1)	1367	0
PB1|PP755595.1|A/cattle/Texas/24-008749-003/2024(H5N1)	1368	0
PB1|PP755595.1|A/cattle/Texas/24-008749-003/2024(H5N1)	1369	0
PB1|PP755595.1|A/cattle/Texas/24-008749-003/2024(H5N1)	1370	0
PB1|PP755595.1|A/cattle/Texas/24-008749-003/2024(H5N1)	1371	0
PB1|PP755595.1|A/cattle/Texas/24-008749-003/2024(H5N1)	1372	0
PB1|PP755595.1|A/cattle/Texas/24-008749-003/2024(H5N1)	1373	0
PB1|PP755595.1|A/cattle/Texas/24-008749-003/2024(H5N1)	1374	0
PB1|PP755595.1|A/cattle/Texas/24-008749-003/2024(H5N1)	1375	0
PB1|PP755595.1|A/cattle/Texas/24-008749-003/2024(H5N1)	1376	0
PB1|PP755595.1|A/cattle/Texas/24-008749-003/2024(H5N1)	1377	0
PB1|PP755595.1|A/cattle/Texas/24-008749-003/2024(H5N1)	1378	0
PB1|PP755595.1|A/cattle/Texas/24-008749-003/2024(H5N1)	1379	1
PB1|PP755595.1|A/cattle/Texas/24-008749-003/2024(H5N1)	1380	1
PB1|PP755595.1|A/cattle/Texas/24-008749-003/2024(H5N1)	1381	1
PB1|PP755595.1|A/cattle/Texas/24-008749-003/2024(H5N1)	1382	1
PB1|PP755595.1|A/cattle/Texas/24-008749-003/2024(H5N1)	1383	1
PB1|PP755595.1|A/cattle/Texas/24-008749-003/2024(H5N1)	1384	1
PB1|PP755595.1|A/cattle/Texas/24-008749-003/2024(H5N1)	1385	1
PB1|PP755595.1|A/cattle/Texas/24-008749-003/2024(H5N1)	1386	1
PB1|PP755595.1|A/cattle/Texas/24-008749-003/2024(H5N1)	1387	1
PB1|PP755595.1|A/cattle/Texas/24-008749-003/2024(H5N1)	1388	1
PB1|PP755595.1|A/cattle/Texas/24-008749-003/2024(H5N1)	1389	1
PB1|PP755595.1|A/cattle/Texas/24-008749-003/2024(H5N1)	1390	1
PB1|PP755595.1|A/cattle/Texas/24-008749-003/2024(H5N1)	1391	1
PB1|PP755595.1|A/cattle/Texas/24-008749-003/2024(H5N1)	1392	1
PB1|PP755595.1|A/cattle/Texas/24-008749-003/2024(H5N1)	1393	1
PB1|PP755595.1|A/cattle/Texas/24-008749-003/2024(H5N1)	1394	1
PB1|PP755595.1|A/cattle/Texas/24-008749-003/2024(H5N1)	1395	2
PB1|PP755595.1|A/cattle/Texas/24-008749-003/2024(H5N1)	1396	2
PB1|PP755595.1|A/cattle/Texas/24-008749-003/2024(H5N1)	1397	2
PB1|PP755595.1|A/cattle/Texas/24-008749-003/2024(H5N1)	1398	2
PB1|PP755595.1|A/cattle/Texas/24-008749-003/2024(H5N1)	1399	2
PB1|PP755595.1|A/cattle/Texas/24-008749-003/2024(H5N1)	1400	2
PB1|PP755595.1|A/cattle/Texas/24-008749-003/2024(H5N1)	1401	2
PB1|PP755595.1|A/cattle/Texas/24-008749-003/2024(H5N1)	1402	2
PB1|PP755595.1|A/cattle/Texas/24-008749-003/2024(H5N1)	1403	2
PB1|PP755595.1|A/cattle/Texas/24-008749-003/2024(H5N1)	1404	2
PB1|PP755595.1|A/cattle/Texas/24-008749-003/2024(H5N1)	1405	2
PB1|PP755595.1|A/cattle/Texas/24-008749-003/2024(H5N1)	1406	2
PB1|PP755595.1|A/cattle/Texas/24-008749-003/2024(H5N1)	1407	2
PB1|PP755595.1|A/cattle/Texas/24-008749-003/2024(H5N1)	1408	2
PB1|PP755595.1|A/cattle/Texas/24-008749-003/2024(H5N1)	1409	2
PB1|PP755595.1|A/cattle/Texas/24-008749-003/2024(H5N1)	1410	2
PB1|PP755595.1|A/cattle/Texas/24-008749-003/2024(H5N1)	1411	2
PB1|PP755595.1|A/cattle/Texas/24-008749-003/2024(H5N1)	1412	2
PB1|PP755595.1|A/cattle/Texas/24-008749-003/2024(H5N1)	1413	2
PB1|PP755595.1|A/cattle/Texas/24-008749-003/2024(H5N1)	1414	2
PB1|PP755595.1|A/cattle/Texas/24-008749-003/2024(H5N1)	1415	2
PB1|PP755595.1|A/cattle/Texas/24-008749-003/2024(H5N1)	1416	2
PB1|PP755595.1|A/cattle/Texas/24-008749-003/2024(H5N1)	1417	2
PB1|PP755595.1|A/cattle/Texas/24-008749-003/2024(H5N1)	1418	2
PB1|PP755595.1|A/cattle/Texas/24-008749-003/2024(H5N1)	1419	2
PB1|PP755595.1|A/cattle/Texas/24-008749-003/2024(H5N1)	1420	2
PB1|PP755595.1|A/cattle/Texas/24-008749-003/2024(H5N1)	1421	2
PB1|PP755595.1|A/cattle/Texas/24-008749-003/2024(H5N1)	1422	2
PB1|PP755595.1|A/cattle/Texas/24-008749-003/2024(H5N1)	1423	2
PB1|PP755595.1|A/cattle/Texas/24-008749-003/2024(H5N1)	1424	2
PB1|PP755595.1|A/cattle/Texas/24-008749-003/2024(H5N1)	1425	2
PB1|PP755595.1|A/cattle/Texas/24-008749-003/2024(H5N1)	1426	2
PB1|PP755595.1|A/cattle/Texas/24-008749-003/2024(H5N1)	1427	2
PB1|PP755595.1|A/cattle/Texas/24-008749-003/2024(H5N1)	1428	2
PB1|PP755595.1|A/cattle/Texas/24-008749-003/2024(H5N1)	1429	2
PB1|PP755595.1|A/cattle/Texas/24-008749-003/2024(H5N1)	1430	2
PB1|PP755595.1|A/cattle/Texas/24-008749-003/2024(H5N1)	1431	2
PB1|PP755595.1|A/cattle/Texas/24-008749-003/2024(H5N1)	1432	2
PB1|PP755595.1|A/cattle/Texas/24-008749-003/2024(H5N1)	1433	2
PB1|PP755595.1|A/cattle/Texas/24-008749-003/2024(H5N1)	1434	2
PB1|PP755595.1|A/cattle/Texas/24-008749-003/2024(H5N1)	1435	2
PB1|PP755595.1|A/cattle/Texas/24-008749-003/2024(H5N1)	1436	2
PB1|PP755595.1|A/cattle/Texas/24-008749-003/2024(H5N1)	1437	2
PB1|PP755595.1|A/cattle/Texas/24-008749-003/2024(H5N1)	1438	2
PB1|PP755595.1|A/cattle/Texas/24-008749-003/2024(H5N1)	1439	2
PB1|PP755595.1|A/cattle/Texas/24-008749-003/2024(H5N1)	1440	2
PB1|PP755595.1|A/cattle/Texas/24-008749-003/2024(H5N1)	1441	2
PB1|PP755595.1|A/cattle/Texas/24-008749-003/2024(H5N1)	1442	2
PB1|PP755595.1|A/cattle/Texas/24-008749-003/2024(H5N1)	1443	2
PB1|PP755595.1|A/cattle/Texas/24-008749-003/2024(H5N1)	1444	2
PB1|PP755595.1|A/cattle/Texas/24-008749-003/2024(H5N1)	1445	2
PB1|PP755595.1|A/cattle/Texas/24-008749-003/2024(H5N1)	1446	2
PB1|PP755595.1|A/cattle/Texas/24-008749-003/2024(H5N1)	1447	2
PB1|PP755595.1|A/cattle/Texas/24-008749-003/2024(H5N1)	1448	2
PB1|PP755595.1|A/cattle/Texas/24-008749-003/2024(H5N1)	1449	2
PB1|PP755595.1|A/cattle/Texas/24-008749-003/2024(H5N1)	1450	2
PB1|PP755595.1|A/cattle/Texas/24-008749-003/2024(H5N1)	1451	2
PB1|PP755595.1|A/cattle/Texas/24-008749-003/2024(H5N1)	1452	2
PB1|PP755595.1|A/cattle/Texas/24-008749-003/2024(H5N1)	1453	2
PB1|PP755595.1|A/cattle/Texas/24-008749-003/2024(H5N1)	1454	2
PB1|PP755595.1|A/cattle/Texas/24-008749-003/2024(H5N1)	1455	2
PB1|PP755595.1|A/cattle/Texas/24-008749-003/2024(H5N1)	1456	2
PB1|PP755595.1|A/cattle/Texas/24-008749-003/2024(H5N1)	1457	3
PB1|PP755595.1|A/cattle/Texas/24-008749-003/2024(H5N1)	1458	3
PB1|PP755595.1|A/cattle/Texas/24-008749-003/2024(H5N1)	1459	3
PB1|PP755595.1|A/cattle/Texas/24-008749-003/2024(H5N1)	1460	3
PB1|PP755595.1|A/cattle/Texas/24-008749-003/2024(H5N1)	1461	3
PB1|PP755595.1|A/cattle/Texas/24-008749-003/2024(H5N1)	1462	3
PB1|PP755595.1|A/cattle/Texas/24-008749-003/2024(H5N1)	1463	3
PB1|PP755595.1|A/cattle/Texas/24-008749-003/2024(H5N1)	1464	3
PB1|PP755595.1|A/cattle/Texas/24-008749-003/2024(H5N1)	1465	3
PB1|PP755595.1|A/cattle/Texas/24-008749-003/2024(H5N1)	1466	3
PB1|PP755595.1|A/cattle/Texas/24-008749-003/2024(H5N1)	1467	3
PB1|PP755595.1|A/cattle/Texas/24-008749-003/2024(H5N1)	1468	3
PB1|PP755595.1|A/cattle/Texas/24-008749-003/2024(H5N1)	1469	3
PB1|PP755595.1|A/cattle/Texas/24-008749-003/2024(H5N1)	1470	3
PB1|PP755595.1|A/cattle/Texas/24-008749-003/2024(H5N1)	1471	3
PB1|PP755595.1|A/cattle/Texas/24-008749-003/2024(H5N1)	1472	4
PB1|PP755595.1|A/cattle/Texas/24-008749-003/2024(H5N1)	1473	4
PB1|PP755595.1|A/cattle/Texas/24-008749-003/2024(H5N1)	1474	4
PB1|PP755595.1|A/cattle/Texas/24-008749-003/2024(H5N1)	1475	4
PB1|PP755595.1|A/cattle/Texas/24-008749-003/2024(H5N1)	1476	4
PB1|PP755595.1|A/cattle/Texas/24-008749-003/2024(H5N1)	1477	4
PB1|PP755595.1|A/cattle/Texas/24-008749-003/2024(H5N1)	1478	4
PB1|PP755595.1|A/cattle/Texas/24-008749-003/2024(H5N1)	1479	4
PB1|PP755595.1|A/cattle/Texas/24-008749-003/2024(H5N1)	1480	4
PB1|PP755595.1|A/cattle/Texas/24-008749-003/2024(H5N1)	1481	4
PB1|PP755595.1|A/cattle/Texas/24-008749-003/2024(H5N1)	1482	4
PB1|PP755595.1|A/cattle/Texas/24-008749-003/2024(H5N1)	1483	4
PB1|PP755595.1|A/cattle/Texas/24-008749-003/2024(H5N1)	1484	4
PB1|PP755595.1|A/cattle/Texas/24-008749-003/2024(H5N1)	1485	4
PB1|PP755595.1|A/cattle/Texas/24-008749-003/2024(H5N1)	1486	5
PB1|PP755595.1|A/cattle/Texas/24-008749-003/2024(H5N1)	1487	5
PB1|PP755595.1|A/cattle/Texas/24-008749-003/2024(H5N1)	1488	6
PB1|PP755595.1|A/cattle/Texas/24-008749-003/2024(H5N1)	1489	6
PB1|PP755595.1|A/cattle/Texas/24-008749-003/2024(H5N1)	1490	6
PB1|PP755595.1|A/cattle/Texas/24-008749-003/2024(H5N1)	1491	6
PB1|PP755595.1|A/cattle/Texas/24-008749-003/2024(H5N1)	1492	6
PB1|PP755595.1|A/cattle/Texas/24-008749-003/2024(H5N1)	1493	6
PB1|PP755595.1|A/cattle/Texas/24-008749-003/2024(H5N1)	1494	6
PB1|PP755595.1|A/cattle/Texas/24-008749-003/2024(H5N1)	1495	6
PB1|PP755595.1|A/cattle/Texas/24-008749-003/2024(H5N1)	1496	6
PB1|PP755595.1|A/cattle/Texas/24-008749-003/2024(H5N1)	1497	6
PB1|PP755595.1|A/cattle/Texas/24-008749-003/2024(H5N1)	1498	6
PB1|PP755595.1|A/cattle/Texas/24-008749-003/2024(H5N1)	1499	6
PB1|PP755595.1|A/cattle/Texas/24-008749-003/2024(H5N1)	1500	6
PB1|PP755595.1|A/cattle/Texas/24-008749-003/2024(H5N1)	1501	6
PB1|PP755595.1|A/cattle/Texas/24-008749-003/2024(H5N1)	1502	6
PB1|PP755595.1|A/cattle/Texas/24-008749-003/2024(H5N1)	1503	6
PB1|PP755595.1|A/cattle/Texas/24-008749-003/2024(H5N1)	1504	6
PB1|PP755595.1|A/cattle/Texas/24-008749-003/2024(H5N1)	1505	6
PB1|PP755595.1|A/cattle/Texas/24-008749-003/2024(H5N1)	1506	6
PB1|PP755595.1|A/cattle/Texas/24-008749-003/2024(H5N1)	1507	6
PB1|PP755595.1|A/cattle/Texas/24-008749-003/2024(H5N1)	1508	6
PB1|PP755595.1|A/cattle/Texas/24-008749-003/2024(H5N1)	1509	6
PB1|PP755595.1|A/cattle/Texas/24-008749-003/2024(H5N1)	1510	6
PB1|PP755595.1|A/cattle/Texas/24-008749-003/2024(H5N1)	1511	6
PB1|PP755595.1|A/cattle/Texas/24-008749-003/2024(H5N1)	1512	6
PB1|PP755595.1|A/cattle/Texas/24-008749-003/2024(H5N1)	1513	6
PB1|PP755595.1|A/cattle/Texas/24-008749-003/2024(H5N1)	1514	6
PB1|PP755595.1|A/cattle/Texas/24-008749-003/2024(H5N1)	1515	6
PB1|PP755595.1|A/cattle/Texas/24-008749-003/2024(H5N1)	1516	6
PB1|PP755595.1|A/cattle/Texas/24-008749-003/2024(H5N1)	1517	6
PB1|PP755595.1|A/cattle/Texas/24-008749-003/2024(H5N1)	1518	6
PB1|PP755595.1|A/cattle/Texas/24-008749-003/2024(H5N1)	1519	6
PB1|PP755595.1|A/cattle/Texas/24-008749-003/2024(H5N1)	1520	6
PB1|PP755595.1|A/cattle/Texas/24-008749-003/2024(H5N1)	1521	6
PB1|PP755595.1|A/cattle/Texas/24-008749-003/2024(H5N1)	1522	6
PB1|PP755595.1|A/cattle/Texas/24-008749-003/2024(H5N1)	1523	6
PB1|PP755595.1|A/cattle/Texas/24-008749-003/2024(H5N1)	1524	6
PB1|PP755595.1|A/cattle/Texas/24-008749-003/2024(H5N1)	1525	6
PB1|PP755595.1|A/cattle/Texas/24-008749-003/2024(H5N1)	1526	6
PB1|PP755595.1|A/cattle/Texas/24-008749-003/2024(H5N1)	1527	6
PB1|PP755595.1|A/cattle/Texas/24-008749-003/2024(H5N1)	1528	6
PB1|PP755595.1|A/cattle/Texas/24-008749-003/2024(H5N1)	1529	6
PB1|PP755595.1|A/cattle/Texas/24-008749-003/2024(H5N1)	1530	6
PB1|PP755595.1|A/cattle/Texas/24-008749-003/2024(H5N1)	1531	6
PB1|PP755595.1|A/cattle/Texas/24-008749-003/2024(H5N1)	1532	6
PB1|PP755595.1|A/cattle/Texas/24-008749-003/2024(H5N1)	1533	6
PB1|PP755595.1|A/cattle/Texas/24-008749-003/2024(H5N1)	1534	6
PB1|PP755595.1|A/cattle/Texas/24-008749-003/2024(H5N1)	1535	6
PB1|PP755595.1|A/cattle/Texas/24-008749-003/2024(H5N1)	1536	6
PB1|PP755595.1|A/cattle/Texas/24-008749-003/2024(H5N1)	1537	6
PB1|PP755595.1|A/cattle/Texas/24-008749-003/2024(H5N1)	1538	6
PB1|PP755595.1|A/cattle/Texas/24-008749-003/2024(H5N1)	1539	6
PB1|PP755595.1|A/cattle/Texas/24-008749-003/2024(H5N1)	1540	6
PB1|PP755595.1|A/cattle/Texas/24-008749-003/2024(H5N1)	1541	5
PB1|PP755595.1|A/cattle/Texas/24-008749-003/2024(H5N1)	1542	5
PB1|PP755595.1|A/cattle/Texas/24-008749-003/2024(H5N1)	1543	5
PB1|PP755595.1|A/cattle/Texas/24-008749-003/2024(H5N1)	1544	5
PB1|PP755595.1|A/cattle/Texas/24-008749-003/2024(H5N1)	1545	5
PB1|PP755595.1|A/cattle/Texas/24-008749-003/2024(H5N1)	1546	5
PB1|PP755595.1|A/cattle/Texas/24-008749-003/2024(H5N1)	1547	5
PB1|PP755595.1|A/cattle/Texas/24-008749-003/2024(H5N1)	1548	5
PB1|PP755595.1|A/cattle/Texas/24-008749-003/2024(H5N1)	1549	5
PB1|PP755595.1|A/cattle/Texas/24-008749-003/2024(H5N1)	1550	5
PB1|PP755595.1|A/cattle/Texas/24-008749-003/2024(H5N1)	1551	5
PB1|PP755595.1|A/cattle/Texas/24-008749-003/2024(H5N1)	1552	5
PB1|PP755595.1|A/cattle/Texas/24-008749-003/2024(H5N1)	1553	5
PB1|PP755595.1|A/cattle/Texas/24-008749-003/2024(H5N1)	1554	5
PB1|PP755595.1|A/cattle/Texas/24-008749-003/2024(H5N1)	1555	5
PB1|PP755595.1|A/cattle/Texas/24-008749-003/2024(H5N1)	1556	5
PB1|PP755595.1|A/cattle/Texas/24-008749-003/2024(H5N1)	1557	5
PB1|PP755595.1|A/cattle/Texas/24-008749-003/2024(H5N1)	1558	5
PB1|PP755595.1|A/cattle/Texas/24-008749-003/2024(H5N1)	1559	5
PB1|PP755595.1|A/cattle/Texas/24-008749-003/2024(H5N1)	1560	5
PB1|PP755595.1|A/cattle/Texas/24-008749-003/2024(H5N1)	1561	5
PB1|PP755595.1|A/cattle/Texas/24-008749-003/2024(H5N1)	1562	5
PB1|PP755595.1|A/cattle/Texas/24-008749-003/2024(H5N1)	1563	5
PB1|PP755595.1|A/cattle/Texas/24-008749-003/2024(H5N1)	1564	5
PB1|PP755595.1|A/cattle/Texas/24-008749-003/2024(H5N1)	1565	5
PB1|PP755595.1|A/cattle/Texas/24-008749-003/2024(H5N1)	1566	5
PB1|PP755595.1|A/cattle/Texas/24-008749-003/2024(H5N1)	1567	5
PB1|PP755595.1|A/cattle/Texas/24-008749-003/2024(H5N1)	1568	5
PB1|PP755595.1|A/cattle/Texas/24-008749-003/2024(H5N1)	1569	5
PB1|PP755595.1|A/cattle/Texas/24-008749-003/2024(H5N1)	1570	5
PB1|PP755595.1|A/cattle/Texas/24-008749-003/2024(H5N1)	1571	5
PB1|PP755595.1|A/cattle/Texas/24-008749-003/2024(H5N1)	1572	5
PB1|PP755595.1|A/cattle/Texas/24-008749-003/2024(H5N1)	1573	5
PB1|PP755595.1|A/cattle/Texas/24-008749-003/2024(H5N1)	1574	5
PB1|PP755595.1|A/cattle/Texas/24-008749-003/2024(H5N1)	1575	5
PB1|PP755595.1|A/cattle/Texas/24-008749-003/2024(H5N1)	1576	5
PB1|PP755595.1|A/cattle/Texas/24-008749-003/2024(H5N1)	1577	6
PB1|PP755595.1|A/cattle/Texas/24-008749-003/2024(H5N1)	1578	6
PB1|PP755595.1|A/cattle/Texas/24-008749-003/2024(H5N1)	1579	6
PB1|PP755595.1|A/cattle/Texas/24-008749-003/2024(H5N1)	1580	6
PB1|PP755595.1|A/cattle/Texas/24-008749-003/2024(H5N1)	1581	6
PB1|PP755595.1|A/cattle/Texas/24-008749-003/2024(H5N1)	1582	6
PB1|PP755595.1|A/cattle/Texas/24-008749-003/2024(H5N1)	1583	6
PB1|PP755595.1|A/cattle/Texas/24-008749-003/2024(H5N1)	1584	6
PB1|PP755595.1|A/cattle/Texas/24-008749-003/2024(H5N1)	1585	6
PB1|PP755595.1|A/cattle/Texas/24-008749-003/2024(H5N1)	1586	6
PB1|PP755595.1|A/cattle/Texas/24-008749-003/2024(H5N1)	1587	6
PB1|PP755595.1|A/cattle/Texas/24-008749-003/2024(H5N1)	1588	6
PB1|PP755595.1|A/cattle/Texas/24-008749-003/2024(H5N1)	1589	6
PB1|PP755595.1|A/cattle/Texas/24-008749-003/2024(H5N1)	1590	6
PB1|PP755595.1|A/cattle/Texas/24-008749-003/2024(H5N1)	1591	6
PB1|PP755595.1|A/cattle/Texas/24-008749-003/2024(H5N1)	1592	6
PB1|PP755595.1|A/cattle/Texas/24-008749-003/2024(H5N1)	1593	6
PB1|PP755595.1|A/cattle/Texas/24-008749-003/2024(H5N1)	1594	6
PB1|PP755595.1|A/cattle/Texas/24-008749-003/2024(H5N1)	1595	6
PB1|PP755595.1|A/cattle/Texas/24-008749-003/2024(H5N1)	1596	6
PB1|PP755595.1|A/cattle/Texas/24-008749-003/2024(H5N1)	1597	6
PB1|PP755595.1|A/cattle/Texas/24-008749-003/2024(H5N1)	1598	6
PB1|PP755595.1|A/cattle/Texas/24-008749-003/2024(H5N1)	1599	6
PB1|PP755595.1|A/cattle/Texas/24-008749-003/2024(H5N1)	1600	6
PB1|PP755595.1|A/cattle/Texas/24-008749-003/2024(H5N1)	1601	6
PB1|PP755595.1|A/cattle/Texas/24-008749-003/2024(H5N1)	1602	6
PB1|PP755595.1|A/cattle/Texas/24-008749-003/2024(H5N1)	1603	6
PB1|PP755595.1|A/cattle/Texas/24-008749-003/2024(H5N1)	1604	6
PB1|PP755595.1|A/cattle/Texas/24-008749-003/2024(H5N1)	1605	6
PB1|PP755595.1|A/cattle/Texas/24-008749-003/2024(H5N1)	1606	6
PB1|PP755595.1|A/cattle/Texas/24-008749-003/2024(H5N1)	1607	6
PB1|PP755595.1|A/cattle/Texas/24-008749-003/2024(H5N1)	1608	5
PB1|PP755595.1|A/cattle/Texas/24-008749-003/2024(H5N1)	1609	5
PB1|PP755595.1|A/cattle/Texas/24-008749-003/2024(H5N1)	1610	5
PB1|PP755595.1|A/cattle/Texas/24-008749-003/2024(H5N1)	1611	5
PB1|PP755595.1|A/cattle/Texas/24-008749-003/2024(H5N1)	1612	5
PB1|PP755595.1|A/cattle/Texas/24-008749-003/2024(H5N1)	1613	5
PB1|PP755595.1|A/cattle/Texas/24-008749-003/2024(H5N1)	1614	5
PB1|PP755595.1|A/cattle/Texas/24-008749-003/2024(H5N1)	1615	5
PB1|PP755595.1|A/cattle/Texas/24-008749-003/2024(H5N1)	1616	5
PB1|PP755595.1|A/cattle/Texas/24-008749-003/2024(H5N1)	1617	5
PB1|PP755595.1|A/cattle/Texas/24-008749-003/2024(H5N1)	1618	5
PB1|PP755595.1|A/cattle/Texas/24-008749-003/2024(H5N1)	1619	5
PB1|PP755595.1|A/cattle/Texas/24-008749-003/2024(H5N1)	1620	5
PB1|PP755595.1|A/cattle/Texas/24-008749-003/2024(H5N1)	1621	5
PB1|PP755595.1|A/cattle/Texas/24-008749-003/2024(H5N1)	1622	4
PB1|PP755595.1|A/cattle/Texas/24-008749-003/2024(H5N1)	1623	4
PB1|PP755595.1|A/cattle/Texas/24-008749-003/2024(H5N1)	1624	4
PB1|PP755595.1|A/cattle/Texas/24-008749-003/2024(H5N1)	1625	4
PB1|PP755595.1|A/cattle/Texas/24-008749-003/2024(H5N1)	1626	4
PB1|PP755595.1|A/cattle/Texas/24-008749-003/2024(H5N1)	1627	4
PB1|PP755595.1|A/cattle/Texas/24-008749-003/2024(H5N1)	1628	4
PB1|PP755595.1|A/cattle/Texas/24-008749-003/2024(H5N1)	1629	4
PB1|PP755595.1|A/cattle/Texas/24-008749-003/2024(H5N1)	1630	4
PB1|PP755595.1|A/cattle/Texas/24-008749-003/2024(H5N1)	1631	4
PB1|PP755595.1|A/cattle/Texas/24-008749-003/2024(H5N1)	1632	4
PB1|PP755595.1|A/cattle/Texas/24-008749-003/2024(H5N1)	1633	4
PB1|PP755595.1|A/cattle/Texas/24-008749-003/2024(H5N1)	1634	4
PB1|PP755595.1|A/cattle/Texas/24-008749-003/2024(H5N1)	1635	4
PB1|PP755595.1|A/cattle/Texas/24-008749-003/2024(H5N1)	1636	4
PB1|PP755595.1|A/cattle/Texas/24-008749-003/2024(H5N1)	1637	3
PB1|PP755595.1|A/cattle/Texas/24-008749-003/2024(H5N1)	1638	3
PB1|PP755595.1|A/cattle/Texas/24-008749-003/2024(H5N1)	1639	2
PB1|PP755595.1|A/cattle/Texas/24-008749-003/2024(H5N1)	1640	2
PB1|PP755595.1|A/cattle/Texas/24-008749-003/2024(H5N1)	1641	2
PB1|PP755595.1|A/cattle/Texas/24-008749-003/2024(H5N1)	1642	2
PB1|PP755595.1|A/cattle/Texas/24-008749-003/2024(H5N1)	1643	2
PB1|PP755595.1|A/cattle/Texas/24-008749-003/2024(H5N1)	1644	2
PB1|PP755595.1|A/cattle/Texas/24-008749-003/2024(H5N1)	1645	2
PB1|PP755595.1|A/cattle/Texas/24-008749-003/2024(H5N1)	1646	2
PB1|PP755595.1|A/cattle/Texas/24-008749-003/2024(H5N1)	1647	2
PB1|PP755595.1|A/cattle/Texas/24-008749-003/2024(H5N1)	1648	2
PB1|PP755595.1|A/cattle/Texas/24-008749-003/2024(H5N1)	1649	2
PB1|PP755595.1|A/cattle/Texas/24-008749-003/2024(H5N1)	1650	2
PB1|PP755595.1|A/cattle/Texas/24-008749-003/2024(H5N1)	1651	2
PB1|PP755595.1|A/cattle/Texas/24-008749-003/2024(H5N1)	1652	2
PB1|PP755595.1|A/cattle/Texas/24-008749-003/2024(H5N1)	1653	2
PB1|PP755595.1|A/cattle/Texas/24-008749-003/2024(H5N1)	1654	2
PB1|PP755595.1|A/cattle/Texas/24-008749-003/2024(H5N1)	1655	2
PB1|PP755595.1|A/cattle/Texas/24-008749-003/2024(H5N1)	1656	2
PB1|PP755595.1|A/cattle/Texas/24-008749-003/2024(H5N1)	1657	2
PB1|PP755595.1|A/cattle/Texas/24-008749-003/2024(H5N1)	1658	2
PB1|PP755595.1|A/cattle/Texas/24-008749-003/2024(H5N1)	1659	2
PB1|PP755595.1|A/cattle/Texas/24-008749-003/2024(H5N1)	1660	2
PB1|PP755595.1|A/cattle/Texas/24-008749-003/2024(H5N1)	1661	2
PB1|PP755595.1|A/cattle/Texas/24-008749-003/2024(H5N1)	1662	2
PB1|PP755595.1|A/cattle/Texas/24-008749-003/2024(H5N1)	1663	2
PB1|PP755595.1|A/cattle/Texas/24-008749-003/2024(H5N1)	1664	2
PB1|PP755595.1|A/cattle/Texas/24-008749-003/2024(H5N1)	1665	3
PB1|PP755595.1|A/cattle/Texas/24-008749-003/2024(H5N1)	1666	3
PB1|PP755595.1|A/cattle/Texas/24-008749-003/2024(H5N1)	1667	3
PB1|PP755595.1|A/cattle/Texas/24-008749-003/2024(H5N1)	1668	3
PB1|PP755595.1|A/cattle/Texas/24-008749-003/2024(H5N1)	1669	3
PB1|PP755595.1|A/cattle/Texas/24-008749-003/2024(H5N1)	1670	3
PB1|PP755595.1|A/cattle/Texas/24-008749-003/2024(H5N1)	1671	3
PB1|PP755595.1|A/cattle/Texas/24-008749-003/2024(H5N1)	1672	3
PB1|PP755595.1|A/cattle/Texas/24-008749-003/2024(H5N1)	1673	3
PB1|PP755595.1|A/cattle/Texas/24-008749-003/2024(H5N1)	1674	2
PB1|PP755595.1|A/cattle/Texas/24-008749-003/2024(H5N1)	1675	2
PB1|PP755595.1|A/cattle/Texas/24-008749-003/2024(H5N1)	1676	2
PB1|PP755595.1|A/cattle/Texas/24-008749-003/2024(H5N1)	1677	2
PB1|PP755595.1|A/cattle/Texas/24-008749-003/2024(H5N1)	1678	2
PB1|PP755595.1|A/cattle/Texas/24-008749-003/2024(H5N1)	1679	2
PB1|PP755595.1|A/cattle/Texas/24-008749-003/2024(H5N1)	1680	2
PB1|PP755595.1|A/cattle/Texas/24-008749-003/2024(H5N1)	1681	2
PB1|PP755595.1|A/cattle/Texas/24-008749-003/2024(H5N1)	1682	2
PB1|PP755595.1|A/cattle/Texas/24-008749-003/2024(H5N1)	1683	2
PB1|PP755595.1|A/cattle/Texas/24-008749-003/2024(H5N1)	1684	2
PB1|PP755595.1|A/cattle/Texas/24-008749-003/2024(H5N1)	1685	2
PB1|PP755595.1|A/cattle/Texas/24-008749-003/2024(H5N1)	1686	2
PB1|PP755595.1|A/cattle/Texas/24-008749-003/2024(H5N1)	1687	2
PB1|PP755595.1|A/cattle/Texas/24-008749-003/2024(H5N1)	1688	3
PB1|PP755595.1|A/cattle/Texas/24-008749-003/2024(H5N1)	1689	3
PB1|PP755595.1|A/cattle/Texas/24-008749-003/2024(H5N1)	1690	3
PB1|PP755595.1|A/cattle/Texas/24-008749-003/2024(H5N1)	1691	3
PB1|PP755595.1|A/cattle/Texas/24-008749-003/2024(H5N1)	1692	3
PB1|PP755595.1|A/cattle/Texas/24-008749-003/2024(H5N1)	1693	3
PB1|PP755595.1|A/cattle/Texas/24-008749-003/2024(H5N1)	1694	3
PB1|PP755595.1|A/cattle/Texas/24-008749-003/2024(H5N1)	1695	3
PB1|PP755595.1|A/cattle/Texas/24-008749-003/2024(H5N1)	1696	3
PB1|PP755595.1|A/cattle/Texas/24-008749-003/2024(H5N1)	1697	3
PB1|PP755595.1|A/cattle/Texas/24-008749-003/2024(H5N1)	1698	3
PB1|PP755595.1|A/cattle/Texas/24-008749-003/2024(H5N1)	1699	3
PB1|PP755595.1|A/cattle/Texas/24-008749-003/2024(H5N1)	1700	3
PB1|PP755595.1|A/cattle/Texas/24-008749-003/2024(H5N1)	1701	3
PB1|PP755595.1|A/cattle/Texas/24-008749-003/2024(H5N1)	1702	3
PB1|PP755595.1|A/cattle/Texas/24-008749-003/2024(H5N1)	1703	3
PB1|PP755595.1|A/cattle/Texas/24-008749-003/2024(H5N1)	1704	3
PB1|PP755595.1|A/cattle/Texas/24-008749-003/2024(H5N1)	1705	3
PB1|PP755595.1|A/cattle/Texas/24-008749-003/2024(H5N1)	1706	3
PB1|PP755595.1|A/cattle/Texas/24-008749-003/2024(H5N1)	1707	3
PB1|PP755595.1|A/cattle/Texas/24-008749-003/2024(H5N1)	1708	3
PB1|PP755595.1|A/cattle/Texas/24-008749-003/2024(H5N1)	1709	3
PB1|PP755595.1|A/cattle/Texas/24-008749-003/2024(H5N1)	1710	3
PB1|PP755595.1|A/cattle/Texas/24-008749-003/2024(H5N1)	1711	3
PB1|PP755595.1|A/cattle/Texas/24-008749-003/2024(H5N1)	1712	3
PB1|PP755595.1|A/cattle/Texas/24-008749-003/2024(H5N1)	1713	4
PB1|PP755595.1|A/cattle/Texas/24-008749-003/2024(H5N1)	1714	4
PB1|PP755595.1|A/cattle/Texas/24-008749-003/2024(H5N1)	1715	4
PB1|PP755595.1|A/cattle/Texas/24-008749-003/2024(H5N1)	1716	4
PB1|PP755595.1|A/cattle/Texas/24-008749-003/2024(H5N1)	1717	4
PB1|PP755595.1|A/cattle/Texas/24-008749-003/2024(H5N1)	1718	4
PB1|PP755595.1|A/cattle/Texas/24-008749-003/2024(H5N1)	1719	4
PB1|PP755595.1|A/cattle/Texas/24-008749-003/2024(H5N1)	1720	4
PB1|PP755595.1|A/cattle/Texas/24-008749-003/2024(H5N1)	1721	4
PB1|PP755595.1|A/cattle/Texas/24-008749-003/2024(H5N1)	1722	4
PB1|PP755595.1|A/cattle/Texas/24-008749-003/2024(H5N1)	1723	4
PB1|PP755595.1|A/cattle/Texas/24-008749-003/2024(H5N1)	1724	4
PB1|PP755595.1|A/cattle/Texas/24-008749-003/2024(H5N1)	1725	4
PB1|PP755595.1|A/cattle/Texas/24-008749-003/2024(H5N1)	1726	3
PB1|PP755595.1|A/cattle/Texas/24-008749-003/2024(H5N1)	1727	3
PB1|PP755595.1|A/cattle/Texas/24-008749-003/2024(H5N1)	1728	3
PB1|PP755595.1|A/cattle/Texas/24-008749-003/2024(H5N1)	1729	3
PB1|PP755595.1|A/cattle/Texas/24-008749-003/2024(H5N1)	1730	3
PB1|PP755595.1|A/cattle/Texas/24-008749-003/2024(H5N1)	1731	3
PB1|PP755595.1|A/cattle/Texas/24-008749-003/2024(H5N1)	1732	3
PB1|PP755595.1|A/cattle/Texas/24-008749-003/2024(H5N1)	1733	3
PB1|PP755595.1|A/cattle/Texas/24-008749-003/2024(H5N1)	1734	3
PB1|PP755595.1|A/cattle/Texas/24-008749-003/2024(H5N1)	1735	3
PB1|PP755595.1|A/cattle/Texas/24-008749-003/2024(H5N1)	1736	3
PB1|PP755595.1|A/cattle/Texas/24-008749-003/2024(H5N1)	1737	3
PB1|PP755595.1|A/cattle/Texas/24-008749-003/2024(H5N1)	1738	3
PB1|PP755595.1|A/cattle/Texas/24-008749-003/2024(H5N1)	1739	3
PB1|PP755595.1|A/cattle/Texas/24-008749-003/2024(H5N1)	1740	3
PB1|PP755595.1|A/cattle/Texas/24-008749-003/2024(H5N1)	1741	3
PB1|PP755595.1|A/cattle/Texas/24-008749-003/2024(H5N1)	1742	3
PB1|PP755595.1|A/cattle/Texas/24-008749-003/2024(H5N1)	1743	3
PB1|PP755595.1|A/cattle/Texas/24-008749-003/2024(H5N1)	1744	3
PB1|PP755595.1|A/cattle/Texas/24-008749-003/2024(H5N1)	1745	3
PB1|PP755595.1|A/cattle/Texas/24-008749-003/2024(H5N1)	1746	3
PB1|PP755595.1|A/cattle/Texas/24-008749-003/2024(H5N1)	1747	3
PB1|PP755595.1|A/cattle/Texas/24-008749-003/2024(H5N1)	1748	3
PB1|PP755595.1|A/cattle/Texas/24-008749-003/2024(H5N1)	1749	3
PB1|PP755595.1|A/cattle/Texas/24-008749-003/2024(H5N1)	1750	3
PB1|PP755595.1|A/cattle/Texas/24-008749-003/2024(H5N1)	1751	3
PB1|PP755595.1|A/cattle/Texas/24-008749-003/2024(H5N1)	1752	4
PB1|PP755595.1|A/cattle/Texas/24-008749-003/2024(H5N1)	1753	4
PB1|PP755595.1|A/cattle/Texas/24-008749-003/2024(H5N1)	1754	4
PB1|PP755595.1|A/cattle/Texas/24-008749-003/2024(H5N1)	1755	4
PB1|PP755595.1|A/cattle/Texas/24-008749-003/2024(H5N1)	1756	4
PB1|PP755595.1|A/cattle/Texas/24-008749-003/2024(H5N1)	1757	4
PB1|PP755595.1|A/cattle/Texas/24-008749-003/2024(H5N1)	1758	4
PB1|PP755595.1|A/cattle/Texas/24-008749-003/2024(H5N1)	1759	4
PB1|PP755595.1|A/cattle/Texas/24-008749-003/2024(H5N1)	1760	4
PB1|PP755595.1|A/cattle/Texas/24-008749-003/2024(H5N1)	1761	4
PB1|PP755595.1|A/cattle/Texas/24-008749-003/2024(H5N1)	1762	4
PB1|PP755595.1|A/cattle/Texas/24-008749-003/2024(H5N1)	1763	4
PB1|PP755595.1|A/cattle/Texas/24-008749-003/2024(H5N1)	1764	4
PB1|PP755595.1|A/cattle/Texas/24-008749-003/2024(H5N1)	1765	4
PB1|PP755595.1|A/cattle/Texas/24-008749-003/2024(H5N1)	1766	4
PB1|PP755595.1|A/cattle/Texas/24-008749-003/2024(H5N1)	1767	4
PB1|PP755595.1|A/cattle/Texas/24-008749-003/2024(H5N1)	1768	4
PB1|PP755595.1|A/cattle/Texas/24-008749-003/2024(H5N1)	1769	4
PB1|PP755595.1|A/cattle/Texas/24-008749-003/2024(H5N1)	1770	4
PB1|PP755595.1|A/cattle/Texas/24-008749-003/2024(H5N1)	1771	4
PB1|PP755595.1|A/cattle/Texas/24-008749-003/2024(H5N1)	1772	4
PB1|PP755595.1|A/cattle/Texas/24-008749-003/2024(H5N1)	1773	4
PB1|PP755595.1|A/cattle/Texas/24-008749-003/2024(H5N1)	1774	4
PB1|PP755595.1|A/cattle/Texas/24-008749-003/2024(H5N1)	1775	4
PB1|PP755595.1|A/cattle/Texas/24-008749-003/2024(H5N1)	1776	4
PB1|PP755595.1|A/cattle/Texas/24-008749-003/2024(H5N1)	1777	4
PB1|PP755595.1|A/cattle/Texas/24-008749-003/2024(H5N1)	1778	4
PB1|PP755595.1|A/cattle/Texas/24-008749-003/2024(H5N1)	1779	4
PB1|PP755595.1|A/cattle/Texas/24-008749-003/2024(H5N1)	1780	4
PB1|PP755595.1|A/cattle/Texas/24-008749-003/2024(H5N1)	1781	4
PB1|PP755595.1|A/cattle/Texas/24-008749-003/2024(H5N1)	1782	4
PB1|PP755595.1|A/cattle/Texas/24-008749-003/2024(H5N1)	1783	4
PB1|PP755595.1|A/cattle/Texas/24-008749-003/2024(H5N1)	1784	4
PB1|PP755595.1|A/cattle/Texas/24-008749-003/2024(H5N1)	1785	4
PB1|PP755595.1|A/cattle/Texas/24-008749-003/2024(H5N1)	1786	4
PB1|PP755595.1|A/cattle/Texas/24-008749-003/2024(H5N1)	1787	4
PB1|PP755595.1|A/cattle/Texas/24-008749-003/2024(H5N1)	1788	4
PB1|PP755595.1|A/cattle/Texas/24-008749-003/2024(H5N1)	1789	4
PB1|PP755595.1|A/cattle/Texas/24-008749-003/2024(H5N1)	1790	4
PB1|PP755595.1|A/cattle/Texas/24-008749-003/2024(H5N1)	1791	4
PB1|PP755595.1|A/cattle/Texas/24-008749-003/2024(H5N1)	1792	4
PB1|PP755595.1|A/cattle/Texas/24-008749-003/2024(H5N1)	1793	4
PB1|PP755595.1|A/cattle/Texas/24-008749-003/2024(H5N1)	1794	4
PB1|PP755595.1|A/cattle/Texas/24-008749-003/2024(H5N1)	1795	4
PB1|PP755595.1|A/cattle/Texas/24-008749-003/2024(H5N1)	1796	4
PB1|PP755595.1|A/cattle/Texas/24-008749-003/2024(H5N1)	1797	4
PB1|PP755595.1|A/cattle/Texas/24-008749-003/2024(H5N1)	1798	4
PB1|PP755595.1|A/cattle/Texas/24-008749-003/2024(H5N1)	1799	4
PB1|PP755595.1|A/cattle/Texas/24-008749-003/2024(H5N1)	1800	4
PB1|PP755595.1|A/cattle/Texas/24-008749-003/2024(H5N1)	1801	4
PB1|PP755595.1|A/cattle/Texas/24-008749-003/2024(H5N1)	1802	4
PB1|PP755595.1|A/cattle/Texas/24-008749-003/2024(H5N1)	1803	4
PB1|PP755595.1|A/cattle/Texas/24-008749-003/2024(H5N1)	1804	4
PB1|PP755595.1|A/cattle/Texas/24-008749-003/2024(H5N1)	1805	4
PB1|PP755595.1|A/cattle/Texas/24-008749-003/2024(H5N1)	1806	4
PB1|PP755595.1|A/cattle/Texas/24-008749-003/2024(H5N1)	1807	4
PB1|PP755595.1|A/cattle/Texas/24-008749-003/2024(H5N1)	1808	4
PB1|PP755595.1|A/cattle/Texas/24-008749-003/2024(H5N1)	1809	4
PB1|PP755595.1|A/cattle/Texas/24-008749-003/2024(H5N1)	1810	4
PB1|PP755595.1|A/cattle/Texas/24-008749-003/2024(H5N1)	1811	4
PB1|PP755595.1|A/cattle/Texas/24-008749-003/2024(H5N1)	1812	4
PB1|PP755595.1|A/cattle/Texas/24-008749-003/2024(H5N1)	1813	4
PB1|PP755595.1|A/cattle/Texas/24-008749-003/2024(H5N1)	1814	4
PB1|PP755595.1|A/cattle/Texas/24-008749-003/2024(H5N1)	1815	3
PB1|PP755595.1|A/cattle/Texas/24-008749-003/2024(H5N1)	1816	3
PB1|PP755595.1|A/cattle/Texas/24-008749-003/2024(H5N1)	1817	5
PB1|PP755595.1|A/cattle/Texas/24-008749-003/2024(H5N1)	1818	5
PB1|PP755595.1|A/cattle/Texas/24-008749-003/2024(H5N1)	1819	5
PB1|PP755595.1|A/cattle/Texas/24-008749-003/2024(H5N1)	1820	5
PB1|PP755595.1|A/cattle/Texas/24-008749-003/2024(H5N1)	1821	5
PB1|PP755595.1|A/cattle/Texas/24-008749-003/2024(H5N1)	1822	5
PB1|PP755595.1|A/cattle/Texas/24-008749-003/2024(H5N1)	1823	5
PB1|PP755595.1|A/cattle/Texas/24-008749-003/2024(H5N1)	1824	5
PB1|PP755595.1|A/cattle/Texas/24-008749-003/2024(H5N1)	1825	5
PB1|PP755595.1|A/cattle/Texas/24-008749-003/2024(H5N1)	1826	5
PB1|PP755595.1|A/cattle/Texas/24-008749-003/2024(H5N1)	1827	5
PB1|PP755595.1|A/cattle/Texas/24-008749-003/2024(H5N1)	1828	5
PB1|PP755595.1|A/cattle/Texas/24-008749-003/2024(H5N1)	1829	5
PB1|PP755595.1|A/cattle/Texas/24-008749-003/2024(H5N1)	1830	5
PB1|PP755595.1|A/cattle/Texas/24-008749-003/2024(H5N1)	1831	5
PB1|PP755595.1|A/cattle/Texas/24-008749-003/2024(H5N1)	1832	5
PB1|PP755595.1|A/cattle/Texas/24-008749-003/2024(H5N1)	1833	5
PB1|PP755595.1|A/cattle/Texas/24-008749-003/2024(H5N1)	1834	5
PB1|PP755595.1|A/cattle/Texas/24-008749-003/2024(H5N1)	1835	5
PB1|PP755595.1|A/cattle/Texas/24-008749-003/2024(H5N1)	1836	5
PB1|PP755595.1|A/cattle/Texas/24-008749-003/2024(H5N1)	1837	5
PB1|PP755595.1|A/cattle/Texas/24-008749-003/2024(H5N1)	1838	5
PB1|PP755595.1|A/cattle/Texas/24-008749-003/2024(H5N1)	1839	4
PB1|PP755595.1|A/cattle/Texas/24-008749-003/2024(H5N1)	1840	4
PB1|PP755595.1|A/cattle/Texas/24-008749-003/2024(H5N1)	1841	4
PB1|PP755595.1|A/cattle/Texas/24-008749-003/2024(H5N1)	1842	4
PB1|PP755595.1|A/cattle/Texas/24-008749-003/2024(H5N1)	1843	4
PB1|PP755595.1|A/cattle/Texas/24-008749-003/2024(H5N1)	1844	4
PB1|PP755595.1|A/cattle/Texas/24-008749-003/2024(H5N1)	1845	4
PB1|PP755595.1|A/cattle/Texas/24-008749-003/2024(H5N1)	1846	4
PB1|PP755595.1|A/cattle/Texas/24-008749-003/2024(H5N1)	1847	4
PB1|PP755595.1|A/cattle/Texas/24-008749-003/2024(H5N1)	1848	4
PB1|PP755595.1|A/cattle/Texas/24-008749-003/2024(H5N1)	1849	4
PB1|PP755595.1|A/cattle/Texas/24-008749-003/2024(H5N1)	1850	4
PB1|PP755595.1|A/cattle/Texas/24-008749-003/2024(H5N1)	1851	4
PB1|PP755595.1|A/cattle/Texas/24-008749-003/2024(H5N1)	1852	4
PB1|PP755595.1|A/cattle/Texas/24-008749-003/2024(H5N1)	1853	4
PB1|PP755595.1|A/cattle/Texas/24-008749-003/2024(H5N1)	1854	4
PB1|PP755595.1|A/cattle/Texas/24-008749-003/2024(H5N1)	1855	4
PB1|PP755595.1|A/cattle/Texas/24-008749-003/2024(H5N1)	1856	4
PB1|PP755595.1|A/cattle/Texas/24-008749-003/2024(H5N1)	1857	4
PB1|PP755595.1|A/cattle/Texas/24-008749-003/2024(H5N1)	1858	4
PB1|PP755595.1|A/cattle/Texas/24-008749-003/2024(H5N1)	1859	4
PB1|PP755595.1|A/cattle/Texas/24-008749-003/2024(H5N1)	1860	4
PB1|PP755595.1|A/cattle/Texas/24-008749-003/2024(H5N1)	1861	4
PB1|PP755595.1|A/cattle/Texas/24-008749-003/2024(H5N1)	1862	3
PB1|PP755595.1|A/cattle/Texas/24-008749-003/2024(H5N1)	1863	3
PB1|PP755595.1|A/cattle/Texas/24-008749-003/2024(H5N1)	1864	3
PB1|PP755595.1|A/cattle/Texas/24-008749-003/2024(H5N1)	1865	3
PB1|PP755595.1|A/cattle/Texas/24-008749-003/2024(H5N1)	1866	3
PB1|PP755595.1|A/cattle/Texas/24-008749-003/2024(H5N1)	1867	3
PB1|PP755595.1|A/cattle/Texas/24-008749-003/2024(H5N1)	1868	5
PB1|PP755595.1|A/cattle/Texas/24-008749-003/2024(H5N1)	1869	5
PB1|PP755595.1|A/cattle/Texas/24-008749-003/2024(H5N1)	1870	5
PB1|PP755595.1|A/cattle/Texas/24-008749-003/2024(H5N1)	1871	5
PB1|PP755595.1|A/cattle/Texas/24-008749-003/2024(H5N1)	1872	5
PB1|PP755595.1|A/cattle/Texas/24-008749-003/2024(H5N1)	1873	5
PB1|PP755595.1|A/cattle/Texas/24-008749-003/2024(H5N1)	1874	5
PB1|PP755595.1|A/cattle/Texas/24-008749-003/2024(H5N1)	1875	5
PB1|PP755595.1|A/cattle/Texas/24-008749-003/2024(H5N1)	1876	5
PB1|PP755595.1|A/cattle/Texas/24-008749-003/2024(H5N1)	1877	5
PB1|PP755595.1|A/cattle/Texas/24-008749-003/2024(H5N1)	1878	5
PB1|PP755595.1|A/cattle/Texas/24-008749-003/2024(H5N1)	1879	5
PB1|PP755595.1|A/cattle/Texas/24-008749-003/2024(H5N1)	1880	5
PB1|PP755595.1|A/cattle/Texas/24-008749-003/2024(H5N1)	1881	5
PB1|PP755595.1|A/cattle/Texas/24-008749-003/2024(H5N1)	1882	5
PB1|PP755595.1|A/cattle/Texas/24-008749-003/2024(H5N1)	1883	5
PB1|PP755595.1|A/cattle/Texas/24-008749-003/2024(H5N1)	1884	5
PB1|PP755595.1|A/cattle/Texas/24-008749-003/2024(H5N1)	1885	5
PB1|PP755595.1|A/cattle/Texas/24-008749-003/2024(H5N1)	1886	5
PB1|PP755595.1|A/cattle/Texas/24-008749-003/2024(H5N1)	1887	5
PB1|PP755595.1|A/cattle/Texas/24-008749-003/2024(H5N1)	1888	5
PB1|PP755595.1|A/cattle/Texas/24-008749-003/2024(H5N1)	1889	5
PB1|PP755595.1|A/cattle/Texas/24-008749-003/2024(H5N1)	1890	5
PB1|PP755595.1|A/cattle/Texas/24-008749-003/2024(H5N1)	1891	5
PB1|PP755595.1|A/cattle/Texas/24-008749-003/2024(H5N1)	1892	5
PB1|PP755595.1|A/cattle/Texas/24-008749-003/2024(H5N1)	1893	5
PB1|PP755595.1|A/cattle/Texas/24-008749-003/2024(H5N1)	1894	5
PB1|PP755595.1|A/cattle/Texas/24-008749-003/2024(H5N1)	1895	5
PB1|PP755595.1|A/cattle/Texas/24-008749-003/2024(H5N1)	1896	5
PB1|PP755595.1|A/cattle/Texas/24-008749-003/2024(H5N1)	1897	5
PB1|PP755595.1|A/cattle/Texas/24-008749-003/2024(H5N1)	1898	5
PB1|PP755595.1|A/cattle/Texas/24-008749-003/2024(H5N1)	1899	5
PB1|PP755595.1|A/cattle/Texas/24-008749-003/2024(H5N1)	1900	5
PB1|PP755595.1|A/cattle/Texas/24-008749-003/2024(H5N1)	1901	5
PB1|PP755595.1|A/cattle/Texas/24-008749-003/2024(H5N1)	1902	4
PB1|PP755595.1|A/cattle/Texas/24-008749-003/2024(H5N1)	1903	4
PB1|PP755595.1|A/cattle/Texas/24-008749-003/2024(H5N1)	1904	4
PB1|PP755595.1|A/cattle/Texas/24-008749-003/2024(H5N1)	1905	4
PB1|PP755595.1|A/cattle/Texas/24-008749-003/2024(H5N1)	1906	4
PB1|PP755595.1|A/cattle/Texas/24-008749-003/2024(H5N1)	1907	4
PB1|PP755595.1|A/cattle/Texas/24-008749-003/2024(H5N1)	1908	4
PB1|PP755595.1|A/cattle/Texas/24-008749-003/2024(H5N1)	1909	4
PB1|PP755595.1|A/cattle/Texas/24-008749-003/2024(H5N1)	1910	4
PB1|PP755595.1|A/cattle/Texas/24-008749-003/2024(H5N1)	1911	4
PB1|PP755595.1|A/cattle/Texas/24-008749-003/2024(H5N1)	1912	4
PB1|PP755595.1|A/cattle/Texas/24-008749-003/2024(H5N1)	1913	4
PB1|PP755595.1|A/cattle/Texas/24-008749-003/2024(H5N1)	1914	4
PB1|PP755595.1|A/cattle/Texas/24-008749-003/2024(H5N1)	1915	5
PB1|PP755595.1|A/cattle/Texas/24-008749-003/2024(H5N1)	1916	5
PB1|PP755595.1|A/cattle/Texas/24-008749-003/2024(H5N1)	1917	5
PB1|PP755595.1|A/cattle/Texas/24-008749-003/2024(H5N1)	1918	5
PB1|PP755595.1|A/cattle/Texas/24-008749-003/2024(H5N1)	1919	5
PB1|PP755595.1|A/cattle/Texas/24-008749-003/2024(H5N1)	1920	5
PB1|PP755595.1|A/cattle/Texas/24-008749-003/2024(H5N1)	1921	5
PB1|PP755595.1|A/cattle/Texas/24-008749-003/2024(H5N1)	1922	5
PB1|PP755595.1|A/cattle/Texas/24-008749-003/2024(H5N1)	1923	5
PB1|PP755595.1|A/cattle/Texas/24-008749-003/2024(H5N1)	1924	5
PB1|PP755595.1|A/cattle/Texas/24-008749-003/2024(H5N1)	1925	5
PB1|PP755595.1|A/cattle/Texas/24-008749-003/2024(H5N1)	1926	5
PB1|PP755595.1|A/cattle/Texas/24-008749-003/2024(H5N1)	1927	5
PB1|PP755595.1|A/cattle/Texas/24-008749-003/2024(H5N1)	1928	5
PB1|PP755595.1|A/cattle/Texas/24-008749-003/2024(H5N1)	1929	5
PB1|PP755595.1|A/cattle/Texas/24-008749-003/2024(H5N1)	1930	5
PB1|PP755595.1|A/cattle/Texas/24-008749-003/2024(H5N1)	1931	5
PB1|PP755595.1|A/cattle/Texas/24-008749-003/2024(H5N1)	1932	5
PB1|PP755595.1|A/cattle/Texas/24-008749-003/2024(H5N1)	1933	5
PB1|PP755595.1|A/cattle/Texas/24-008749-003/2024(H5N1)	1934	6
PB1|PP755595.1|A/cattle/Texas/24-008749-003/2024(H5N1)	1935	6
PB1|PP755595.1|A/cattle/Texas/24-008749-003/2024(H5N1)	1936	6
PB1|PP755595.1|A/cattle/Texas/24-008749-003/2024(H5N1)	1937	6
PB1|PP755595.1|A/cattle/Texas/24-008749-003/2024(H5N1)	1938	6
PB1|PP755595.1|A/cattle/Texas/24-008749-003/2024(H5N1)	1939	6
PB1|PP755595.1|A/cattle/Texas/24-008749-003/2024(H5N1)	1940	6
PB1|PP755595.1|A/cattle/Texas/24-008749-003/2024(H5N1)	1941	6
PB1|PP755595.1|A/cattle/Texas/24-008749-003/2024(H5N1)	1942	6
PB1|PP755595.1|A/cattle/Texas/24-008749-003/2024(H5N1)	1943	7
PB1|PP755595.1|A/cattle/Texas/24-008749-003/2024(H5N1)	1944	7
PB1|PP755595.1|A/cattle/Texas/24-008749-003/2024(H5N1)	1945	7
PB1|PP755595.1|A/cattle/Texas/24-008749-003/2024(H5N1)	1946	7
PB1|PP755595.1|A/cattle/Texas/24-008749-003/2024(H5N1)	1947	7
PB1|PP755595.1|A/cattle/Texas/24-008749-003/2024(H5N1)	1948	7
PB1|PP755595.1|A/cattle/Texas/24-008749-003/2024(H5N1)	1949	7
PB1|PP755595.1|A/cattle/Texas/24-008749-003/2024(H5N1)	1950	7
PB1|PP755595.1|A/cattle/Texas/24-008749-003/2024(H5N1)	1951	7
PB1|PP755595.1|A/cattle/Texas/24-008749-003/2024(H5N1)	1952	7
PB1|PP755595.1|A/cattle/Texas/24-008749-003/2024(H5N1)	1953	7
PB1|PP755595.1|A/cattle/Texas/24-008749-003/2024(H5N1)	1954	7
PB1|PP755595.1|A/cattle/Texas/24-008749-003/2024(H5N1)	1955	7
PB1|PP755595.1|A/cattle/Texas/24-008749-003/2024(H5N1)	1956	7
PB1|PP755595.1|A/cattle/Texas/24-008749-003/2024(H5N1)	1957	7
PB1|PP755595.1|A/cattle/Texas/24-008749-003/2024(H5N1)	1958	7
PB1|PP755595.1|A/cattle/Texas/24-008749-003/2024(H5N1)	1959	7
PB1|PP755595.1|A/cattle/Texas/24-008749-003/2024(H5N1)	1960	7
PB1|PP755595.1|A/cattle/Texas/24-008749-003/2024(H5N1)	1961	7
PB1|PP755595.1|A/cattle/Texas/24-008749-003/2024(H5N1)	1962	7
PB1|PP755595.1|A/cattle/Texas/24-008749-003/2024(H5N1)	1963	7
PB1|PP755595.1|A/cattle/Texas/24-008749-003/2024(H5N1)	1964	7
PB1|PP755595.1|A/cattle/Texas/24-008749-003/2024(H5N1)	1965	7
PB1|PP755595.1|A/cattle/Texas/24-008749-003/2024(H5N1)	1966	7
PB1|PP755595.1|A/cattle/Texas/24-008749-003/2024(H5N1)	1967	7
PB1|PP755595.1|A/cattle/Texas/24-008749-003/2024(H5N1)	1968	5
PB1|PP755595.1|A/cattle/Texas/24-008749-003/2024(H5N1)	1969	5
PB1|PP755595.1|A/cattle/Texas/24-008749-003/2024(H5N1)	1970	5
PB1|PP755595.1|A/cattle/Texas/24-008749-003/2024(H5N1)	1971	5
PB1|PP755595.1|A/cattle/Texas/24-008749-003/2024(H5N1)	1972	5
PB1|PP755595.1|A/cattle/Texas/24-008749-003/2024(H5N1)	1973	5
PB1|PP755595.1|A/cattle/Texas/24-008749-003/2024(H5N1)	1974	5
PB1|PP755595.1|A/cattle/Texas/24-008749-003/2024(H5N1)	1975	5
PB1|PP755595.1|A/cattle/Texas/24-008749-003/2024(H5N1)	1976	5
PB1|PP755595.1|A/cattle/Texas/24-008749-003/2024(H5N1)	1977	5
PB1|PP755595.1|A/cattle/Texas/24-008749-003/2024(H5N1)	1978	5
PB1|PP755595.1|A/cattle/Texas/24-008749-003/2024(H5N1)	1979	5
PB1|PP755595.1|A/cattle/Texas/24-008749-003/2024(H5N1)	1980	5
PB1|PP755595.1|A/cattle/Texas/24-008749-003/2024(H5N1)	1981	5
PB1|PP755595.1|A/cattle/Texas/24-008749-003/2024(H5N1)	1982	5
PB1|PP755595.1|A/cattle/Texas/24-008749-003/2024(H5N1)	1983	5
PB1|PP755595.1|A/cattle/Texas/24-008749-003/2024(H5N1)	1984	5
PB1|PP755595.1|A/cattle/Texas/24-008749-003/2024(H5N1)	1985	5
PB1|PP755595.1|A/cattle/Texas/24-008749-003/2024(H5N1)	1986	5
PB1|PP755595.1|A/cattle/Texas/24-008749-003/2024(H5N1)	1987	5
PB1|PP755595.1|A/cattle/Texas/24-008749-003/2024(H5N1)	1988	5
PB1|PP755595.1|A/cattle/Texas/24-008749-003/2024(H5N1)	1989	5
PB1|PP755595.1|A/cattle/Texas/24-008749-003/2024(H5N1)	1990	5
PB1|PP755595.1|A/cattle/Texas/24-008749-003/2024(H5N1)	1991	5
PB1|PP755595.1|A/cattle/Texas/24-008749-003/2024(H5N1)	1992	5
PB1|PP755595.1|A/cattle/Texas/24-008749-003/2024(H5N1)	1993	5
PB1|PP755595.1|A/cattle/Texas/24-008749-003/2024(H5N1)	1994	5
PB1|PP755595.1|A/cattle/Texas/24-008749-003/2024(H5N1)	1995	5
PB1|PP755595.1|A/cattle/Texas/24-008749-003/2024(H5N1)	1996	5
PB1|PP755595.1|A/cattle/Texas/24-008749-003/2024(H5N1)	1997	5
PB1|PP755595.1|A/cattle/Texas/24-008749-003/2024(H5N1)	1998	5
PB1|PP755595.1|A/cattle/Texas/24-008749-003/2024(H5N1)	1999	5
PB1|PP755595.1|A/cattle/Texas/24-008749-003/2024(H5N1)	2000	5
PB1|PP755595.1|A/cattle/Texas/24-008749-003/2024(H5N1)	2001	5
PB1|PP755595.1|A/cattle/Texas/24-008749-003/2024(H5N1)	2002	5
PB1|PP755595.1|A/cattle/Texas/24-008749-003/2024(H5N1)	2003	5
PB1|PP755595.1|A/cattle/Texas/24-008749-003/2024(H5N1)	2004	5
PB1|PP755595.1|A/cattle/Texas/24-008749-003/2024(H5N1)	2005	5
PB1|PP755595.1|A/cattle/Texas/24-008749-003/2024(H5N1)	2006	5
PB1|PP755595.1|A/cattle/Texas/24-008749-003/2024(H5N1)	2007	5
PB1|PP755595.1|A/cattle/Texas/24-008749-003/2024(H5N1)	2008	8
PB1|PP755595.1|A/cattle/Texas/24-008749-003/2024(H5N1)	2009	8
PB1|PP755595.1|A/cattle/Texas/24-008749-003/2024(H5N1)	2010	8
PB1|PP755595.1|A/cattle/Texas/24-008749-003/2024(H5N1)	2011	8
PB1|PP755595.1|A/cattle/Texas/24-008749-003/2024(H5N1)	2012	8
PB1|PP755595.1|A/cattle/Texas/24-008749-003/2024(H5N1)	2013	8
PB1|PP755595.1|A/cattle/Texas/24-008749-003/2024(H5N1)	2014	8
PB1|PP755595.1|A/cattle/Texas/24-008749-003/2024(H5N1)	2015	8
PB1|PP755595.1|A/cattle/Texas/24-008749-003/2024(H5N1)	2016	8
PB1|PP755595.1|A/cattle/Texas/24-008749-003/2024(H5N1)	2017	8
PB1|PP755595.1|A/cattle/Texas/24-008749-003/2024(H5N1)	2018	6
PB1|PP755595.1|A/cattle/Texas/24-008749-003/2024(H5N1)	2019	6
PB1|PP755595.1|A/cattle/Texas/24-008749-003/2024(H5N1)	2020	6
PB1|PP755595.1|A/cattle/Texas/24-008749-003/2024(H5N1)	2021	6
PB1|PP755595.1|A/cattle/Texas/24-008749-003/2024(H5N1)	2022	6
PB1|PP755595.1|A/cattle/Texas/24-008749-003/2024(H5N1)	2023	7
PB1|PP755595.1|A/cattle/Texas/24-008749-003/2024(H5N1)	2024	7
PB1|PP755595.1|A/cattle/Texas/24-008749-003/2024(H5N1)	2025	7
PB1|PP755595.1|A/cattle/Texas/24-008749-003/2024(H5N1)	2026	8
PB1|PP755595.1|A/cattle/Texas/24-008749-003/2024(H5N1)	2027	8
PB1|PP755595.1|A/cattle/Texas/24-008749-003/2024(H5N1)	2028	8
PB1|PP755595.1|A/cattle/Texas/24-008749-003/2024(H5N1)	2029	8
PB1|PP755595.1|A/cattle/Texas/24-008749-003/2024(H5N1)	2030	8
PB1|PP755595.1|A/cattle/Texas/24-008749-003/2024(H5N1)	2031	8
PB1|PP755595.1|A/cattle/Texas/24-008749-003/2024(H5N1)	2032	8
PB1|PP755595.1|A/cattle/Texas/24-008749-003/2024(H5N1)	2033	8
PB1|PP755595.1|A/cattle/Texas/24-008749-003/2024(H5N1)	2034	8
PB1|PP755595.1|A/cattle/Texas/24-008749-003/2024(H5N1)	2035	8
PB1|PP755595.1|A/cattle/Texas/24-008749-003/2024(H5N1)	2036	8
PB1|PP755595.1|A/cattle/Texas/24-008749-003/2024(H5N1)	2037	8
PB1|PP755595.1|A/cattle/Texas/24-008749-003/2024(H5N1)	2038	8
PB1|PP755595.1|A/cattle/Texas/24-008749-003/2024(H5N1)	2039	8
PB1|PP755595.1|A/cattle/Texas/24-008749-003/2024(H5N1)	2040	8
PB1|PP755595.1|A/cattle/Texas/24-008749-003/2024(H5N1)	2041	8
PB1|PP755595.1|A/cattle/Texas/24-008749-003/2024(H5N1)	2042	8
PB1|PP755595.1|A/cattle/Texas/24-008749-003/2024(H5N1)	2043	8
PB1|PP755595.1|A/cattle/Texas/24-008749-003/2024(H5N1)	2044	8
PB1|PP755595.1|A/cattle/Texas/24-008749-003/2024(H5N1)	2045	8
PB1|PP755595.1|A/cattle/Texas/24-008749-003/2024(H5N1)	2046	8
PB1|PP755595.1|A/cattle/Texas/24-008749-003/2024(H5N1)	2047	8
PB1|PP755595.1|A/cattle/Texas/24-008749-003/2024(H5N1)	2048	8
PB1|PP755595.1|A/cattle/Texas/24-008749-003/2024(H5N1)	2049	8
PB1|PP755595.1|A/cattle/Texas/24-008749-003/2024(H5N1)	2050	8
PB1|PP755595.1|A/cattle/Texas/24-008749-003/2024(H5N1)	2051	8
PB1|PP755595.1|A/cattle/Texas/24-008749-003/2024(H5N1)	2052	8
PB1|PP755595.1|A/cattle/Texas/24-008749-003/2024(H5N1)	2053	8
PB1|PP755595.1|A/cattle/Texas/24-008749-003/2024(H5N1)	2054	8
PB1|PP755595.1|A/cattle/Texas/24-008749-003/2024(H5N1)	2055	8
PB1|PP755595.1|A/cattle/Texas/24-008749-003/2024(H5N1)	2056	8
PB1|PP755595.1|A/cattle/Texas/24-008749-003/2024(H5N1)	2057	8
PB1|PP755595.1|A/cattle/Texas/24-008749-003/2024(H5N1)	2058	8
PB1|PP755595.1|A/cattle/Texas/24-008749-003/2024(H5N1)	2059	8
PB1|PP755595.1|A/cattle/Texas/24-008749-003/2024(H5N1)	2060	8
PB1|PP755595.1|A/cattle/Texas/24-008749-003/2024(H5N1)	2061	8
PB1|PP755595.1|A/cattle/Texas/24-008749-003/2024(H5N1)	2062	8
PB1|PP755595.1|A/cattle/Texas/24-008749-003/2024(H5N1)	2063	8
PB1|PP755595.1|A/cattle/Texas/24-008749-003/2024(H5N1)	2064	8
PB1|PP755595.1|A/cattle/Texas/24-008749-003/2024(H5N1)	2065	8
PB1|PP755595.1|A/cattle/Texas/24-008749-003/2024(H5N1)	2066	8
PB1|PP755595.1|A/cattle/Texas/24-008749-003/2024(H5N1)	2067	8
PB1|PP755595.1|A/cattle/Texas/24-008749-003/2024(H5N1)	2068	8
PB1|PP755595.1|A/cattle/Texas/24-008749-003/2024(H5N1)	2069	8
PB1|PP755595.1|A/cattle/Texas/24-008749-003/2024(H5N1)	2070	8
PB1|PP755595.1|A/cattle/Texas/24-008749-003/2024(H5N1)	2071	8
PB1|PP755595.1|A/cattle/Texas/24-008749-003/2024(H5N1)	2072	8
PB1|PP755595.1|A/cattle/Texas/24-008749-003/2024(H5N1)	2073	8
PB1|PP755595.1|A/cattle/Texas/24-008749-003/2024(H5N1)	2074	8
PB1|PP755595.1|A/cattle/Texas/24-008749-003/2024(H5N1)	2075	8
PB1|PP755595.1|A/cattle/Texas/24-008749-003/2024(H5N1)	2076	8
PB1|PP755595.1|A/cattle/Texas/24-008749-003/2024(H5N1)	2077	8
PB1|PP755595.1|A/cattle/Texas/24-008749-003/2024(H5N1)	2078	8
PB1|PP755595.1|A/cattle/Texas/24-008749-003/2024(H5N1)	2079	8
PB1|PP755595.1|A/cattle/Texas/24-008749-003/2024(H5N1)	2080	8
PB1|PP755595.1|A/cattle/Texas/24-008749-003/2024(H5N1)	2081	8
PB1|PP755595.1|A/cattle/Texas/24-008749-003/2024(H5N1)	2082	8
PB1|PP755595.1|A/cattle/Texas/24-008749-003/2024(H5N1)	2083	8
PB1|PP755595.1|A/cattle/Texas/24-008749-003/2024(H5N1)	2084	7
PB1|PP755595.1|A/cattle/Texas/24-008749-003/2024(H5N1)	2085	7
PB1|PP755595.1|A/cattle/Texas/24-008749-003/2024(H5N1)	2086	7
PB1|PP755595.1|A/cattle/Texas/24-008749-003/2024(H5N1)	2087	7
PB1|PP755595.1|A/cattle/Texas/24-008749-003/2024(H5N1)	2088	7
PB1|PP755595.1|A/cattle/Texas/24-008749-003/2024(H5N1)	2089	7
PB1|PP755595.1|A/cattle/Texas/24-008749-003/2024(H5N1)	2090	7
PB1|PP755595.1|A/cattle/Texas/24-008749-003/2024(H5N1)	2091	7
PB1|PP755595.1|A/cattle/Texas/24-008749-003/2024(H5N1)	2092	6
PB1|PP755595.1|A/cattle/Texas/24-008749-003/2024(H5N1)	2093	6
PB1|PP755595.1|A/cattle/Texas/24-008749-003/2024(H5N1)	2094	6
PB1|PP755595.1|A/cattle/Texas/24-008749-003/2024(H5N1)	2095	6
PB1|PP755595.1|A/cattle/Texas/24-008749-003/2024(H5N1)	2096	6
PB1|PP755595.1|A/cattle/Texas/24-008749-003/2024(H5N1)	2097	6
PB1|PP755595.1|A/cattle/Texas/24-008749-003/2024(H5N1)	2098	6
PB1|PP755595.1|A/cattle/Texas/24-008749-003/2024(H5N1)	2099	6
PB1|PP755595.1|A/cattle/Texas/24-008749-003/2024(H5N1)	2100	6
PB1|PP755595.1|A/cattle/Texas/24-008749-003/2024(H5N1)	2101	6
PB1|PP755595.1|A/cattle/Texas/24-008749-003/2024(H5N1)	2102	6
PB1|PP755595.1|A/cattle/Texas/24-008749-003/2024(H5N1)	2103	6
PB1|PP755595.1|A/cattle/Texas/24-008749-003/2024(H5N1)	2104	6
PB1|PP755595.1|A/cattle/Texas/24-008749-003/2024(H5N1)	2105	6
PB1|PP755595.1|A/cattle/Texas/24-008749-003/2024(H5N1)	2106	6
PB1|PP755595.1|A/cattle/Texas/24-008749-003/2024(H5N1)	2107	6
PB1|PP755595.1|A/cattle/Texas/24-008749-003/2024(H5N1)	2108	6
PB1|PP755595.1|A/cattle/Texas/24-008749-003/2024(H5N1)	2109	6
PB1|PP755595.1|A/cattle/Texas/24-008749-003/2024(H5N1)	2110	6
PB1|PP755595.1|A/cattle/Texas/24-008749-003/2024(H5N1)	2111	6
PB1|PP755595.1|A/cattle/Texas/24-008749-003/2024(H5N1)	2112	6
PB1|PP755595.1|A/cattle/Texas/24-008749-003/2024(H5N1)	2113	6
PB1|PP755595.1|A/cattle/Texas/24-008749-003/2024(H5N1)	2114	6
PB1|PP755595.1|A/cattle/Texas/24-008749-003/2024(H5N1)	2115	6
PB1|PP755595.1|A/cattle/Texas/24-008749-003/2024(H5N1)	2116	6
PB1|PP755595.1|A/cattle/Texas/24-008749-003/2024(H5N1)	2117	6
PB1|PP755595.1|A/cattle/Texas/24-008749-003/2024(H5N1)	2118	6
PB1|PP755595.1|A/cattle/Texas/24-008749-003/2024(H5N1)	2119	6
PB1|PP755595.1|A/cattle/Texas/24-008749-003/2024(H5N1)	2120	6
PB1|PP755595.1|A/cattle/Texas/24-008749-003/2024(H5N1)	2121	6
PB1|PP755595.1|A/cattle/Texas/24-008749-003/2024(H5N1)	2122	6
PB1|PP755595.1|A/cattle/Texas/24-008749-003/2024(H5N1)	2123	6
PB1|PP755595.1|A/cattle/Texas/24-008749-003/2024(H5N1)	2124	6
PB1|PP755595.1|A/cattle/Texas/24-008749-003/2024(H5N1)	2125	6
PB1|PP755595.1|A/cattle/Texas/24-008749-003/2024(H5N1)	2126	6
PB1|PP755595.1|A/cattle/Texas/24-008749-003/2024(H5N1)	2127	6
PB1|PP755595.1|A/cattle/Texas/24-008749-003/2024(H5N1)	2128	6
PB1|PP755595.1|A/cattle/Texas/24-008749-003/2024(H5N1)	2129	6
PB1|PP755595.1|A/cattle/Texas/24-008749-003/2024(H5N1)	2130	6
PB1|PP755595.1|A/cattle/Texas/24-008749-003/2024(H5N1)	2131	6
PB1|PP755595.1|A/cattle/Texas/24-008749-003/2024(H5N1)	2132	6
PB1|PP755595.1|A/cattle/Texas/24-008749-003/2024(H5N1)	2133	6
PB1|PP755595.1|A/cattle/Texas/24-008749-003/2024(H5N1)	2134	6
PB1|PP755595.1|A/cattle/Texas/24-008749-003/2024(H5N1)	2135	6
PB1|PP755595.1|A/cattle/Texas/24-008749-003/2024(H5N1)	2136	6
PB1|PP755595.1|A/cattle/Texas/24-008749-003/2024(H5N1)	2137	6
PB1|PP755595.1|A/cattle/Texas/24-008749-003/2024(H5N1)	2138	6
PB1|PP755595.1|A/cattle/Texas/24-008749-003/2024(H5N1)	2139	6
PB1|PP755595.1|A/cattle/Texas/24-008749-003/2024(H5N1)	2140	6
PB1|PP755595.1|A/cattle/Texas/24-008749-003/2024(H5N1)	2141	6
PB1|PP755595.1|A/cattle/Texas/24-008749-003/2024(H5N1)	2142	6
PB1|PP755595.1|A/cattle/Texas/24-008749-003/2024(H5N1)	2143	6
PB1|PP755595.1|A/cattle/Texas/24-008749-003/2024(H5N1)	2144	6
PB1|PP755595.1|A/cattle/Texas/24-008749-003/2024(H5N1)	2145	6
PB1|PP755595.1|A/cattle/Texas/24-008749-003/2024(H5N1)	2146	6
PB1|PP755595.1|A/cattle/Texas/24-008749-003/2024(H5N1)	2147	6
PB1|PP755595.1|A/cattle/Texas/24-008749-003/2024(H5N1)	2148	8
PB1|PP755595.1|A/cattle/Texas/24-008749-003/2024(H5N1)	2149	8
PB1|PP755595.1|A/cattle/Texas/24-008749-003/2024(H5N1)	2150	8
PB1|PP755595.1|A/cattle/Texas/24-008749-003/2024(H5N1)	2151	8
PB1|PP755595.1|A/cattle/Texas/24-008749-003/2024(H5N1)	2152	8
PB1|PP755595.1|A/cattle/Texas/24-008749-003/2024(H5N1)	2153	8
PB1|PP755595.1|A/cattle/Texas/24-008749-003/2024(H5N1)	2154	8
PB1|PP755595.1|A/cattle/Texas/24-008749-003/2024(H5N1)	2155	8
PB1|PP755595.1|A/cattle/Texas/24-008749-003/2024(H5N1)	2156	8
PB1|PP755595.1|A/cattle/Texas/24-008749-003/2024(H5N1)	2157	5
PB1|PP755595.1|A/cattle/Texas/24-008749-003/2024(H5N1)	2158	5
PB1|PP755595.1|A/cattle/Texas/24-008749-003/2024(H5N1)	2159	5
PB1|PP755595.1|A/cattle/Texas/24-008749-003/2024(H5N1)	2160	5
PB1|PP755595.1|A/cattle/Texas/24-008749-003/2024(H5N1)	2161	5
PB1|PP755595.1|A/cattle/Texas/24-008749-003/2024(H5N1)	2162	5
PB1|PP755595.1|A/cattle/Texas/24-008749-003/2024(H5N1)	2163	5
PB1|PP755595.1|A/cattle/Texas/24-008749-003/2024(H5N1)	2164	5
PB1|PP755595.1|A/cattle/Texas/24-008749-003/2024(H5N1)	2165	5
PB1|PP755595.1|A/cattle/Texas/24-008749-003/2024(H5N1)	2166	5
PB1|PP755595.1|A/cattle/Texas/24-008749-003/2024(H5N1)	2167	6
PB1|PP755595.1|A/cattle/Texas/24-008749-003/2024(H5N1)	2168	6
PB1|PP755595.1|A/cattle/Texas/24-008749-003/2024(H5N1)	2169	7
PB1|PP755595.1|A/cattle/Texas/24-008749-003/2024(H5N1)	2170	7
PB1|PP755595.1|A/cattle/Texas/24-008749-003/2024(H5N1)	2171	7
PB1|PP755595.1|A/cattle/Texas/24-008749-003/2024(H5N1)	2172	7
PB1|PP755595.1|A/cattle/Texas/24-008749-003/2024(H5N1)	2173	6
PB1|PP755595.1|A/cattle/Texas/24-008749-003/2024(H5N1)	2174	5
PB1|PP755595.1|A/cattle/Texas/24-008749-003/2024(H5N1)	2175	5
PB1|PP755595.1|A/cattle/Texas/24-008749-003/2024(H5N1)	2176	5
PB1|PP755595.1|A/cattle/Texas/24-008749-003/2024(H5N1)	2177	5
PB1|PP755595.1|A/cattle/Texas/24-008749-003/2024(H5N1)	2178	5
PB1|PP755595.1|A/cattle/Texas/24-008749-003/2024(H5N1)	2179	5
PB1|PP755595.1|A/cattle/Texas/24-008749-003/2024(H5N1)	2180	5
PB1|PP755595.1|A/cattle/Texas/24-008749-003/2024(H5N1)	2181	5
PB1|PP755595.1|A/cattle/Texas/24-008749-003/2024(H5N1)	2182	5
PB1|PP755595.1|A/cattle/Texas/24-008749-003/2024(H5N1)	2183	5
PB1|PP755595.1|A/cattle/Texas/24-008749-003/2024(H5N1)	2184	5
PB1|PP755595.1|A/cattle/Texas/24-008749-003/2024(H5N1)	2185	5
PB1|PP755595.1|A/cattle/Texas/24-008749-003/2024(H5N1)	2186	5
PB1|PP755595.1|A/cattle/Texas/24-008749-003/2024(H5N1)	2187	5
PB1|PP755595.1|A/cattle/Texas/24-008749-003/2024(H5N1)	2188	5
PB1|PP755595.1|A/cattle/Texas/24-008749-003/2024(H5N1)	2189	5
PB1|PP755595.1|A/cattle/Texas/24-008749-003/2024(H5N1)	2190	5
PB1|PP755595.1|A/cattle/Texas/24-008749-003/2024(H5N1)	2191	5
PB1|PP755595.1|A/cattle/Texas/24-008749-003/2024(H5N1)	2192	5
PB1|PP755595.1|A/cattle/Texas/24-008749-003/2024(H5N1)	2193	5
PB1|PP755595.1|A/cattle/Texas/24-008749-003/2024(H5N1)	2194	5
PB1|PP755595.1|A/cattle/Texas/24-008749-003/2024(H5N1)	2195	5
PB1|PP755595.1|A/cattle/Texas/24-008749-003/2024(H5N1)	2196	5
PB1|PP755595.1|A/cattle/Texas/24-008749-003/2024(H5N1)	2197	5
PB1|PP755595.1|A/cattle/Texas/24-008749-003/2024(H5N1)	2198	5
PB1|PP755595.1|A/cattle/Texas/24-008749-003/2024(H5N1)	2199	5
PB1|PP755595.1|A/cattle/Texas/24-008749-003/2024(H5N1)	2200	5
PB1|PP755595.1|A/cattle/Texas/24-008749-003/2024(H5N1)	2201	5
PB1|PP755595.1|A/cattle/Texas/24-008749-003/2024(H5N1)	2202	5
PB1|PP755595.1|A/cattle/Texas/24-008749-003/2024(H5N1)	2203	5
PB1|PP755595.1|A/cattle/Texas/24-008749-003/2024(H5N1)	2204	5
PB1|PP755595.1|A/cattle/Texas/24-008749-003/2024(H5N1)	2205	5
PB1|PP755595.1|A/cattle/Texas/24-008749-003/2024(H5N1)	2206	5
PB1|PP755595.1|A/cattle/Texas/24-008749-003/2024(H5N1)	2207	5
PB1|PP755595.1|A/cattle/Texas/24-008749-003/2024(H5N1)	2208	5
PB1|PP755595.1|A/cattle/Texas/24-008749-003/2024(H5N1)	2209	5
PB1|PP755595.1|A/cattle/Texas/24-008749-003/2024(H5N1)	2210	5
PB1|PP755595.1|A/cattle/Texas/24-008749-003/2024(H5N1)	2211	4
PB1|PP755595.1|A/cattle/Texas/24-008749-003/2024(H5N1)	2212	4
PB1|PP755595.1|A/cattle/Texas/24-008749-003/2024(H5N1)	2213	4
PB1|PP755595.1|A/cattle/Texas/24-008749-003/2024(H5N1)	2214	4
PB1|PP755595.1|A/cattle/Texas/24-008749-003/2024(H5N1)	2215	4
PB1|PP755595.1|A/cattle/Texas/24-008749-003/2024(H5N1)	2216	4
PB1|PP755595.1|A/cattle/Texas/24-008749-003/2024(H5N1)	2217	4
PB1|PP755595.1|A/cattle/Texas/24-008749-003/2024(H5N1)	2218	4
PB1|PP755595.1|A/cattle/Texas/24-008749-003/2024(H5N1)	2219	4
PB1|PP755595.1|A/cattle/Texas/24-008749-003/2024(H5N1)	2220	4
PB1|PP755595.1|A/cattle/Texas/24-008749-003/2024(H5N1)	2221	4
PB1|PP755595.1|A/cattle/Texas/24-008749-003/2024(H5N1)	2222	4
PB1|PP755595.1|A/cattle/Texas/24-008749-003/2024(H5N1)	2223	4
PB1|PP755595.1|A/cattle/Texas/24-008749-003/2024(H5N1)	2224	4
PB1|PP755595.1|A/cattle/Texas/24-008749-003/2024(H5N1)	2225	4
PB1|PP755595.1|A/cattle/Texas/24-008749-003/2024(H5N1)	2226	4
PB1|PP755595.1|A/cattle/Texas/24-008749-003/2024(H5N1)	2227	4
PB1|PP755595.1|A/cattle/Texas/24-008749-003/2024(H5N1)	2228	4
PB1|PP755595.1|A/cattle/Texas/24-008749-003/2024(H5N1)	2229	4
PB1|PP755595.1|A/cattle/Texas/24-008749-003/2024(H5N1)	2230	4
PB1|PP755595.1|A/cattle/Texas/24-008749-003/2024(H5N1)	2231	4
PB1|PP755595.1|A/cattle/Texas/24-008749-003/2024(H5N1)	2232	4
PB1|PP755595.1|A/cattle/Texas/24-008749-003/2024(H5N1)	2233	4
PB1|PP755595.1|A/cattle/Texas/24-008749-003/2024(H5N1)	2234	4
PB1|PP755595.1|A/cattle/Texas/24-008749-003/2024(H5N1)	2235	4
PB1|PP755595.1|A/cattle/Texas/24-008749-003/2024(H5N1)	2236	4
PB1|PP755595.1|A/cattle/Texas/24-008749-003/2024(H5N1)	2237	4
PB1|PP755595.1|A/cattle/Texas/24-008749-003/2024(H5N1)	2238	4
PB1|PP755595.1|A/cattle/Texas/24-008749-003/2024(H5N1)	2239	4
PB1|PP755595.1|A/cattle/Texas/24-008749-003/2024(H5N1)	2240	4
PB1|PP755595.1|A/cattle/Texas/24-008749-003/2024(H5N1)	2241	4
PB1|PP755595.1|A/cattle/Texas/24-008749-003/2024(H5N1)	2242	4
PB1|PP755595.1|A/cattle/Texas/24-008749-003/2024(H5N1)	2243	4
PB1|PP755595.1|A/cattle/Texas/24-008749-003/2024(H5N1)	2244	4
PB1|PP755595.1|A/cattle/Texas/24-008749-003/2024(H5N1)	2245	4
PB1|PP755595.1|A/cattle/Texas/24-008749-003/2024(H5N1)	2246	4
PB1|PP755595.1|A/cattle/Texas/24-008749-003/2024(H5N1)	2247	4
PB1|PP755595.1|A/cattle/Texas/24-008749-003/2024(H5N1)	2248	4
PB1|PP755595.1|A/cattle/Texas/24-008749-003/2024(H5N1)	2249	4
PB1|PP755595.1|A/cattle/Texas/24-008749-003/2024(H5N1)	2250	4
PB1|PP755595.1|A/cattle/Texas/24-008749-003/2024(H5N1)	2251	4
PB1|PP755595.1|A/cattle/Texas/24-008749-003/2024(H5N1)	2252	4
PB1|PP755595.1|A/cattle/Texas/24-008749-003/2024(H5N1)	2253	4
PB1|PP755595.1|A/cattle/Texas/24-008749-003/2024(H5N1)	2254	4
PB1|PP755595.1|A/cattle/Texas/24-008749-003/2024(H5N1)	2255	4
PB1|PP755595.1|A/cattle/Texas/24-008749-003/2024(H5N1)	2256	4
PB1|PP755595.1|A/cattle/Texas/24-008749-003/2024(H5N1)	2257	4
PB1|PP755595.1|A/cattle/Texas/24-008749-003/2024(H5N1)	2258	4
PB1|PP755595.1|A/cattle/Texas/24-008749-003/2024(H5N1)	2259	4
PB1|PP755595.1|A/cattle/Texas/24-008749-003/2024(H5N1)	2260	2
PB1|PP755595.1|A/cattle/Texas/24-008749-003/2024(H5N1)	2261	2
PB1|PP755595.1|A/cattle/Texas/24-008749-003/2024(H5N1)	2262	2
PB1|PP755595.1|A/cattle/Texas/24-008749-003/2024(H5N1)	2263	2
PB1|PP755595.1|A/cattle/Texas/24-008749-003/2024(H5N1)	2264	2
PB1|PP755595.1|A/cattle/Texas/24-008749-003/2024(H5N1)	2265	2
PB1|PP755595.1|A/cattle/Texas/24-008749-003/2024(H5N1)	2266	2
PB1|PP755595.1|A/cattle/Texas/24-008749-003/2024(H5N1)	2267	2
PB1|PP755595.1|A/cattle/Texas/24-008749-003/2024(H5N1)	2268	2
PB1|PP755595.1|A/cattle/Texas/24-008749-003/2024(H5N1)	2269	2
PB1|PP755595.1|A/cattle/Texas/24-008749-003/2024(H5N1)	2270	2
PB1|PP755595.1|A/cattle/Texas/24-008749-003/2024(H5N1)	2271	2
PB1|PP755595.1|A/cattle/Texas/24-008749-003/2024(H5N1)	2272	2
PB1|PP755595.1|A/cattle/Texas/24-008749-003/2024(H5N1)	2273	2
PB1|PP755595.1|A/cattle/Texas/24-008749-003/2024(H5N1)	2274	2
