PB2|PP755596.1|A/cattle/Texas/24-008749-003/2024(H5N1)	1	12840
PB2|PP755596.1|A/cattle/Texas/24-008749-003/2024(H5N1)	2	12914
PB2|PP755596.1|A/cattle/Texas/24-008749-003/2024(H5N1)	3	13054
PB2|PP755596.1|A/cattle/Texas/24-008749-003/2024(H5N1)	4	13082
PB2|PP755596.1|A/cattle/Texas/24-008749-003/2024(H5N1)	5	13137
PB2|PP755596.1|A/cattle/Texas/24-008749-003/2024(H5N1)	6	13212
PB2|PP755596.1|A/cattle/Texas/24-008749-003/2024(H5N1)	7	13282
PB2|PP755596.1|A/cattle/Texas/24-008749-003/2024(H5N1)	8	14446
PB2|PP755596.1|A/cattle/Texas/24-008749-003/2024(H5N1)	9	14472
PB2|PP755596.1|A/cattle/Texas/24-008749-003/2024(H5N1)	10	14538
PB2|PP755596.1|A/cattle/Texas/24-008749-003/2024(H5N1)	11	14723
PB2|PP755596.1|A/cattle/Texas/24-008749-003/2024(H5N1)	12	14784
PB2|PP755596.1|A/cattle/Texas/24-008749-003/2024(H5N1)	13	14864
PB2|PP755596.1|A/cattle/Texas/24-008749-003/2024(H5N1)	14	14902
PB2|PP755596.1|A/cattle/Texas/24-008749-003/2024(H5N1)	15	14911
PB2|PP755596.1|A/cattle/Texas/24-008749-003/2024(H5N1)	16	15128
PB2|PP755596.1|A/cattle/Texas/24-008749-003/2024(H5N1)	17	15333
PB2|PP755596.1|A/cattle/Texas/24-008749-003/2024(H5N1)	18	15405
PB2|PP755596.1|A/cattle/Texas/24-008749-003/2024(H5N1)	19	15463
PB2|PP755596.1|A/cattle/Texas/24-008749-003/2024(H5N1)	20	15484
PB2|PP755596.1|A/cattle/Texas/24-008749-003/2024(H5N1)	21	15580
PB2|PP755596.1|A/cattle/Texas/24-008749-003/2024(H5N1)	22	15598
PB2|PP755596.1|A/cattle/Texas/24-008749-003/2024(H5N1)	23	15629
PB2|PP755596.1|A/cattle/Texas/24-008749-003/2024(H5N1)	24	15735
PB2|PP755596.1|A/cattle/Texas/24-008749-003/2024(H5N1)	25	16380
PB2|PP755596.1|A/cattle/Texas/24-008749-003/2024(H5N1)	26	16787
PB2|PP755596.1|A/cattle/Texas/24-008749-003/2024(H5N1)	27	16825
PB2|PP755596.1|A/cattle/Texas/24-008749-003/2024(H5N1)	28	16881
PB2|PP755596.1|A/cattle/Texas/24-008749-003/2024(H5N1)	29	16923
PB2|PP755596.1|A/cattle/Texas/24-008749-003/2024(H5N1)	30	16990
PB2|PP755596.1|A/cattle/Texas/24-008749-003/2024(H5N1)	31	17243
PB2|PP755596.1|A/cattle/Texas/24-008749-003/2024(H5N1)	32	17340
PB2|PP755596.1|A/cattle/Texas/24-008749-003/2024(H5N1)	33	17433
PB2|PP755596.1|A/cattle/Texas/24-008749-003/2024(H5N1)	34	17528
PB2|PP755596.1|A/cattle/Texas/24-008749-003/2024(H5N1)	35	17535
PB2|PP755596.1|A/cattle/Texas/24-008749-003/2024(H5N1)	36	17534
PB2|PP755596.1|A/cattle/Texas/24-008749-003/2024(H5N1)	37	17559
PB2|PP755596.1|A/cattle/Texas/24-008749-003/2024(H5N1)	38	17563
PB2|PP755596.1|A/cattle/Texas/24-008749-003/2024(H5N1)	39	18396
PB2|PP755596.1|A/cattle/Texas/24-008749-003/2024(H5N1)	40	18568
PB2|PP755596.1|A/cattle/Texas/24-008749-003/2024(H5N1)	41	18609
PB2|PP755596.1|A/cattle/Texas/24-008749-003/2024(H5N1)	42	18631
PB2|PP755596.1|A/cattle/Texas/24-008749-003/2024(H5N1)	43	18715
PB2|PP755596.1|A/cattle/Texas/24-008749-003/2024(H5N1)	44	18738
PB2|PP755596.1|A/cattle/Texas/24-008749-003/2024(H5N1)	45	18815
PB2|PP755596.1|A/cattle/Texas/24-008749-003/2024(H5N1)	46	18899
PB2|PP755596.1|A/cattle/Texas/24-008749-003/2024(H5N1)	47	19085
PB2|PP755596.1|A/cattle/Texas/24-008749-003/2024(H5N1)	48	19090
PB2|PP755596.1|A/cattle/Texas/24-008749-003/2024(H5N1)	49	19501
PB2|PP755596.1|A/cattle/Texas/24-008749-003/2024(H5N1)	50	19532
PB2|PP755596.1|A/cattle/Texas/24-008749-003/2024(H5N1)	51	19660
PB2|PP755596.1|A/cattle/Texas/24-008749-003/2024(H5N1)	52	19663
PB2|PP755596.1|A/cattle/Texas/24-008749-003/2024(H5N1)	53	19789
PB2|PP755596.1|A/cattle/Texas/24-008749-003/2024(H5N1)	54	19876
PB2|PP755596.1|A/cattle/Texas/24-008749-003/2024(H5N1)	55	20712
PB2|PP755596.1|A/cattle/Texas/24-008749-003/2024(H5N1)	56	20763
PB2|PP755596.1|A/cattle/Texas/24-008749-003/2024(H5N1)	57	20822
PB2|PP755596.1|A/cattle/Texas/24-008749-003/2024(H5N1)	58	20746
PB2|PP755596.1|A/cattle/Texas/24-008749-003/2024(H5N1)	59	21386
PB2|PP755596.1|A/cattle/Texas/24-008749-003/2024(H5N1)	60	21662
PB2|PP755596.1|A/cattle/Texas/24-008749-003/2024(H5N1)	61	21791
PB2|PP755596.1|A/cattle/Texas/24-008749-003/2024(H5N1)	62	21880
PB2|PP755596.1|A/cattle/Texas/24-008749-003/2024(H5N1)	63	21929
PB2|PP755596.1|A/cattle/Texas/24-008749-003/2024(H5N1)	64	21954
PB2|PP755596.1|A/cattle/Texas/24-008749-003/2024(H5N1)	65	22054
PB2|PP755596.1|A/cattle/Texas/24-008749-003/2024(H5N1)	66	22237
PB2|PP755596.1|A/cattle/Texas/24-008749-003/2024(H5N1)	67	22326
PB2|PP755596.1|A/cattle/Texas/24-008749-003/2024(H5N1)	68	22470
PB2|PP755596.1|A/cattle/Texas/24-008749-003/2024(H5N1)	69	22500
PB2|PP755596.1|A/cattle/Texas/24-008749-003/2024(H5N1)	70	22498
PB2|PP755596.1|A/cattle/Texas/24-008749-003/2024(H5N1)	71	22857
PB2|PP755596.1|A/cattle/Texas/24-008749-003/2024(H5N1)	72	22919
PB2|PP755596.1|A/cattle/Texas/24-008749-003/2024(H5N1)	73	23419
PB2|PP755596.1|A/cattle/Texas/24-008749-003/2024(H5N1)	74	23528
PB2|PP755596.1|A/cattle/Texas/24-008749-003/2024(H5N1)	75	23815
PB2|PP755596.1|A/cattle/Texas/24-008749-003/2024(H5N1)	76	23836
PB2|PP755596.1|A/cattle/Texas/24-008749-003/2024(H5N1)	77	23818
PB2|PP755596.1|A/cattle/Texas/24-008749-003/2024(H5N1)	78	24055
PB2|PP755596.1|A/cattle/Texas/24-008749-003/2024(H5N1)	79	24173
PB2|PP755596.1|A/cattle/Texas/24-008749-003/2024(H5N1)	80	24127
PB2|PP755596.1|A/cattle/Texas/24-008749-003/2024(H5N1)	81	24230
PB2|PP755596.1|A/cattle/Texas/24-008749-003/2024(H5N1)	82	24083
PB2|PP755596.1|A/cattle/Texas/24-008749-003/2024(H5N1)	83	24128
PB2|PP755596.1|A/cattle/Texas/24-008749-003/2024(H5N1)	84	24147
PB2|PP755596.1|A/cattle/Texas/24-008749-003/2024(H5N1)	85	24481
PB2|PP755596.1|A/cattle/Texas/24-008749-003/2024(H5N1)	86	24568
PB2|PP755596.1|A/cattle/Texas/24-008749-003/2024(H5N1)	87	24619
PB2|PP755596.1|A/cattle/Texas/24-008749-003/2024(H5N1)	88	24515
PB2|PP755596.1|A/cattle/Texas/24-008749-003/2024(H5N1)	89	24705
PB2|PP755596.1|A/cattle/Texas/24-008749-003/2024(H5N1)	90	24266
PB2|PP755596.1|A/cattle/Texas/24-008749-003/2024(H5N1)	91	23116
PB2|PP755596.1|A/cattle/Texas/24-008749-003/2024(H5N1)	92	22743
PB2|PP755596.1|A/cattle/Texas/24-008749-003/2024(H5N1)	93	22706
PB2|PP755596.1|A/cattle/Texas/24-008749-003/2024(H5N1)	94	22608
PB2|PP755596.1|A/cattle/Texas/24-008749-003/2024(H5N1)	95	22585
PB2|PP755596.1|A/cattle/Texas/24-008749-003/2024(H5N1)	96	22744
PB2|PP755596.1|A/cattle/Texas/24-008749-003/2024(H5N1)	97	22945
PB2|PP755596.1|A/cattle/Texas/24-008749-003/2024(H5N1)	98	22923
PB2|PP755596.1|A/cattle/Texas/24-008749-003/2024(H5N1)	99	23361
PB2|PP755596.1|A/cattle/Texas/24-008749-003/2024(H5N1)	100	23364
PB2|PP755596.1|A/cattle/Texas/24-008749-003/2024(H5N1)	101	23183
PB2|PP755596.1|A/cattle/Texas/24-008749-003/2024(H5N1)	102	22291
PB2|PP755596.1|A/cattle/Texas/24-008749-003/2024(H5N1)	103	22276
PB2|PP755596.1|A/cattle/Texas/24-008749-003/2024(H5N1)	104	22617
PB2|PP755596.1|A/cattle/Texas/24-008749-003/2024(H5N1)	105	22538
PB2|PP755596.1|A/cattle/Texas/24-008749-003/2024(H5N1)	106	22527
PB2|PP755596.1|A/cattle/Texas/24-008749-003/2024(H5N1)	107	22535
PB2|PP755596.1|A/cattle/Texas/24-008749-003/2024(H5N1)	108	22261
PB2|PP755596.1|A/cattle/Texas/24-008749-003/2024(H5N1)	109	22300
PB2|PP755596.1|A/cattle/Texas/24-008749-003/2024(H5N1)	110	22366
PB2|PP755596.1|A/cattle/Texas/24-008749-003/2024(H5N1)	111	22457
PB2|PP755596.1|A/cattle/Texas/24-008749-003/2024(H5N1)	112	22453
PB2|PP755596.1|A/cattle/Texas/24-008749-003/2024(H5N1)	113	21821
PB2|PP755596.1|A/cattle/Texas/24-008749-003/2024(H5N1)	114	21778
PB2|PP755596.1|A/cattle/Texas/24-008749-003/2024(H5N1)	115	22059
PB2|PP755596.1|A/cattle/Texas/24-008749-003/2024(H5N1)	116	22067
PB2|PP755596.1|A/cattle/Texas/24-008749-003/2024(H5N1)	117	22080
PB2|PP755596.1|A/cattle/Texas/24-008749-003/2024(H5N1)	118	22420
PB2|PP755596.1|A/cattle/Texas/24-008749-003/2024(H5N1)	119	22629
PB2|PP755596.1|A/cattle/Texas/24-008749-003/2024(H5N1)	120	22693
PB2|PP755596.1|A/cattle/Texas/24-008749-003/2024(H5N1)	121	22882
PB2|PP755596.1|A/cattle/Texas/24-008749-003/2024(H5N1)	122	22732
PB2|PP755596.1|A/cattle/Texas/24-008749-003/2024(H5N1)	123	22566
PB2|PP755596.1|A/cattle/Texas/24-008749-003/2024(H5N1)	124	20002
PB2|PP755596.1|A/cattle/Texas/24-008749-003/2024(H5N1)	125	19523
PB2|PP755596.1|A/cattle/Texas/24-008749-003/2024(H5N1)	126	18451
PB2|PP755596.1|A/cattle/Texas/24-008749-003/2024(H5N1)	127	18335
PB2|PP755596.1|A/cattle/Texas/24-008749-003/2024(H5N1)	128	18326
PB2|PP755596.1|A/cattle/Texas/24-008749-003/2024(H5N1)	129	18366
PB2|PP755596.1|A/cattle/Texas/24-008749-003/2024(H5N1)	130	18378
PB2|PP755596.1|A/cattle/Texas/24-008749-003/2024(H5N1)	131	18405
PB2|PP755596.1|A/cattle/Texas/24-008749-003/2024(H5N1)	132	18380
PB2|PP755596.1|A/cattle/Texas/24-008749-003/2024(H5N1)	133	17816
PB2|PP755596.1|A/cattle/Texas/24-008749-003/2024(H5N1)	134	17601
PB2|PP755596.1|A/cattle/Texas/24-008749-003/2024(H5N1)	135	17546
PB2|PP755596.1|A/cattle/Texas/24-008749-003/2024(H5N1)	136	17483
PB2|PP755596.1|A/cattle/Texas/24-008749-003/2024(H5N1)	137	17600
PB2|PP755596.1|A/cattle/Texas/24-008749-003/2024(H5N1)	138	17452
PB2|PP755596.1|A/cattle/Texas/24-008749-003/2024(H5N1)	139	17439
PB2|PP755596.1|A/cattle/Texas/24-008749-003/2024(H5N1)	140	17012
PB2|PP755596.1|A/cattle/Texas/24-008749-003/2024(H5N1)	141	17022
PB2|PP755596.1|A/cattle/Texas/24-008749-003/2024(H5N1)	142	17054
PB2|PP755596.1|A/cattle/Texas/24-008749-003/2024(H5N1)	143	16961
PB2|PP755596.1|A/cattle/Texas/24-008749-003/2024(H5N1)	144	16934
PB2|PP755596.1|A/cattle/Texas/24-008749-003/2024(H5N1)	145	16674
PB2|PP755596.1|A/cattle/Texas/24-008749-003/2024(H5N1)	146	16087
PB2|PP755596.1|A/cattle/Texas/24-008749-003/2024(H5N1)	147	16039
PB2|PP755596.1|A/cattle/Texas/24-008749-003/2024(H5N1)	148	15908
PB2|PP755596.1|A/cattle/Texas/24-008749-003/2024(H5N1)	149	15825
PB2|PP755596.1|A/cattle/Texas/24-008749-003/2024(H5N1)	150	15597
PB2|PP755596.1|A/cattle/Texas/24-008749-003/2024(H5N1)	151	15432
PB2|PP755596.1|A/cattle/Texas/24-008749-003/2024(H5N1)	152	15447
PB2|PP755596.1|A/cattle/Texas/24-008749-003/2024(H5N1)	153	15446
PB2|PP755596.1|A/cattle/Texas/24-008749-003/2024(H5N1)	154	15343
PB2|PP755596.1|A/cattle/Texas/24-008749-003/2024(H5N1)	155	15351
PB2|PP755596.1|A/cattle/Texas/24-008749-003/2024(H5N1)	156	15297
PB2|PP755596.1|A/cattle/Texas/24-008749-003/2024(H5N1)	157	15248
PB2|PP755596.1|A/cattle/Texas/24-008749-003/2024(H5N1)	158	15244
PB2|PP755596.1|A/cattle/Texas/24-008749-003/2024(H5N1)	159	14629
PB2|PP755596.1|A/cattle/Texas/24-008749-003/2024(H5N1)	160	14639
PB2|PP755596.1|A/cattle/Texas/24-008749-003/2024(H5N1)	161	14536
PB2|PP755596.1|A/cattle/Texas/24-008749-003/2024(H5N1)	162	7201
PB2|PP755596.1|A/cattle/Texas/24-008749-003/2024(H5N1)	163	6731
PB2|PP755596.1|A/cattle/Texas/24-008749-003/2024(H5N1)	164	6232
PB2|PP755596.1|A/cattle/Texas/24-008749-003/2024(H5N1)	165	5094
PB2|PP755596.1|A/cattle/Texas/24-008749-003/2024(H5N1)	166	4891
PB2|PP755596.1|A/cattle/Texas/24-008749-003/2024(H5N1)	167	4889
PB2|PP755596.1|A/cattle/Texas/24-008749-003/2024(H5N1)	168	4870
PB2|PP755596.1|A/cattle/Texas/24-008749-003/2024(H5N1)	169	4858
PB2|PP755596.1|A/cattle/Texas/24-008749-003/2024(H5N1)	170	4861
PB2|PP755596.1|A/cattle/Texas/24-008749-003/2024(H5N1)	171	4844
PB2|PP755596.1|A/cattle/Texas/24-008749-003/2024(H5N1)	172	4813
PB2|PP755596.1|A/cattle/Texas/24-008749-003/2024(H5N1)	173	4872
PB2|PP755596.1|A/cattle/Texas/24-008749-003/2024(H5N1)	174	4808
PB2|PP755596.1|A/cattle/Texas/24-008749-003/2024(H5N1)	175	4817
PB2|PP755596.1|A/cattle/Texas/24-008749-003/2024(H5N1)	176	4746
PB2|PP755596.1|A/cattle/Texas/24-008749-003/2024(H5N1)	177	4711
PB2|PP755596.1|A/cattle/Texas/24-008749-003/2024(H5N1)	178	4691
PB2|PP755596.1|A/cattle/Texas/24-008749-003/2024(H5N1)	179	4744
PB2|PP755596.1|A/cattle/Texas/24-008749-003/2024(H5N1)	180	4762
PB2|PP755596.1|A/cattle/Texas/24-008749-003/2024(H5N1)	181	4759
PB2|PP755596.1|A/cattle/Texas/24-008749-003/2024(H5N1)	182	4698
PB2|PP755596.1|A/cattle/Texas/24-008749-003/2024(H5N1)	183	4652
PB2|PP755596.1|A/cattle/Texas/24-008749-003/2024(H5N1)	184	4634
PB2|PP755596.1|A/cattle/Texas/24-008749-003/2024(H5N1)	185	4640
PB2|PP755596.1|A/cattle/Texas/24-008749-003/2024(H5N1)	186	4663
PB2|PP755596.1|A/cattle/Texas/24-008749-003/2024(H5N1)	187	4667
PB2|PP755596.1|A/cattle/Texas/24-008749-003/2024(H5N1)	188	4696
PB2|PP755596.1|A/cattle/Texas/24-008749-003/2024(H5N1)	189	4623
PB2|PP755596.1|A/cattle/Texas/24-008749-003/2024(H5N1)	190	4641
PB2|PP755596.1|A/cattle/Texas/24-008749-003/2024(H5N1)	191	4611
PB2|PP755596.1|A/cattle/Texas/24-008749-003/2024(H5N1)	192	4599
PB2|PP755596.1|A/cattle/Texas/24-008749-003/2024(H5N1)	193	4603
PB2|PP755596.1|A/cattle/Texas/24-008749-003/2024(H5N1)	194	4592
PB2|PP755596.1|A/cattle/Texas/24-008749-003/2024(H5N1)	195	4602
PB2|PP755596.1|A/cattle/Texas/24-008749-003/2024(H5N1)	196	4598
PB2|PP755596.1|A/cattle/Texas/24-008749-003/2024(H5N1)	197	4597
PB2|PP755596.1|A/cattle/Texas/24-008749-003/2024(H5N1)	198	4567
PB2|PP755596.1|A/cattle/Texas/24-008749-003/2024(H5N1)	199	4446
PB2|PP755596.1|A/cattle/Texas/24-008749-003/2024(H5N1)	200	4407
PB2|PP755596.1|A/cattle/Texas/24-008749-003/2024(H5N1)	201	4403
PB2|PP755596.1|A/cattle/Texas/24-008749-003/2024(H5N1)	202	4418
PB2|PP755596.1|A/cattle/Texas/24-008749-003/2024(H5N1)	203	4310
PB2|PP755596.1|A/cattle/Texas/24-008749-003/2024(H5N1)	204	4316
PB2|PP755596.1|A/cattle/Texas/24-008749-003/2024(H5N1)	205	4041
PB2|PP755596.1|A/cattle/Texas/24-008749-003/2024(H5N1)	206	4011
PB2|PP755596.1|A/cattle/Texas/24-008749-003/2024(H5N1)	207	3954
PB2|PP755596.1|A/cattle/Texas/24-008749-003/2024(H5N1)	208	3918
PB2|PP755596.1|A/cattle/Texas/24-008749-003/2024(H5N1)	209	3919
PB2|PP755596.1|A/cattle/Texas/24-008749-003/2024(H5N1)	210	3931
PB2|PP755596.1|A/cattle/Texas/24-008749-003/2024(H5N1)	211	3876
PB2|PP755596.1|A/cattle/Texas/24-008749-003/2024(H5N1)	212	3844
PB2|PP755596.1|A/cattle/Texas/24-008749-003/2024(H5N1)	213	3847
PB2|PP755596.1|A/cattle/Texas/24-008749-003/2024(H5N1)	214	3867
PB2|PP755596.1|A/cattle/Texas/24-008749-003/2024(H5N1)	215	3877
PB2|PP755596.1|A/cattle/Texas/24-008749-003/2024(H5N1)	216	3870
PB2|PP755596.1|A/cattle/Texas/24-008749-003/2024(H5N1)	217	3571
PB2|PP755596.1|A/cattle/Texas/24-008749-003/2024(H5N1)	218	3530
PB2|PP755596.1|A/cattle/Texas/24-008749-003/2024(H5N1)	219	3505
PB2|PP755596.1|A/cattle/Texas/24-008749-003/2024(H5N1)	220	3568
PB2|PP755596.1|A/cattle/Texas/24-008749-003/2024(H5N1)	221	3589
PB2|PP755596.1|A/cattle/Texas/24-008749-003/2024(H5N1)	222	3560
PB2|PP755596.1|A/cattle/Texas/24-008749-003/2024(H5N1)	223	3449
PB2|PP755596.1|A/cattle/Texas/24-008749-003/2024(H5N1)	224	3416
PB2|PP755596.1|A/cattle/Texas/24-008749-003/2024(H5N1)	225	3420
PB2|PP755596.1|A/cattle/Texas/24-008749-003/2024(H5N1)	226	3433
PB2|PP755596.1|A/cattle/Texas/24-008749-003/2024(H5N1)	227	3440
PB2|PP755596.1|A/cattle/Texas/24-008749-003/2024(H5N1)	228	3411
PB2|PP755596.1|A/cattle/Texas/24-008749-003/2024(H5N1)	229	3453
PB2|PP755596.1|A/cattle/Texas/24-008749-003/2024(H5N1)	230	3404
PB2|PP755596.1|A/cattle/Texas/24-008749-003/2024(H5N1)	231	3403
PB2|PP755596.1|A/cattle/Texas/24-008749-003/2024(H5N1)	232	3400
PB2|PP755596.1|A/cattle/Texas/24-008749-003/2024(H5N1)	233	3401
PB2|PP755596.1|A/cattle/Texas/24-008749-003/2024(H5N1)	234	3426
PB2|PP755596.1|A/cattle/Texas/24-008749-003/2024(H5N1)	235	3378
PB2|PP755596.1|A/cattle/Texas/24-008749-003/2024(H5N1)	236	3336
PB2|PP755596.1|A/cattle/Texas/24-008749-003/2024(H5N1)	237	3346
PB2|PP755596.1|A/cattle/Texas/24-008749-003/2024(H5N1)	238	3300
PB2|PP755596.1|A/cattle/Texas/24-008749-003/2024(H5N1)	239	3328
PB2|PP755596.1|A/cattle/Texas/24-008749-003/2024(H5N1)	240	3326
PB2|PP755596.1|A/cattle/Texas/24-008749-003/2024(H5N1)	241	3329
PB2|PP755596.1|A/cattle/Texas/24-008749-003/2024(H5N1)	242	3281
PB2|PP755596.1|A/cattle/Texas/24-008749-003/2024(H5N1)	243	3280
PB2|PP755596.1|A/cattle/Texas/24-008749-003/2024(H5N1)	244	3306
PB2|PP755596.1|A/cattle/Texas/24-008749-003/2024(H5N1)	245	3399
PB2|PP755596.1|A/cattle/Texas/24-008749-003/2024(H5N1)	246	3398
PB2|PP755596.1|A/cattle/Texas/24-008749-003/2024(H5N1)	247	3357
PB2|PP755596.1|A/cattle/Texas/24-008749-003/2024(H5N1)	248	3321
PB2|PP755596.1|A/cattle/Texas/24-008749-003/2024(H5N1)	249	3310
PB2|PP755596.1|A/cattle/Texas/24-008749-003/2024(H5N1)	250	3196
PB2|PP755596.1|A/cattle/Texas/24-008749-003/2024(H5N1)	251	3214
PB2|PP755596.1|A/cattle/Texas/24-008749-003/2024(H5N1)	252	3208
PB2|PP755596.1|A/cattle/Texas/24-008749-003/2024(H5N1)	253	3315
PB2|PP755596.1|A/cattle/Texas/24-008749-003/2024(H5N1)	254	3315
PB2|PP755596.1|A/cattle/Texas/24-008749-003/2024(H5N1)	255	3294
PB2|PP755596.1|A/cattle/Texas/24-008749-003/2024(H5N1)	256	3294
PB2|PP755596.1|A/cattle/Texas/24-008749-003/2024(H5N1)	257	3293
PB2|PP755596.1|A/cattle/Texas/24-008749-003/2024(H5N1)	258	3288
PB2|PP755596.1|A/cattle/Texas/24-008749-003/2024(H5N1)	259	3324
PB2|PP755596.1|A/cattle/Texas/24-008749-003/2024(H5N1)	260	3337
PB2|PP755596.1|A/cattle/Texas/24-008749-003/2024(H5N1)	261	3338
PB2|PP755596.1|A/cattle/Texas/24-008749-003/2024(H5N1)	262	3089
PB2|PP755596.1|A/cattle/Texas/24-008749-003/2024(H5N1)	263	3184
PB2|PP755596.1|A/cattle/Texas/24-008749-003/2024(H5N1)	264	3143
PB2|PP755596.1|A/cattle/Texas/24-008749-003/2024(H5N1)	265	3185
PB2|PP755596.1|A/cattle/Texas/24-008749-003/2024(H5N1)	266	3148
PB2|PP755596.1|A/cattle/Texas/24-008749-003/2024(H5N1)	267	3126
PB2|PP755596.1|A/cattle/Texas/24-008749-003/2024(H5N1)	268	3069
PB2|PP755596.1|A/cattle/Texas/24-008749-003/2024(H5N1)	269	3008
PB2|PP755596.1|A/cattle/Texas/24-008749-003/2024(H5N1)	270	3020
PB2|PP755596.1|A/cattle/Texas/24-008749-003/2024(H5N1)	271	3084
PB2|PP755596.1|A/cattle/Texas/24-008749-003/2024(H5N1)	272	3014
PB2|PP755596.1|A/cattle/Texas/24-008749-003/2024(H5N1)	273	3003
PB2|PP755596.1|A/cattle/Texas/24-008749-003/2024(H5N1)	274	2941
PB2|PP755596.1|A/cattle/Texas/24-008749-003/2024(H5N1)	275	2856
PB2|PP755596.1|A/cattle/Texas/24-008749-003/2024(H5N1)	276	2878
PB2|PP755596.1|A/cattle/Texas/24-008749-003/2024(H5N1)	277	2984
PB2|PP755596.1|A/cattle/Texas/24-008749-003/2024(H5N1)	278	2982
PB2|PP755596.1|A/cattle/Texas/24-008749-003/2024(H5N1)	279	2965
PB2|PP755596.1|A/cattle/Texas/24-008749-003/2024(H5N1)	280	2865
PB2|PP755596.1|A/cattle/Texas/24-008749-003/2024(H5N1)	281	2841
PB2|PP755596.1|A/cattle/Texas/24-008749-003/2024(H5N1)	282	2891
PB2|PP755596.1|A/cattle/Texas/24-008749-003/2024(H5N1)	283	2856
PB2|PP755596.1|A/cattle/Texas/24-008749-003/2024(H5N1)	284	2795
PB2|PP755596.1|A/cattle/Texas/24-008749-003/2024(H5N1)	285	2764
PB2|PP755596.1|A/cattle/Texas/24-008749-003/2024(H5N1)	286	2732
PB2|PP755596.1|A/cattle/Texas/24-008749-003/2024(H5N1)	287	2709
PB2|PP755596.1|A/cattle/Texas/24-008749-003/2024(H5N1)	288	2711
PB2|PP755596.1|A/cattle/Texas/24-008749-003/2024(H5N1)	289	2721
PB2|PP755596.1|A/cattle/Texas/24-008749-003/2024(H5N1)	290	2743
PB2|PP755596.1|A/cattle/Texas/24-008749-003/2024(H5N1)	291	2660
PB2|PP755596.1|A/cattle/Texas/24-008749-003/2024(H5N1)	292	2644
PB2|PP755596.1|A/cattle/Texas/24-008749-003/2024(H5N1)	293	2619
PB2|PP755596.1|A/cattle/Texas/24-008749-003/2024(H5N1)	294	2632
PB2|PP755596.1|A/cattle/Texas/24-008749-003/2024(H5N1)	295	2784
PB2|PP755596.1|A/cattle/Texas/24-008749-003/2024(H5N1)	296	2787
PB2|PP755596.1|A/cattle/Texas/24-008749-003/2024(H5N1)	297	2824
PB2|PP755596.1|A/cattle/Texas/24-008749-003/2024(H5N1)	298	2812
PB2|PP755596.1|A/cattle/Texas/24-008749-003/2024(H5N1)	299	2813
PB2|PP755596.1|A/cattle/Texas/24-008749-003/2024(H5N1)	300	2824
PB2|PP755596.1|A/cattle/Texas/24-008749-003/2024(H5N1)	301	2822
PB2|PP755596.1|A/cattle/Texas/24-008749-003/2024(H5N1)	302	2847
PB2|PP755596.1|A/cattle/Texas/24-008749-003/2024(H5N1)	303	2842
PB2|PP755596.1|A/cattle/Texas/24-008749-003/2024(H5N1)	304	2828
PB2|PP755596.1|A/cattle/Texas/24-008749-003/2024(H5N1)	305	2912
PB2|PP755596.1|A/cattle/Texas/24-008749-003/2024(H5N1)	306	2836
PB2|PP755596.1|A/cattle/Texas/24-008749-003/2024(H5N1)	307	2818
PB2|PP755596.1|A/cattle/Texas/24-008749-003/2024(H5N1)	308	2803
PB2|PP755596.1|A/cattle/Texas/24-008749-003/2024(H5N1)	309	2801
PB2|PP755596.1|A/cattle/Texas/24-008749-003/2024(H5N1)	310	2856
PB2|PP755596.1|A/cattle/Texas/24-008749-003/2024(H5N1)	311	2799
PB2|PP755596.1|A/cattle/Texas/24-008749-003/2024(H5N1)	312	2809
PB2|PP755596.1|A/cattle/Texas/24-008749-003/2024(H5N1)	313	2810
PB2|PP755596.1|A/cattle/Texas/24-008749-003/2024(H5N1)	314	2853
PB2|PP755596.1|A/cattle/Texas/24-008749-003/2024(H5N1)	315	2874
PB2|PP755596.1|A/cattle/Texas/24-008749-003/2024(H5N1)	316	2855
PB2|PP755596.1|A/cattle/Texas/24-008749-003/2024(H5N1)	317	2880
PB2|PP755596.1|A/cattle/Texas/24-008749-003/2024(H5N1)	318	2875
PB2|PP755596.1|A/cattle/Texas/24-008749-003/2024(H5N1)	319	2848
PB2|PP755596.1|A/cattle/Texas/24-008749-003/2024(H5N1)	320	2912
PB2|PP755596.1|A/cattle/Texas/24-008749-003/2024(H5N1)	321	2916
PB2|PP755596.1|A/cattle/Texas/24-008749-003/2024(H5N1)	322	2910
PB2|PP755596.1|A/cattle/Texas/24-008749-003/2024(H5N1)	323	2859
PB2|PP755596.1|A/cattle/Texas/24-008749-003/2024(H5N1)	324	2773
PB2|PP755596.1|A/cattle/Texas/24-008749-003/2024(H5N1)	325	2794
PB2|PP755596.1|A/cattle/Texas/24-008749-003/2024(H5N1)	326	2831
PB2|PP755596.1|A/cattle/Texas/24-008749-003/2024(H5N1)	327	2848
PB2|PP755596.1|A/cattle/Texas/24-008749-003/2024(H5N1)	328	2844
PB2|PP755596.1|A/cattle/Texas/24-008749-003/2024(H5N1)	329	2785
PB2|PP755596.1|A/cattle/Texas/24-008749-003/2024(H5N1)	330	2790
PB2|PP755596.1|A/cattle/Texas/24-008749-003/2024(H5N1)	331	2780
PB2|PP755596.1|A/cattle/Texas/24-008749-003/2024(H5N1)	332	2936
PB2|PP755596.1|A/cattle/Texas/24-008749-003/2024(H5N1)	333	2944
PB2|PP755596.1|A/cattle/Texas/24-008749-003/2024(H5N1)	334	2912
PB2|PP755596.1|A/cattle/Texas/24-008749-003/2024(H5N1)	335	2902
PB2|PP755596.1|A/cattle/Texas/24-008749-003/2024(H5N1)	336	2889
PB2|PP755596.1|A/cattle/Texas/24-008749-003/2024(H5N1)	337	2897
PB2|PP755596.1|A/cattle/Texas/24-008749-003/2024(H5N1)	338	2889
PB2|PP755596.1|A/cattle/Texas/24-008749-003/2024(H5N1)	339	2937
PB2|PP755596.1|A/cattle/Texas/24-008749-003/2024(H5N1)	340	3006
PB2|PP755596.1|A/cattle/Texas/24-008749-003/2024(H5N1)	341	2817
PB2|PP755596.1|A/cattle/Texas/24-008749-003/2024(H5N1)	342	2820
PB2|PP755596.1|A/cattle/Texas/24-008749-003/2024(H5N1)	343	2817
PB2|PP755596.1|A/cattle/Texas/24-008749-003/2024(H5N1)	344	2813
PB2|PP755596.1|A/cattle/Texas/24-008749-003/2024(H5N1)	345	2806
PB2|PP755596.1|A/cattle/Texas/24-008749-003/2024(H5N1)	346	2807
PB2|PP755596.1|A/cattle/Texas/24-008749-003/2024(H5N1)	347	2815
PB2|PP755596.1|A/cattle/Texas/24-008749-003/2024(H5N1)	348	2792
PB2|PP755596.1|A/cattle/Texas/24-008749-003/2024(H5N1)	349	2791
PB2|PP755596.1|A/cattle/Texas/24-008749-003/2024(H5N1)	350	2778
PB2|PP755596.1|A/cattle/Texas/24-008749-003/2024(H5N1)	351	2772
PB2|PP755596.1|A/cattle/Texas/24-008749-003/2024(H5N1)	352	2772
PB2|PP755596.1|A/cattle/Texas/24-008749-003/2024(H5N1)	353	2759
PB2|PP755596.1|A/cattle/Texas/24-008749-003/2024(H5N1)	354	2733
PB2|PP755596.1|A/cattle/Texas/24-008749-003/2024(H5N1)	355	2734
PB2|PP755596.1|A/cattle/Texas/24-008749-003/2024(H5N1)	356	2731
PB2|PP755596.1|A/cattle/Texas/24-008749-003/2024(H5N1)	357	2733
PB2|PP755596.1|A/cattle/Texas/24-008749-003/2024(H5N1)	358	2728
PB2|PP755596.1|A/cattle/Texas/24-008749-003/2024(H5N1)	359	2722
PB2|PP755596.1|A/cattle/Texas/24-008749-003/2024(H5N1)	360	2706
PB2|PP755596.1|A/cattle/Texas/24-008749-003/2024(H5N1)	361	2696
PB2|PP755596.1|A/cattle/Texas/24-008749-003/2024(H5N1)	362	2695
PB2|PP755596.1|A/cattle/Texas/24-008749-003/2024(H5N1)	363	2697
PB2|PP755596.1|A/cattle/Texas/24-008749-003/2024(H5N1)	364	2730
PB2|PP755596.1|A/cattle/Texas/24-008749-003/2024(H5N1)	365	2705
PB2|PP755596.1|A/cattle/Texas/24-008749-003/2024(H5N1)	366	2693
PB2|PP755596.1|A/cattle/Texas/24-008749-003/2024(H5N1)	367	2694
PB2|PP755596.1|A/cattle/Texas/24-008749-003/2024(H5N1)	368	2695
PB2|PP755596.1|A/cattle/Texas/24-008749-003/2024(H5N1)	369	2695
PB2|PP755596.1|A/cattle/Texas/24-008749-003/2024(H5N1)	370	2694
PB2|PP755596.1|A/cattle/Texas/24-008749-003/2024(H5N1)	371	2688
PB2|PP755596.1|A/cattle/Texas/24-008749-003/2024(H5N1)	372	2746
PB2|PP755596.1|A/cattle/Texas/24-008749-003/2024(H5N1)	373	2741
PB2|PP755596.1|A/cattle/Texas/24-008749-003/2024(H5N1)	374	2740
PB2|PP755596.1|A/cattle/Texas/24-008749-003/2024(H5N1)	375	2740
PB2|PP755596.1|A/cattle/Texas/24-008749-003/2024(H5N1)	376	2755
PB2|PP755596.1|A/cattle/Texas/24-008749-003/2024(H5N1)	377	2746
PB2|PP755596.1|A/cattle/Texas/24-008749-003/2024(H5N1)	378	2750
PB2|PP755596.1|A/cattle/Texas/24-008749-003/2024(H5N1)	379	2732
PB2|PP755596.1|A/cattle/Texas/24-008749-003/2024(H5N1)	380	2702
PB2|PP755596.1|A/cattle/Texas/24-008749-003/2024(H5N1)	381	2704
PB2|PP755596.1|A/cattle/Texas/24-008749-003/2024(H5N1)	382	2692
PB2|PP755596.1|A/cattle/Texas/24-008749-003/2024(H5N1)	383	2704
PB2|PP755596.1|A/cattle/Texas/24-008749-003/2024(H5N1)	384	2703
PB2|PP755596.1|A/cattle/Texas/24-008749-003/2024(H5N1)	385	2717
PB2|PP755596.1|A/cattle/Texas/24-008749-003/2024(H5N1)	386	2829
PB2|PP755596.1|A/cattle/Texas/24-008749-003/2024(H5N1)	387	2871
PB2|PP755596.1|A/cattle/Texas/24-008749-003/2024(H5N1)	388	2842
PB2|PP755596.1|A/cattle/Texas/24-008749-003/2024(H5N1)	389	2842
PB2|PP755596.1|A/cattle/Texas/24-008749-003/2024(H5N1)	390	2816
PB2|PP755596.1|A/cattle/Texas/24-008749-003/2024(H5N1)	391	2809
PB2|PP755596.1|A/cattle/Texas/24-008749-003/2024(H5N1)	392	2853
PB2|PP755596.1|A/cattle/Texas/24-008749-003/2024(H5N1)	393	2843
PB2|PP755596.1|A/cattle/Texas/24-008749-003/2024(H5N1)	394	2833
PB2|PP755596.1|A/cattle/Texas/24-008749-003/2024(H5N1)	395	2775
PB2|PP755596.1|A/cattle/Texas/24-008749-003/2024(H5N1)	396	2640
PB2|PP755596.1|A/cattle/Texas/24-008749-003/2024(H5N1)	397	2693
PB2|PP755596.1|A/cattle/Texas/24-008749-003/2024(H5N1)	398	2699
PB2|PP755596.1|A/cattle/Texas/24-008749-003/2024(H5N1)	399	2703
PB2|PP755596.1|A/cattle/Texas/24-008749-003/2024(H5N1)	400	2699
PB2|PP755596.1|A/cattle/Texas/24-008749-003/2024(H5N1)	401	2657
PB2|PP755596.1|A/cattle/Texas/24-008749-003/2024(H5N1)	402	2625
PB2|PP755596.1|A/cattle/Texas/24-008749-003/2024(H5N1)	403	2603
PB2|PP755596.1|A/cattle/Texas/24-008749-003/2024(H5N1)	404	2622
PB2|PP755596.1|A/cattle/Texas/24-008749-003/2024(H5N1)	405	2611
PB2|PP755596.1|A/cattle/Texas/24-008749-003/2024(H5N1)	406	2562
PB2|PP755596.1|A/cattle/Texas/24-008749-003/2024(H5N1)	407	2564
PB2|PP755596.1|A/cattle/Texas/24-008749-003/2024(H5N1)	408	2556
PB2|PP755596.1|A/cattle/Texas/24-008749-003/2024(H5N1)	409	2560
PB2|PP755596.1|A/cattle/Texas/24-008749-003/2024(H5N1)	410	2525
PB2|PP755596.1|A/cattle/Texas/24-008749-003/2024(H5N1)	411	2503
PB2|PP755596.1|A/cattle/Texas/24-008749-003/2024(H5N1)	412	2502
PB2|PP755596.1|A/cattle/Texas/24-008749-003/2024(H5N1)	413	2496
PB2|PP755596.1|A/cattle/Texas/24-008749-003/2024(H5N1)	414	2452
PB2|PP755596.1|A/cattle/Texas/24-008749-003/2024(H5N1)	415	2456
PB2|PP755596.1|A/cattle/Texas/24-008749-003/2024(H5N1)	416	2421
PB2|PP755596.1|A/cattle/Texas/24-008749-003/2024(H5N1)	417	2424
PB2|PP755596.1|A/cattle/Texas/24-008749-003/2024(H5N1)	418	2424
PB2|PP755596.1|A/cattle/Texas/24-008749-003/2024(H5N1)	419	2465
PB2|PP755596.1|A/cattle/Texas/24-008749-003/2024(H5N1)	420	2473
PB2|PP755596.1|A/cattle/Texas/24-008749-003/2024(H5N1)	421	2473
PB2|PP755596.1|A/cattle/Texas/24-008749-003/2024(H5N1)	422	2405
PB2|PP755596.1|A/cattle/Texas/24-008749-003/2024(H5N1)	423	2384
PB2|PP755596.1|A/cattle/Texas/24-008749-003/2024(H5N1)	424	2371
PB2|PP755596.1|A/cattle/Texas/24-008749-003/2024(H5N1)	425	2381
PB2|PP755596.1|A/cattle/Texas/24-008749-003/2024(H5N1)	426	2389
PB2|PP755596.1|A/cattle/Texas/24-008749-003/2024(H5N1)	427	2310
PB2|PP755596.1|A/cattle/Texas/24-008749-003/2024(H5N1)	428	2278
PB2|PP755596.1|A/cattle/Texas/24-008749-003/2024(H5N1)	429	2277
PB2|PP755596.1|A/cattle/Texas/24-008749-003/2024(H5N1)	430	2279
PB2|PP755596.1|A/cattle/Texas/24-008749-003/2024(H5N1)	431	2286
PB2|PP755596.1|A/cattle/Texas/24-008749-003/2024(H5N1)	432	2297
PB2|PP755596.1|A/cattle/Texas/24-008749-003/2024(H5N1)	433	2254
PB2|PP755596.1|A/cattle/Texas/24-008749-003/2024(H5N1)	434	2242
PB2|PP755596.1|A/cattle/Texas/24-008749-003/2024(H5N1)	435	2372
PB2|PP755596.1|A/cattle/Texas/24-008749-003/2024(H5N1)	436	2376
PB2|PP755596.1|A/cattle/Texas/24-008749-003/2024(H5N1)	437	2557
PB2|PP755596.1|A/cattle/Texas/24-008749-003/2024(H5N1)	438	2558
PB2|PP755596.1|A/cattle/Texas/24-008749-003/2024(H5N1)	439	2557
PB2|PP755596.1|A/cattle/Texas/24-008749-003/2024(H5N1)	440	2560
PB2|PP755596.1|A/cattle/Texas/24-008749-003/2024(H5N1)	441	2534
PB2|PP755596.1|A/cattle/Texas/24-008749-003/2024(H5N1)	442	2545
PB2|PP755596.1|A/cattle/Texas/24-008749-003/2024(H5N1)	443	2573
PB2|PP755596.1|A/cattle/Texas/24-008749-003/2024(H5N1)	444	2552
PB2|PP755596.1|A/cattle/Texas/24-008749-003/2024(H5N1)	445	2554
PB2|PP755596.1|A/cattle/Texas/24-008749-003/2024(H5N1)	446	2357
PB2|PP755596.1|A/cattle/Texas/24-008749-003/2024(H5N1)	447	2454
PB2|PP755596.1|A/cattle/Texas/24-008749-003/2024(H5N1)	448	2437
PB2|PP755596.1|A/cattle/Texas/24-008749-003/2024(H5N1)	449	2443
PB2|PP755596.1|A/cattle/Texas/24-008749-003/2024(H5N1)	450	2443
PB2|PP755596.1|A/cattle/Texas/24-008749-003/2024(H5N1)	451	2435
PB2|PP755596.1|A/cattle/Texas/24-008749-003/2024(H5N1)	452	2544
PB2|PP755596.1|A/cattle/Texas/24-008749-003/2024(H5N1)	453	2525
PB2|PP755596.1|A/cattle/Texas/24-008749-003/2024(H5N1)	454	2551
PB2|PP755596.1|A/cattle/Texas/24-008749-003/2024(H5N1)	455	2546
PB2|PP755596.1|A/cattle/Texas/24-008749-003/2024(H5N1)	456	2484
PB2|PP755596.1|A/cattle/Texas/24-008749-003/2024(H5N1)	457	2491
PB2|PP755596.1|A/cattle/Texas/24-008749-003/2024(H5N1)	458	2561
PB2|PP755596.1|A/cattle/Texas/24-008749-003/2024(H5N1)	459	2574
PB2|PP755596.1|A/cattle/Texas/24-008749-003/2024(H5N1)	460	2573
PB2|PP755596.1|A/cattle/Texas/24-008749-003/2024(H5N1)	461	2453
PB2|PP755596.1|A/cattle/Texas/24-008749-003/2024(H5N1)	462	2457
PB2|PP755596.1|A/cattle/Texas/24-008749-003/2024(H5N1)	463	2419
PB2|PP755596.1|A/cattle/Texas/24-008749-003/2024(H5N1)	464	2485
PB2|PP755596.1|A/cattle/Texas/24-008749-003/2024(H5N1)	465	2538
PB2|PP755596.1|A/cattle/Texas/24-008749-003/2024(H5N1)	466	2524
PB2|PP755596.1|A/cattle/Texas/24-008749-003/2024(H5N1)	467	2532
PB2|PP755596.1|A/cattle/Texas/24-008749-003/2024(H5N1)	468	2519
PB2|PP755596.1|A/cattle/Texas/24-008749-003/2024(H5N1)	469	2532
PB2|PP755596.1|A/cattle/Texas/24-008749-003/2024(H5N1)	470	2538
PB2|PP755596.1|A/cattle/Texas/24-008749-003/2024(H5N1)	471	2497
PB2|PP755596.1|A/cattle/Texas/24-008749-003/2024(H5N1)	472	2503
PB2|PP755596.1|A/cattle/Texas/24-008749-003/2024(H5N1)	473	2433
PB2|PP755596.1|A/cattle/Texas/24-008749-003/2024(H5N1)	474	2433
PB2|PP755596.1|A/cattle/Texas/24-008749-003/2024(H5N1)	475	2461
PB2|PP755596.1|A/cattle/Texas/24-008749-003/2024(H5N1)	476	2474
PB2|PP755596.1|A/cattle/Texas/24-008749-003/2024(H5N1)	477	2473
PB2|PP755596.1|A/cattle/Texas/24-008749-003/2024(H5N1)	478	2462
PB2|PP755596.1|A/cattle/Texas/24-008749-003/2024(H5N1)	479	2461
PB2|PP755596.1|A/cattle/Texas/24-008749-003/2024(H5N1)	480	2552
PB2|PP755596.1|A/cattle/Texas/24-008749-003/2024(H5N1)	481	2554
PB2|PP755596.1|A/cattle/Texas/24-008749-003/2024(H5N1)	482	2652
PB2|PP755596.1|A/cattle/Texas/24-008749-003/2024(H5N1)	483	2519
PB2|PP755596.1|A/cattle/Texas/24-008749-003/2024(H5N1)	484	2500
PB2|PP755596.1|A/cattle/Texas/24-008749-003/2024(H5N1)	485	2507
PB2|PP755596.1|A/cattle/Texas/24-008749-003/2024(H5N1)	486	2535
PB2|PP755596.1|A/cattle/Texas/24-008749-003/2024(H5N1)	487	2539
PB2|PP755596.1|A/cattle/Texas/24-008749-003/2024(H5N1)	488	2552
PB2|PP755596.1|A/cattle/Texas/24-008749-003/2024(H5N1)	489	2430
PB2|PP755596.1|A/cattle/Texas/24-008749-003/2024(H5N1)	490	2429
PB2|PP755596.1|A/cattle/Texas/24-008749-003/2024(H5N1)	491	2422
PB2|PP755596.1|A/cattle/Texas/24-008749-003/2024(H5N1)	492	2419
PB2|PP755596.1|A/cattle/Texas/24-008749-003/2024(H5N1)	493	2434
PB2|PP755596.1|A/cattle/Texas/24-008749-003/2024(H5N1)	494	2441
PB2|PP755596.1|A/cattle/Texas/24-008749-003/2024(H5N1)	495	2438
PB2|PP755596.1|A/cattle/Texas/24-008749-003/2024(H5N1)	496	2438
PB2|PP755596.1|A/cattle/Texas/24-008749-003/2024(H5N1)	497	2425
PB2|PP755596.1|A/cattle/Texas/24-008749-003/2024(H5N1)	498	2421
PB2|PP755596.1|A/cattle/Texas/24-008749-003/2024(H5N1)	499	2423
PB2|PP755596.1|A/cattle/Texas/24-008749-003/2024(H5N1)	500	2463
PB2|PP755596.1|A/cattle/Texas/24-008749-003/2024(H5N1)	501	2466
PB2|PP755596.1|A/cattle/Texas/24-008749-003/2024(H5N1)	502	2450
PB2|PP755596.1|A/cattle/Texas/24-008749-003/2024(H5N1)	503	2453
PB2|PP755596.1|A/cattle/Texas/24-008749-003/2024(H5N1)	504	2459
PB2|PP755596.1|A/cattle/Texas/24-008749-003/2024(H5N1)	505	2488
PB2|PP755596.1|A/cattle/Texas/24-008749-003/2024(H5N1)	506	2502
PB2|PP755596.1|A/cattle/Texas/24-008749-003/2024(H5N1)	507	2504
PB2|PP755596.1|A/cattle/Texas/24-008749-003/2024(H5N1)	508	2513
PB2|PP755596.1|A/cattle/Texas/24-008749-003/2024(H5N1)	509	2511
PB2|PP755596.1|A/cattle/Texas/24-008749-003/2024(H5N1)	510	2518
PB2|PP755596.1|A/cattle/Texas/24-008749-003/2024(H5N1)	511	2521
PB2|PP755596.1|A/cattle/Texas/24-008749-003/2024(H5N1)	512	2587
PB2|PP755596.1|A/cattle/Texas/24-008749-003/2024(H5N1)	513	2582
PB2|PP755596.1|A/cattle/Texas/24-008749-003/2024(H5N1)	514	2591
PB2|PP755596.1|A/cattle/Texas/24-008749-003/2024(H5N1)	515	2559
PB2|PP755596.1|A/cattle/Texas/24-008749-003/2024(H5N1)	516	2555
PB2|PP755596.1|A/cattle/Texas/24-008749-003/2024(H5N1)	517	2555
PB2|PP755596.1|A/cattle/Texas/24-008749-003/2024(H5N1)	518	2563
PB2|PP755596.1|A/cattle/Texas/24-008749-003/2024(H5N1)	519	2568
PB2|PP755596.1|A/cattle/Texas/24-008749-003/2024(H5N1)	520	2567
PB2|PP755596.1|A/cattle/Texas/24-008749-003/2024(H5N1)	521	2464
PB2|PP755596.1|A/cattle/Texas/24-008749-003/2024(H5N1)	522	2463
PB2|PP755596.1|A/cattle/Texas/24-008749-003/2024(H5N1)	523	2462
PB2|PP755596.1|A/cattle/Texas/24-008749-003/2024(H5N1)	524	2470
PB2|PP755596.1|A/cattle/Texas/24-008749-003/2024(H5N1)	525	2492
PB2|PP755596.1|A/cattle/Texas/24-008749-003/2024(H5N1)	526	2506
PB2|PP755596.1|A/cattle/Texas/24-008749-003/2024(H5N1)	527	2520
PB2|PP755596.1|A/cattle/Texas/24-008749-003/2024(H5N1)	528	2519
PB2|PP755596.1|A/cattle/Texas/24-008749-003/2024(H5N1)	529	2509
PB2|PP755596.1|A/cattle/Texas/24-008749-003/2024(H5N1)	530	2497
PB2|PP755596.1|A/cattle/Texas/24-008749-003/2024(H5N1)	531	2495
PB2|PP755596.1|A/cattle/Texas/24-008749-003/2024(H5N1)	532	2507
PB2|PP755596.1|A/cattle/Texas/24-008749-003/2024(H5N1)	533	2493
PB2|PP755596.1|A/cattle/Texas/24-008749-003/2024(H5N1)	534	2494
PB2|PP755596.1|A/cattle/Texas/24-008749-003/2024(H5N1)	535	2506
PB2|PP755596.1|A/cattle/Texas/24-008749-003/2024(H5N1)	536	2424
PB2|PP755596.1|A/cattle/Texas/24-008749-003/2024(H5N1)	537	2422
PB2|PP755596.1|A/cattle/Texas/24-008749-003/2024(H5N1)	538	2423
PB2|PP755596.1|A/cattle/Texas/24-008749-003/2024(H5N1)	539	2443
PB2|PP755596.1|A/cattle/Texas/24-008749-003/2024(H5N1)	540	2439
PB2|PP755596.1|A/cattle/Texas/24-008749-003/2024(H5N1)	541	2536
PB2|PP755596.1|A/cattle/Texas/24-008749-003/2024(H5N1)	542	2506
PB2|PP755596.1|A/cattle/Texas/24-008749-003/2024(H5N1)	543	2509
PB2|PP755596.1|A/cattle/Texas/24-008749-003/2024(H5N1)	544	2520
PB2|PP755596.1|A/cattle/Texas/24-008749-003/2024(H5N1)	545	2520
PB2|PP755596.1|A/cattle/Texas/24-008749-003/2024(H5N1)	546	2542
PB2|PP755596.1|A/cattle/Texas/24-008749-003/2024(H5N1)	547	2531
PB2|PP755596.1|A/cattle/Texas/24-008749-003/2024(H5N1)	548	2483
PB2|PP755596.1|A/cattle/Texas/24-008749-003/2024(H5N1)	549	2492
PB2|PP755596.1|A/cattle/Texas/24-008749-003/2024(H5N1)	550	2513
PB2|PP755596.1|A/cattle/Texas/24-008749-003/2024(H5N1)	551	2519
PB2|PP755596.1|A/cattle/Texas/24-008749-003/2024(H5N1)	552	2519
PB2|PP755596.1|A/cattle/Texas/24-008749-003/2024(H5N1)	553	2462
PB2|PP755596.1|A/cattle/Texas/24-008749-003/2024(H5N1)	554	2514
PB2|PP755596.1|A/cattle/Texas/24-008749-003/2024(H5N1)	555	2512
PB2|PP755596.1|A/cattle/Texas/24-008749-003/2024(H5N1)	556	2521
PB2|PP755596.1|A/cattle/Texas/24-008749-003/2024(H5N1)	557	2521
PB2|PP755596.1|A/cattle/Texas/24-008749-003/2024(H5N1)	558	2514
PB2|PP755596.1|A/cattle/Texas/24-008749-003/2024(H5N1)	559	2514
PB2|PP755596.1|A/cattle/Texas/24-008749-003/2024(H5N1)	560	2504
PB2|PP755596.1|A/cattle/Texas/24-008749-003/2024(H5N1)	561	2515
PB2|PP755596.1|A/cattle/Texas/24-008749-003/2024(H5N1)	562	2533
PB2|PP755596.1|A/cattle/Texas/24-008749-003/2024(H5N1)	563	2531
PB2|PP755596.1|A/cattle/Texas/24-008749-003/2024(H5N1)	564	2531
PB2|PP755596.1|A/cattle/Texas/24-008749-003/2024(H5N1)	565	2512
PB2|PP755596.1|A/cattle/Texas/24-008749-003/2024(H5N1)	566	2506
PB2|PP755596.1|A/cattle/Texas/24-008749-003/2024(H5N1)	567	2519
PB2|PP755596.1|A/cattle/Texas/24-008749-003/2024(H5N1)	568	2559
PB2|PP755596.1|A/cattle/Texas/24-008749-003/2024(H5N1)	569	2561
PB2|PP755596.1|A/cattle/Texas/24-008749-003/2024(H5N1)	570	2519
PB2|PP755596.1|A/cattle/Texas/24-008749-003/2024(H5N1)	571	2525
PB2|PP755596.1|A/cattle/Texas/24-008749-003/2024(H5N1)	572	2529
PB2|PP755596.1|A/cattle/Texas/24-008749-003/2024(H5N1)	573	2527
PB2|PP755596.1|A/cattle/Texas/24-008749-003/2024(H5N1)	574	2542
PB2|PP755596.1|A/cattle/Texas/24-008749-003/2024(H5N1)	575	2546
PB2|PP755596.1|A/cattle/Texas/24-008749-003/2024(H5N1)	576	2529
PB2|PP755596.1|A/cattle/Texas/24-008749-003/2024(H5N1)	577	2701
PB2|PP755596.1|A/cattle/Texas/24-008749-003/2024(H5N1)	578	2699
PB2|PP755596.1|A/cattle/Texas/24-008749-003/2024(H5N1)	579	2730
PB2|PP755596.1|A/cattle/Texas/24-008749-003/2024(H5N1)	580	2716
PB2|PP755596.1|A/cattle/Texas/24-008749-003/2024(H5N1)	581	2716
PB2|PP755596.1|A/cattle/Texas/24-008749-003/2024(H5N1)	582	2719
PB2|PP755596.1|A/cattle/Texas/24-008749-003/2024(H5N1)	583	2724
PB2|PP755596.1|A/cattle/Texas/24-008749-003/2024(H5N1)	584	2789
PB2|PP755596.1|A/cattle/Texas/24-008749-003/2024(H5N1)	585	2666
PB2|PP755596.1|A/cattle/Texas/24-008749-003/2024(H5N1)	586	2496
PB2|PP755596.1|A/cattle/Texas/24-008749-003/2024(H5N1)	587	2501
PB2|PP755596.1|A/cattle/Texas/24-008749-003/2024(H5N1)	588	2537
PB2|PP755596.1|A/cattle/Texas/24-008749-003/2024(H5N1)	589	2540
PB2|PP755596.1|A/cattle/Texas/24-008749-003/2024(H5N1)	590	2544
PB2|PP755596.1|A/cattle/Texas/24-008749-003/2024(H5N1)	591	2535
PB2|PP755596.1|A/cattle/Texas/24-008749-003/2024(H5N1)	592	2566
PB2|PP755596.1|A/cattle/Texas/24-008749-003/2024(H5N1)	593	2558
PB2|PP755596.1|A/cattle/Texas/24-008749-003/2024(H5N1)	594	2521
PB2|PP755596.1|A/cattle/Texas/24-008749-003/2024(H5N1)	595	2521
PB2|PP755596.1|A/cattle/Texas/24-008749-003/2024(H5N1)	596	2535
PB2|PP755596.1|A/cattle/Texas/24-008749-003/2024(H5N1)	597	2455
PB2|PP755596.1|A/cattle/Texas/24-008749-003/2024(H5N1)	598	2499
PB2|PP755596.1|A/cattle/Texas/24-008749-003/2024(H5N1)	599	2505
PB2|PP755596.1|A/cattle/Texas/24-008749-003/2024(H5N1)	600	2574
PB2|PP755596.1|A/cattle/Texas/24-008749-003/2024(H5N1)	601	2456
PB2|PP755596.1|A/cattle/Texas/24-008749-003/2024(H5N1)	602	2450
PB2|PP755596.1|A/cattle/Texas/24-008749-003/2024(H5N1)	603	2455
PB2|PP755596.1|A/cattle/Texas/24-008749-003/2024(H5N1)	604	2463
PB2|PP755596.1|A/cattle/Texas/24-008749-003/2024(H5N1)	605	2444
PB2|PP755596.1|A/cattle/Texas/24-008749-003/2024(H5N1)	606	2466
PB2|PP755596.1|A/cattle/Texas/24-008749-003/2024(H5N1)	607	2556
PB2|PP755596.1|A/cattle/Texas/24-008749-003/2024(H5N1)	608	2547
PB2|PP755596.1|A/cattle/Texas/24-008749-003/2024(H5N1)	609	2466
PB2|PP755596.1|A/cattle/Texas/24-008749-003/2024(H5N1)	610	2453
PB2|PP755596.1|A/cattle/Texas/24-008749-003/2024(H5N1)	611	2462
PB2|PP755596.1|A/cattle/Texas/24-008749-003/2024(H5N1)	612	2475
PB2|PP755596.1|A/cattle/Texas/24-008749-003/2024(H5N1)	613	2472
PB2|PP755596.1|A/cattle/Texas/24-008749-003/2024(H5N1)	614	2487
PB2|PP755596.1|A/cattle/Texas/24-008749-003/2024(H5N1)	615	2429
PB2|PP755596.1|A/cattle/Texas/24-008749-003/2024(H5N1)	616	2342
PB2|PP755596.1|A/cattle/Texas/24-008749-003/2024(H5N1)	617	2325
PB2|PP755596.1|A/cattle/Texas/24-008749-003/2024(H5N1)	618	2356
PB2|PP755596.1|A/cattle/Texas/24-008749-003/2024(H5N1)	619	2436
PB2|PP755596.1|A/cattle/Texas/24-008749-003/2024(H5N1)	620	2420
PB2|PP755596.1|A/cattle/Texas/24-008749-003/2024(H5N1)	621	2415
PB2|PP755596.1|A/cattle/Texas/24-008749-003/2024(H5N1)	622	2417
PB2|PP755596.1|A/cattle/Texas/24-008749-003/2024(H5N1)	623	2472
PB2|PP755596.1|A/cattle/Texas/24-008749-003/2024(H5N1)	624	2486
PB2|PP755596.1|A/cattle/Texas/24-008749-003/2024(H5N1)	625	2464
PB2|PP755596.1|A/cattle/Texas/24-008749-003/2024(H5N1)	626	2453
PB2|PP755596.1|A/cattle/Texas/24-008749-003/2024(H5N1)	627	2422
PB2|PP755596.1|A/cattle/Texas/24-008749-003/2024(H5N1)	628	2462
PB2|PP755596.1|A/cattle/Texas/24-008749-003/2024(H5N1)	629	2452
PB2|PP755596.1|A/cattle/Texas/24-008749-003/2024(H5N1)	630	2452
PB2|PP755596.1|A/cattle/Texas/24-008749-003/2024(H5N1)	631	2368
PB2|PP755596.1|A/cattle/Texas/24-008749-003/2024(H5N1)	632	2297
PB2|PP755596.1|A/cattle/Texas/24-008749-003/2024(H5N1)	633	2307
PB2|PP755596.1|A/cattle/Texas/24-008749-003/2024(H5N1)	634	2310
PB2|PP755596.1|A/cattle/Texas/24-008749-003/2024(H5N1)	635	2312
PB2|PP755596.1|A/cattle/Texas/24-008749-003/2024(H5N1)	636	2322
PB2|PP755596.1|A/cattle/Texas/24-008749-003/2024(H5N1)	637	2287
PB2|PP755596.1|A/cattle/Texas/24-008749-003/2024(H5N1)	638	2286
PB2|PP755596.1|A/cattle/Texas/24-008749-003/2024(H5N1)	639	2262
PB2|PP755596.1|A/cattle/Texas/24-008749-003/2024(H5N1)	640	2260
PB2|PP755596.1|A/cattle/Texas/24-008749-003/2024(H5N1)	641	2307
PB2|PP755596.1|A/cattle/Texas/24-008749-003/2024(H5N1)	642	2297
PB2|PP755596.1|A/cattle/Texas/24-008749-003/2024(H5N1)	643	2316
PB2|PP755596.1|A/cattle/Texas/24-008749-003/2024(H5N1)	644	2297
PB2|PP755596.1|A/cattle/Texas/24-008749-003/2024(H5N1)	645	2370
PB2|PP755596.1|A/cattle/Texas/24-008749-003/2024(H5N1)	646	2382
PB2|PP755596.1|A/cattle/Texas/24-008749-003/2024(H5N1)	647	2414
PB2|PP755596.1|A/cattle/Texas/24-008749-003/2024(H5N1)	648	2435
PB2|PP755596.1|A/cattle/Texas/24-008749-003/2024(H5N1)	649	2433
PB2|PP755596.1|A/cattle/Texas/24-008749-003/2024(H5N1)	650	2417
PB2|PP755596.1|A/cattle/Texas/24-008749-003/2024(H5N1)	651	2413
PB2|PP755596.1|A/cattle/Texas/24-008749-003/2024(H5N1)	652	2412
PB2|PP755596.1|A/cattle/Texas/24-008749-003/2024(H5N1)	653	2416
PB2|PP755596.1|A/cattle/Texas/24-008749-003/2024(H5N1)	654	2447
PB2|PP755596.1|A/cattle/Texas/24-008749-003/2024(H5N1)	655	2443
PB2|PP755596.1|A/cattle/Texas/24-008749-003/2024(H5N1)	656	2412
PB2|PP755596.1|A/cattle/Texas/24-008749-003/2024(H5N1)	657	2390
PB2|PP755596.1|A/cattle/Texas/24-008749-003/2024(H5N1)	658	2399
PB2|PP755596.1|A/cattle/Texas/24-008749-003/2024(H5N1)	659	2414
PB2|PP755596.1|A/cattle/Texas/24-008749-003/2024(H5N1)	660	2418
PB2|PP755596.1|A/cattle/Texas/24-008749-003/2024(H5N1)	661	2412
PB2|PP755596.1|A/cattle/Texas/24-008749-003/2024(H5N1)	662	2371
PB2|PP755596.1|A/cattle/Texas/24-008749-003/2024(H5N1)	663	2357
PB2|PP755596.1|A/cattle/Texas/24-008749-003/2024(H5N1)	664	2371
PB2|PP755596.1|A/cattle/Texas/24-008749-003/2024(H5N1)	665	2431
PB2|PP755596.1|A/cattle/Texas/24-008749-003/2024(H5N1)	666	2435
PB2|PP755596.1|A/cattle/Texas/24-008749-003/2024(H5N1)	667	2447
PB2|PP755596.1|A/cattle/Texas/24-008749-003/2024(H5N1)	668	2454
PB2|PP755596.1|A/cattle/Texas/24-008749-003/2024(H5N1)	669	2467
PB2|PP755596.1|A/cattle/Texas/24-008749-003/2024(H5N1)	670	2467
PB2|PP755596.1|A/cattle/Texas/24-008749-003/2024(H5N1)	671	2531
PB2|PP755596.1|A/cattle/Texas/24-008749-003/2024(H5N1)	672	2540
PB2|PP755596.1|A/cattle/Texas/24-008749-003/2024(H5N1)	673	2536
PB2|PP755596.1|A/cattle/Texas/24-008749-003/2024(H5N1)	674	2537
PB2|PP755596.1|A/cattle/Texas/24-008749-003/2024(H5N1)	675	2536
PB2|PP755596.1|A/cattle/Texas/24-008749-003/2024(H5N1)	676	2516
PB2|PP755596.1|A/cattle/Texas/24-008749-003/2024(H5N1)	677	2583
PB2|PP755596.1|A/cattle/Texas/24-008749-003/2024(H5N1)	678	2602
PB2|PP755596.1|A/cattle/Texas/24-008749-003/2024(H5N1)	679	2672
PB2|PP755596.1|A/cattle/Texas/24-008749-003/2024(H5N1)	680	2672
PB2|PP755596.1|A/cattle/Texas/24-008749-003/2024(H5N1)	681	2686
PB2|PP755596.1|A/cattle/Texas/24-008749-003/2024(H5N1)	682	2681
PB2|PP755596.1|A/cattle/Texas/24-008749-003/2024(H5N1)	683	2803
PB2|PP755596.1|A/cattle/Texas/24-008749-003/2024(H5N1)	684	2809
PB2|PP755596.1|A/cattle/Texas/24-008749-003/2024(H5N1)	685	2813
PB2|PP755596.1|A/cattle/Texas/24-008749-003/2024(H5N1)	686	2806
PB2|PP755596.1|A/cattle/Texas/24-008749-003/2024(H5N1)	687	2754
PB2|PP755596.1|A/cattle/Texas/24-008749-003/2024(H5N1)	688	2730
PB2|PP755596.1|A/cattle/Texas/24-008749-003/2024(H5N1)	689	2693
PB2|PP755596.1|A/cattle/Texas/24-008749-003/2024(H5N1)	690	2685
PB2|PP755596.1|A/cattle/Texas/24-008749-003/2024(H5N1)	691	2719
PB2|PP755596.1|A/cattle/Texas/24-008749-003/2024(H5N1)	692	2595
PB2|PP755596.1|A/cattle/Texas/24-008749-003/2024(H5N1)	693	2592
PB2|PP755596.1|A/cattle/Texas/24-008749-003/2024(H5N1)	694	2573
PB2|PP755596.1|A/cattle/Texas/24-008749-003/2024(H5N1)	695	2568
PB2|PP755596.1|A/cattle/Texas/24-008749-003/2024(H5N1)	696	2650
PB2|PP755596.1|A/cattle/Texas/24-008749-003/2024(H5N1)	697	2834
PB2|PP755596.1|A/cattle/Texas/24-008749-003/2024(H5N1)	698	2850
PB2|PP755596.1|A/cattle/Texas/24-008749-003/2024(H5N1)	699	2851
PB2|PP755596.1|A/cattle/Texas/24-008749-003/2024(H5N1)	700	2812
PB2|PP755596.1|A/cattle/Texas/24-008749-003/2024(H5N1)	701	2806
PB2|PP755596.1|A/cattle/Texas/24-008749-003/2024(H5N1)	702	2802
PB2|PP755596.1|A/cattle/Texas/24-008749-003/2024(H5N1)	703	2828
PB2|PP755596.1|A/cattle/Texas/24-008749-003/2024(H5N1)	704	2826
PB2|PP755596.1|A/cattle/Texas/24-008749-003/2024(H5N1)	705	2787
PB2|PP755596.1|A/cattle/Texas/24-008749-003/2024(H5N1)	706	2774
PB2|PP755596.1|A/cattle/Texas/24-008749-003/2024(H5N1)	707	2769
PB2|PP755596.1|A/cattle/Texas/24-008749-003/2024(H5N1)	708	2805
PB2|PP755596.1|A/cattle/Texas/24-008749-003/2024(H5N1)	709	2844
PB2|PP755596.1|A/cattle/Texas/24-008749-003/2024(H5N1)	710	2858
PB2|PP755596.1|A/cattle/Texas/24-008749-003/2024(H5N1)	711	2853
PB2|PP755596.1|A/cattle/Texas/24-008749-003/2024(H5N1)	712	2844
PB2|PP755596.1|A/cattle/Texas/24-008749-003/2024(H5N1)	713	2851
PB2|PP755596.1|A/cattle/Texas/24-008749-003/2024(H5N1)	714	2845
PB2|PP755596.1|A/cattle/Texas/24-008749-003/2024(H5N1)	715	2860
PB2|PP755596.1|A/cattle/Texas/24-008749-003/2024(H5N1)	716	2862
PB2|PP755596.1|A/cattle/Texas/24-008749-003/2024(H5N1)	717	2836
PB2|PP755596.1|A/cattle/Texas/24-008749-003/2024(H5N1)	718	2797
PB2|PP755596.1|A/cattle/Texas/24-008749-003/2024(H5N1)	719	2788
PB2|PP755596.1|A/cattle/Texas/24-008749-003/2024(H5N1)	720	2789
PB2|PP755596.1|A/cattle/Texas/24-008749-003/2024(H5N1)	721	2839
PB2|PP755596.1|A/cattle/Texas/24-008749-003/2024(H5N1)	722	2823
PB2|PP755596.1|A/cattle/Texas/24-008749-003/2024(H5N1)	723	2824
PB2|PP755596.1|A/cattle/Texas/24-008749-003/2024(H5N1)	724	2845
PB2|PP755596.1|A/cattle/Texas/24-008749-003/2024(H5N1)	725	2838
PB2|PP755596.1|A/cattle/Texas/24-008749-003/2024(H5N1)	726	2916
PB2|PP755596.1|A/cattle/Texas/24-008749-003/2024(H5N1)	727	2921
PB2|PP755596.1|A/cattle/Texas/24-008749-003/2024(H5N1)	728	2800
PB2|PP755596.1|A/cattle/Texas/24-008749-003/2024(H5N1)	729	2860
PB2|PP755596.1|A/cattle/Texas/24-008749-003/2024(H5N1)	730	2884
PB2|PP755596.1|A/cattle/Texas/24-008749-003/2024(H5N1)	731	2888
PB2|PP755596.1|A/cattle/Texas/24-008749-003/2024(H5N1)	732	2888
PB2|PP755596.1|A/cattle/Texas/24-008749-003/2024(H5N1)	733	2872
PB2|PP755596.1|A/cattle/Texas/24-008749-003/2024(H5N1)	734	2907
PB2|PP755596.1|A/cattle/Texas/24-008749-003/2024(H5N1)	735	2784
PB2|PP755596.1|A/cattle/Texas/24-008749-003/2024(H5N1)	736	2813
PB2|PP755596.1|A/cattle/Texas/24-008749-003/2024(H5N1)	737	2785
PB2|PP755596.1|A/cattle/Texas/24-008749-003/2024(H5N1)	738	2737
PB2|PP755596.1|A/cattle/Texas/24-008749-003/2024(H5N1)	739	2740
PB2|PP755596.1|A/cattle/Texas/24-008749-003/2024(H5N1)	740	2765
PB2|PP755596.1|A/cattle/Texas/24-008749-003/2024(H5N1)	741	2780
PB2|PP755596.1|A/cattle/Texas/24-008749-003/2024(H5N1)	742	2783
PB2|PP755596.1|A/cattle/Texas/24-008749-003/2024(H5N1)	743	2751
PB2|PP755596.1|A/cattle/Texas/24-008749-003/2024(H5N1)	744	2748
PB2|PP755596.1|A/cattle/Texas/24-008749-003/2024(H5N1)	745	2763
PB2|PP755596.1|A/cattle/Texas/24-008749-003/2024(H5N1)	746	2764
PB2|PP755596.1|A/cattle/Texas/24-008749-003/2024(H5N1)	747	2770
PB2|PP755596.1|A/cattle/Texas/24-008749-003/2024(H5N1)	748	2788
PB2|PP755596.1|A/cattle/Texas/24-008749-003/2024(H5N1)	749	2731
PB2|PP755596.1|A/cattle/Texas/24-008749-003/2024(H5N1)	750	2725
PB2|PP755596.1|A/cattle/Texas/24-008749-003/2024(H5N1)	751	2662
PB2|PP755596.1|A/cattle/Texas/24-008749-003/2024(H5N1)	752	2662
PB2|PP755596.1|A/cattle/Texas/24-008749-003/2024(H5N1)	753	2662
PB2|PP755596.1|A/cattle/Texas/24-008749-003/2024(H5N1)	754	2650
PB2|PP755596.1|A/cattle/Texas/24-008749-003/2024(H5N1)	755	2655
PB2|PP755596.1|A/cattle/Texas/24-008749-003/2024(H5N1)	756	2671
PB2|PP755596.1|A/cattle/Texas/24-008749-003/2024(H5N1)	757	2662
PB2|PP755596.1|A/cattle/Texas/24-008749-003/2024(H5N1)	758	2585
PB2|PP755596.1|A/cattle/Texas/24-008749-003/2024(H5N1)	759	2573
PB2|PP755596.1|A/cattle/Texas/24-008749-003/2024(H5N1)	760	2600
PB2|PP755596.1|A/cattle/Texas/24-008749-003/2024(H5N1)	761	2686
PB2|PP755596.1|A/cattle/Texas/24-008749-003/2024(H5N1)	762	2681
PB2|PP755596.1|A/cattle/Texas/24-008749-003/2024(H5N1)	763	2670
PB2|PP755596.1|A/cattle/Texas/24-008749-003/2024(H5N1)	764	2664
PB2|PP755596.1|A/cattle/Texas/24-008749-003/2024(H5N1)	765	2633
PB2|PP755596.1|A/cattle/Texas/24-008749-003/2024(H5N1)	766	2707
PB2|PP755596.1|A/cattle/Texas/24-008749-003/2024(H5N1)	767	2704
PB2|PP755596.1|A/cattle/Texas/24-008749-003/2024(H5N1)	768	2724
PB2|PP755596.1|A/cattle/Texas/24-008749-003/2024(H5N1)	769	2692
PB2|PP755596.1|A/cattle/Texas/24-008749-003/2024(H5N1)	770	2605
PB2|PP755596.1|A/cattle/Texas/24-008749-003/2024(H5N1)	771	2601
PB2|PP755596.1|A/cattle/Texas/24-008749-003/2024(H5N1)	772	2606
PB2|PP755596.1|A/cattle/Texas/24-008749-003/2024(H5N1)	773	2634
PB2|PP755596.1|A/cattle/Texas/24-008749-003/2024(H5N1)	774	2584
PB2|PP755596.1|A/cattle/Texas/24-008749-003/2024(H5N1)	775	2562
PB2|PP755596.1|A/cattle/Texas/24-008749-003/2024(H5N1)	776	2562
PB2|PP755596.1|A/cattle/Texas/24-008749-003/2024(H5N1)	777	2361
PB2|PP755596.1|A/cattle/Texas/24-008749-003/2024(H5N1)	778	2367
PB2|PP755596.1|A/cattle/Texas/24-008749-003/2024(H5N1)	779	2339
PB2|PP755596.1|A/cattle/Texas/24-008749-003/2024(H5N1)	780	2336
PB2|PP755596.1|A/cattle/Texas/24-008749-003/2024(H5N1)	781	2337
PB2|PP755596.1|A/cattle/Texas/24-008749-003/2024(H5N1)	782	2350
PB2|PP755596.1|A/cattle/Texas/24-008749-003/2024(H5N1)	783	2422
PB2|PP755596.1|A/cattle/Texas/24-008749-003/2024(H5N1)	784	2562
PB2|PP755596.1|A/cattle/Texas/24-008749-003/2024(H5N1)	785	2610
PB2|PP755596.1|A/cattle/Texas/24-008749-003/2024(H5N1)	786	2610
PB2|PP755596.1|A/cattle/Texas/24-008749-003/2024(H5N1)	787	2728
PB2|PP755596.1|A/cattle/Texas/24-008749-003/2024(H5N1)	788	2775
PB2|PP755596.1|A/cattle/Texas/24-008749-003/2024(H5N1)	789	2786
PB2|PP755596.1|A/cattle/Texas/24-008749-003/2024(H5N1)	790	2793
PB2|PP755596.1|A/cattle/Texas/24-008749-003/2024(H5N1)	791	2801
PB2|PP755596.1|A/cattle/Texas/24-008749-003/2024(H5N1)	792	2845
PB2|PP755596.1|A/cattle/Texas/24-008749-003/2024(H5N1)	793	2847
PB2|PP755596.1|A/cattle/Texas/24-008749-003/2024(H5N1)	794	2825
PB2|PP755596.1|A/cattle/Texas/24-008749-003/2024(H5N1)	795	2845
PB2|PP755596.1|A/cattle/Texas/24-008749-003/2024(H5N1)	796	2869
PB2|PP755596.1|A/cattle/Texas/24-008749-003/2024(H5N1)	797	2876
PB2|PP755596.1|A/cattle/Texas/24-008749-003/2024(H5N1)	798	2863
PB2|PP755596.1|A/cattle/Texas/24-008749-003/2024(H5N1)	799	2857
PB2|PP755596.1|A/cattle/Texas/24-008749-003/2024(H5N1)	800	2873
PB2|PP755596.1|A/cattle/Texas/24-008749-003/2024(H5N1)	801	2837
PB2|PP755596.1|A/cattle/Texas/24-008749-003/2024(H5N1)	802	2833
PB2|PP755596.1|A/cattle/Texas/24-008749-003/2024(H5N1)	803	2851
PB2|PP755596.1|A/cattle/Texas/24-008749-003/2024(H5N1)	804	2905
PB2|PP755596.1|A/cattle/Texas/24-008749-003/2024(H5N1)	805	2869
PB2|PP755596.1|A/cattle/Texas/24-008749-003/2024(H5N1)	806	2910
PB2|PP755596.1|A/cattle/Texas/24-008749-003/2024(H5N1)	807	2891
PB2|PP755596.1|A/cattle/Texas/24-008749-003/2024(H5N1)	808	2894
PB2|PP755596.1|A/cattle/Texas/24-008749-003/2024(H5N1)	809	2884
PB2|PP755596.1|A/cattle/Texas/24-008749-003/2024(H5N1)	810	2891
PB2|PP755596.1|A/cattle/Texas/24-008749-003/2024(H5N1)	811	2890
PB2|PP755596.1|A/cattle/Texas/24-008749-003/2024(H5N1)	812	2901
PB2|PP755596.1|A/cattle/Texas/24-008749-003/2024(H5N1)	813	2914
PB2|PP755596.1|A/cattle/Texas/24-008749-003/2024(H5N1)	814	2980
PB2|PP755596.1|A/cattle/Texas/24-008749-003/2024(H5N1)	815	2971
PB2|PP755596.1|A/cattle/Texas/24-008749-003/2024(H5N1)	816	2972
PB2|PP755596.1|A/cattle/Texas/24-008749-003/2024(H5N1)	817	2976
PB2|PP755596.1|A/cattle/Texas/24-008749-003/2024(H5N1)	818	2983
PB2|PP755596.1|A/cattle/Texas/24-008749-003/2024(H5N1)	819	2982
PB2|PP755596.1|A/cattle/Texas/24-008749-003/2024(H5N1)	820	2970
PB2|PP755596.1|A/cattle/Texas/24-008749-003/2024(H5N1)	821	2963
PB2|PP755596.1|A/cattle/Texas/24-008749-003/2024(H5N1)	822	2887
PB2|PP755596.1|A/cattle/Texas/24-008749-003/2024(H5N1)	823	2896
PB2|PP755596.1|A/cattle/Texas/24-008749-003/2024(H5N1)	824	2939
PB2|PP755596.1|A/cattle/Texas/24-008749-003/2024(H5N1)	825	2990
PB2|PP755596.1|A/cattle/Texas/24-008749-003/2024(H5N1)	826	2989
PB2|PP755596.1|A/cattle/Texas/24-008749-003/2024(H5N1)	827	2892
PB2|PP755596.1|A/cattle/Texas/24-008749-003/2024(H5N1)	828	2881
PB2|PP755596.1|A/cattle/Texas/24-008749-003/2024(H5N1)	829	2926
PB2|PP755596.1|A/cattle/Texas/24-008749-003/2024(H5N1)	830	2873
PB2|PP755596.1|A/cattle/Texas/24-008749-003/2024(H5N1)	831	2874
PB2|PP755596.1|A/cattle/Texas/24-008749-003/2024(H5N1)	832	2855
PB2|PP755596.1|A/cattle/Texas/24-008749-003/2024(H5N1)	833	2785
PB2|PP755596.1|A/cattle/Texas/24-008749-003/2024(H5N1)	834	2728
PB2|PP755596.1|A/cattle/Texas/24-008749-003/2024(H5N1)	835	2729
PB2|PP755596.1|A/cattle/Texas/24-008749-003/2024(H5N1)	836	2744
PB2|PP755596.1|A/cattle/Texas/24-008749-003/2024(H5N1)	837	2734
PB2|PP755596.1|A/cattle/Texas/24-008749-003/2024(H5N1)	838	2934
PB2|PP755596.1|A/cattle/Texas/24-008749-003/2024(H5N1)	839	2933
PB2|PP755596.1|A/cattle/Texas/24-008749-003/2024(H5N1)	840	2948
PB2|PP755596.1|A/cattle/Texas/24-008749-003/2024(H5N1)	841	2949
PB2|PP755596.1|A/cattle/Texas/24-008749-003/2024(H5N1)	842	2928
PB2|PP755596.1|A/cattle/Texas/24-008749-003/2024(H5N1)	843	2932
PB2|PP755596.1|A/cattle/Texas/24-008749-003/2024(H5N1)	844	2929
PB2|PP755596.1|A/cattle/Texas/24-008749-003/2024(H5N1)	845	2921
PB2|PP755596.1|A/cattle/Texas/24-008749-003/2024(H5N1)	846	2921
PB2|PP755596.1|A/cattle/Texas/24-008749-003/2024(H5N1)	847	2690
PB2|PP755596.1|A/cattle/Texas/24-008749-003/2024(H5N1)	848	2658
PB2|PP755596.1|A/cattle/Texas/24-008749-003/2024(H5N1)	849	2733
PB2|PP755596.1|A/cattle/Texas/24-008749-003/2024(H5N1)	850	2732
PB2|PP755596.1|A/cattle/Texas/24-008749-003/2024(H5N1)	851	2732
PB2|PP755596.1|A/cattle/Texas/24-008749-003/2024(H5N1)	852	2736
PB2|PP755596.1|A/cattle/Texas/24-008749-003/2024(H5N1)	853	2739
PB2|PP755596.1|A/cattle/Texas/24-008749-003/2024(H5N1)	854	2727
PB2|PP755596.1|A/cattle/Texas/24-008749-003/2024(H5N1)	855	2724
PB2|PP755596.1|A/cattle/Texas/24-008749-003/2024(H5N1)	856	2707
PB2|PP755596.1|A/cattle/Texas/24-008749-003/2024(H5N1)	857	2740
PB2|PP755596.1|A/cattle/Texas/24-008749-003/2024(H5N1)	858	2695
PB2|PP755596.1|A/cattle/Texas/24-008749-003/2024(H5N1)	859	2694
PB2|PP755596.1|A/cattle/Texas/24-008749-003/2024(H5N1)	860	2689
PB2|PP755596.1|A/cattle/Texas/24-008749-003/2024(H5N1)	861	2683
PB2|PP755596.1|A/cattle/Texas/24-008749-003/2024(H5N1)	862	2712
PB2|PP755596.1|A/cattle/Texas/24-008749-003/2024(H5N1)	863	2708
PB2|PP755596.1|A/cattle/Texas/24-008749-003/2024(H5N1)	864	2735
PB2|PP755596.1|A/cattle/Texas/24-008749-003/2024(H5N1)	865	2732
PB2|PP755596.1|A/cattle/Texas/24-008749-003/2024(H5N1)	866	2708
PB2|PP755596.1|A/cattle/Texas/24-008749-003/2024(H5N1)	867	2708
PB2|PP755596.1|A/cattle/Texas/24-008749-003/2024(H5N1)	868	2704
PB2|PP755596.1|A/cattle/Texas/24-008749-003/2024(H5N1)	869	2706
PB2|PP755596.1|A/cattle/Texas/24-008749-003/2024(H5N1)	870	2706
PB2|PP755596.1|A/cattle/Texas/24-008749-003/2024(H5N1)	871	2697
PB2|PP755596.1|A/cattle/Texas/24-008749-003/2024(H5N1)	872	2801
PB2|PP755596.1|A/cattle/Texas/24-008749-003/2024(H5N1)	873	2779
PB2|PP755596.1|A/cattle/Texas/24-008749-003/2024(H5N1)	874	2788
PB2|PP755596.1|A/cattle/Texas/24-008749-003/2024(H5N1)	875	2782
PB2|PP755596.1|A/cattle/Texas/24-008749-003/2024(H5N1)	876	2787
PB2|PP755596.1|A/cattle/Texas/24-008749-003/2024(H5N1)	877	2718
PB2|PP755596.1|A/cattle/Texas/24-008749-003/2024(H5N1)	878	2755
PB2|PP755596.1|A/cattle/Texas/24-008749-003/2024(H5N1)	879	2773
PB2|PP755596.1|A/cattle/Texas/24-008749-003/2024(H5N1)	880	2763
PB2|PP755596.1|A/cattle/Texas/24-008749-003/2024(H5N1)	881	2696
PB2|PP755596.1|A/cattle/Texas/24-008749-003/2024(H5N1)	882	2720
PB2|PP755596.1|A/cattle/Texas/24-008749-003/2024(H5N1)	883	2749
PB2|PP755596.1|A/cattle/Texas/24-008749-003/2024(H5N1)	884	2749
PB2|PP755596.1|A/cattle/Texas/24-008749-003/2024(H5N1)	885	2707
PB2|PP755596.1|A/cattle/Texas/24-008749-003/2024(H5N1)	886	2707
PB2|PP755596.1|A/cattle/Texas/24-008749-003/2024(H5N1)	887	2678
PB2|PP755596.1|A/cattle/Texas/24-008749-003/2024(H5N1)	888	2694
PB2|PP755596.1|A/cattle/Texas/24-008749-003/2024(H5N1)	889	2685
PB2|PP755596.1|A/cattle/Texas/24-008749-003/2024(H5N1)	890	2705
PB2|PP755596.1|A/cattle/Texas/24-008749-003/2024(H5N1)	891	2686
PB2|PP755596.1|A/cattle/Texas/24-008749-003/2024(H5N1)	892	2689
PB2|PP755596.1|A/cattle/Texas/24-008749-003/2024(H5N1)	893	2682
PB2|PP755596.1|A/cattle/Texas/24-008749-003/2024(H5N1)	894	2682
PB2|PP755596.1|A/cattle/Texas/24-008749-003/2024(H5N1)	895	2682
PB2|PP755596.1|A/cattle/Texas/24-008749-003/2024(H5N1)	896	2674
PB2|PP755596.1|A/cattle/Texas/24-008749-003/2024(H5N1)	897	2677
PB2|PP755596.1|A/cattle/Texas/24-008749-003/2024(H5N1)	898	2663
PB2|PP755596.1|A/cattle/Texas/24-008749-003/2024(H5N1)	899	2657
PB2|PP755596.1|A/cattle/Texas/24-008749-003/2024(H5N1)	900	2666
PB2|PP755596.1|A/cattle/Texas/24-008749-003/2024(H5N1)	901	2671
PB2|PP755596.1|A/cattle/Texas/24-008749-003/2024(H5N1)	902	2762
PB2|PP755596.1|A/cattle/Texas/24-008749-003/2024(H5N1)	903	2768
PB2|PP755596.1|A/cattle/Texas/24-008749-003/2024(H5N1)	904	2769
PB2|PP755596.1|A/cattle/Texas/24-008749-003/2024(H5N1)	905	2773
PB2|PP755596.1|A/cattle/Texas/24-008749-003/2024(H5N1)	906	2770
PB2|PP755596.1|A/cattle/Texas/24-008749-003/2024(H5N1)	907	2732
PB2|PP755596.1|A/cattle/Texas/24-008749-003/2024(H5N1)	908	2733
PB2|PP755596.1|A/cattle/Texas/24-008749-003/2024(H5N1)	909	2725
PB2|PP755596.1|A/cattle/Texas/24-008749-003/2024(H5N1)	910	2735
PB2|PP755596.1|A/cattle/Texas/24-008749-003/2024(H5N1)	911	2675
PB2|PP755596.1|A/cattle/Texas/24-008749-003/2024(H5N1)	912	2672
PB2|PP755596.1|A/cattle/Texas/24-008749-003/2024(H5N1)	913	2682
PB2|PP755596.1|A/cattle/Texas/24-008749-003/2024(H5N1)	914	2703
PB2|PP755596.1|A/cattle/Texas/24-008749-003/2024(H5N1)	915	2703
PB2|PP755596.1|A/cattle/Texas/24-008749-003/2024(H5N1)	916	2679
PB2|PP755596.1|A/cattle/Texas/24-008749-003/2024(H5N1)	917	2672
PB2|PP755596.1|A/cattle/Texas/24-008749-003/2024(H5N1)	918	2668
PB2|PP755596.1|A/cattle/Texas/24-008749-003/2024(H5N1)	919	2728
PB2|PP755596.1|A/cattle/Texas/24-008749-003/2024(H5N1)	920	2742
PB2|PP755596.1|A/cattle/Texas/24-008749-003/2024(H5N1)	921	2694
PB2|PP755596.1|A/cattle/Texas/24-008749-003/2024(H5N1)	922	2694
PB2|PP755596.1|A/cattle/Texas/24-008749-003/2024(H5N1)	923	2697
PB2|PP755596.1|A/cattle/Texas/24-008749-003/2024(H5N1)	924	2704
PB2|PP755596.1|A/cattle/Texas/24-008749-003/2024(H5N1)	925	2903
PB2|PP755596.1|A/cattle/Texas/24-008749-003/2024(H5N1)	926	2939
PB2|PP755596.1|A/cattle/Texas/24-008749-003/2024(H5N1)	927	3048
PB2|PP755596.1|A/cattle/Texas/24-008749-003/2024(H5N1)	928	2944
PB2|PP755596.1|A/cattle/Texas/24-008749-003/2024(H5N1)	929	2956
PB2|PP755596.1|A/cattle/Texas/24-008749-003/2024(H5N1)	930	3000
PB2|PP755596.1|A/cattle/Texas/24-008749-003/2024(H5N1)	931	2998
PB2|PP755596.1|A/cattle/Texas/24-008749-003/2024(H5N1)	932	2997
PB2|PP755596.1|A/cattle/Texas/24-008749-003/2024(H5N1)	933	3021
PB2|PP755596.1|A/cattle/Texas/24-008749-003/2024(H5N1)	934	3016
PB2|PP755596.1|A/cattle/Texas/24-008749-003/2024(H5N1)	935	3017
PB2|PP755596.1|A/cattle/Texas/24-008749-003/2024(H5N1)	936	2978
PB2|PP755596.1|A/cattle/Texas/24-008749-003/2024(H5N1)	937	3001
PB2|PP755596.1|A/cattle/Texas/24-008749-003/2024(H5N1)	938	2907
PB2|PP755596.1|A/cattle/Texas/24-008749-003/2024(H5N1)	939	2871
PB2|PP755596.1|A/cattle/Texas/24-008749-003/2024(H5N1)	940	2908
PB2|PP755596.1|A/cattle/Texas/24-008749-003/2024(H5N1)	941	2904
PB2|PP755596.1|A/cattle/Texas/24-008749-003/2024(H5N1)	942	2915
PB2|PP755596.1|A/cattle/Texas/24-008749-003/2024(H5N1)	943	2889
PB2|PP755596.1|A/cattle/Texas/24-008749-003/2024(H5N1)	944	2891
PB2|PP755596.1|A/cattle/Texas/24-008749-003/2024(H5N1)	945	2899
PB2|PP755596.1|A/cattle/Texas/24-008749-003/2024(H5N1)	946	2978
PB2|PP755596.1|A/cattle/Texas/24-008749-003/2024(H5N1)	947	2988
PB2|PP755596.1|A/cattle/Texas/24-008749-003/2024(H5N1)	948	2988
PB2|PP755596.1|A/cattle/Texas/24-008749-003/2024(H5N1)	949	2982
PB2|PP755596.1|A/cattle/Texas/24-008749-003/2024(H5N1)	950	2978
PB2|PP755596.1|A/cattle/Texas/24-008749-003/2024(H5N1)	951	2984
PB2|PP755596.1|A/cattle/Texas/24-008749-003/2024(H5N1)	952	2989
PB2|PP755596.1|A/cattle/Texas/24-008749-003/2024(H5N1)	953	3076
PB2|PP755596.1|A/cattle/Texas/24-008749-003/2024(H5N1)	954	3129
PB2|PP755596.1|A/cattle/Texas/24-008749-003/2024(H5N1)	955	3106
PB2|PP755596.1|A/cattle/Texas/24-008749-003/2024(H5N1)	956	3094
PB2|PP755596.1|A/cattle/Texas/24-008749-003/2024(H5N1)	957	3060
PB2|PP755596.1|A/cattle/Texas/24-008749-003/2024(H5N1)	958	3064
PB2|PP755596.1|A/cattle/Texas/24-008749-003/2024(H5N1)	959	3067
PB2|PP755596.1|A/cattle/Texas/24-008749-003/2024(H5N1)	960	3091
PB2|PP755596.1|A/cattle/Texas/24-008749-003/2024(H5N1)	961	3095
PB2|PP755596.1|A/cattle/Texas/24-008749-003/2024(H5N1)	962	3041
PB2|PP755596.1|A/cattle/Texas/24-008749-003/2024(H5N1)	963	2998
PB2|PP755596.1|A/cattle/Texas/24-008749-003/2024(H5N1)	964	3041
PB2|PP755596.1|A/cattle/Texas/24-008749-003/2024(H5N1)	965	2991
PB2|PP755596.1|A/cattle/Texas/24-008749-003/2024(H5N1)	966	2997
PB2|PP755596.1|A/cattle/Texas/24-008749-003/2024(H5N1)	967	2994
PB2|PP755596.1|A/cattle/Texas/24-008749-003/2024(H5N1)	968	2986
PB2|PP755596.1|A/cattle/Texas/24-008749-003/2024(H5N1)	969	2965
PB2|PP755596.1|A/cattle/Texas/24-008749-003/2024(H5N1)	970	2963
PB2|PP755596.1|A/cattle/Texas/24-008749-003/2024(H5N1)	971	3001
PB2|PP755596.1|A/cattle/Texas/24-008749-003/2024(H5N1)	972	2995
PB2|PP755596.1|A/cattle/Texas/24-008749-003/2024(H5N1)	973	2941
PB2|PP755596.1|A/cattle/Texas/24-008749-003/2024(H5N1)	974	2939
PB2|PP755596.1|A/cattle/Texas/24-008749-003/2024(H5N1)	975	3028
PB2|PP755596.1|A/cattle/Texas/24-008749-003/2024(H5N1)	976	2982
PB2|PP755596.1|A/cattle/Texas/24-008749-003/2024(H5N1)	977	2988
PB2|PP755596.1|A/cattle/Texas/24-008749-003/2024(H5N1)	978	2974
PB2|PP755596.1|A/cattle/Texas/24-008749-003/2024(H5N1)	979	2982
PB2|PP755596.1|A/cattle/Texas/24-008749-003/2024(H5N1)	980	2921
PB2|PP755596.1|A/cattle/Texas/24-008749-003/2024(H5N1)	981	2937
PB2|PP755596.1|A/cattle/Texas/24-008749-003/2024(H5N1)	982	2935
PB2|PP755596.1|A/cattle/Texas/24-008749-003/2024(H5N1)	983	2929
PB2|PP755596.1|A/cattle/Texas/24-008749-003/2024(H5N1)	984	2931
PB2|PP755596.1|A/cattle/Texas/24-008749-003/2024(H5N1)	985	2924
PB2|PP755596.1|A/cattle/Texas/24-008749-003/2024(H5N1)	986	2917
PB2|PP755596.1|A/cattle/Texas/24-008749-003/2024(H5N1)	987	2923
PB2|PP755596.1|A/cattle/Texas/24-008749-003/2024(H5N1)	988	2920
PB2|PP755596.1|A/cattle/Texas/24-008749-003/2024(H5N1)	989	2739
PB2|PP755596.1|A/cattle/Texas/24-008749-003/2024(H5N1)	990	2741
PB2|PP755596.1|A/cattle/Texas/24-008749-003/2024(H5N1)	991	2888
PB2|PP755596.1|A/cattle/Texas/24-008749-003/2024(H5N1)	992	2882
PB2|PP755596.1|A/cattle/Texas/24-008749-003/2024(H5N1)	993	2883
PB2|PP755596.1|A/cattle/Texas/24-008749-003/2024(H5N1)	994	2882
PB2|PP755596.1|A/cattle/Texas/24-008749-003/2024(H5N1)	995	2918
PB2|PP755596.1|A/cattle/Texas/24-008749-003/2024(H5N1)	996	2907
PB2|PP755596.1|A/cattle/Texas/24-008749-003/2024(H5N1)	997	2939
PB2|PP755596.1|A/cattle/Texas/24-008749-003/2024(H5N1)	998	2941
PB2|PP755596.1|A/cattle/Texas/24-008749-003/2024(H5N1)	999	2935
PB2|PP755596.1|A/cattle/Texas/24-008749-003/2024(H5N1)	1000	2857
PB2|PP755596.1|A/cattle/Texas/24-008749-003/2024(H5N1)	1001	2854
PB2|PP755596.1|A/cattle/Texas/24-008749-003/2024(H5N1)	1002	2878
PB2|PP755596.1|A/cattle/Texas/24-008749-003/2024(H5N1)	1003	2881
PB2|PP755596.1|A/cattle/Texas/24-008749-003/2024(H5N1)	1004	2878
PB2|PP755596.1|A/cattle/Texas/24-008749-003/2024(H5N1)	1005	2880
PB2|PP755596.1|A/cattle/Texas/24-008749-003/2024(H5N1)	1006	2976
PB2|PP755596.1|A/cattle/Texas/24-008749-003/2024(H5N1)	1007	2928
PB2|PP755596.1|A/cattle/Texas/24-008749-003/2024(H5N1)	1008	2929
PB2|PP755596.1|A/cattle/Texas/24-008749-003/2024(H5N1)	1009	2931
PB2|PP755596.1|A/cattle/Texas/24-008749-003/2024(H5N1)	1010	2926
PB2|PP755596.1|A/cattle/Texas/24-008749-003/2024(H5N1)	1011	2914
PB2|PP755596.1|A/cattle/Texas/24-008749-003/2024(H5N1)	1012	2989
PB2|PP755596.1|A/cattle/Texas/24-008749-003/2024(H5N1)	1013	2986
PB2|PP755596.1|A/cattle/Texas/24-008749-003/2024(H5N1)	1014	2959
PB2|PP755596.1|A/cattle/Texas/24-008749-003/2024(H5N1)	1015	2958
PB2|PP755596.1|A/cattle/Texas/24-008749-003/2024(H5N1)	1016	2965
PB2|PP755596.1|A/cattle/Texas/24-008749-003/2024(H5N1)	1017	2964
PB2|PP755596.1|A/cattle/Texas/24-008749-003/2024(H5N1)	1018	2958
PB2|PP755596.1|A/cattle/Texas/24-008749-003/2024(H5N1)	1019	3002
PB2|PP755596.1|A/cattle/Texas/24-008749-003/2024(H5N1)	1020	3044
PB2|PP755596.1|A/cattle/Texas/24-008749-003/2024(H5N1)	1021	3010
PB2|PP755596.1|A/cattle/Texas/24-008749-003/2024(H5N1)	1022	2990
PB2|PP755596.1|A/cattle/Texas/24-008749-003/2024(H5N1)	1023	2923
PB2|PP755596.1|A/cattle/Texas/24-008749-003/2024(H5N1)	1024	2945
PB2|PP755596.1|A/cattle/Texas/24-008749-003/2024(H5N1)	1025	2962
PB2|PP755596.1|A/cattle/Texas/24-008749-003/2024(H5N1)	1026	2962
PB2|PP755596.1|A/cattle/Texas/24-008749-003/2024(H5N1)	1027	2965
PB2|PP755596.1|A/cattle/Texas/24-008749-003/2024(H5N1)	1028	2945
PB2|PP755596.1|A/cattle/Texas/24-008749-003/2024(H5N1)	1029	2884
PB2|PP755596.1|A/cattle/Texas/24-008749-003/2024(H5N1)	1030	2893
PB2|PP755596.1|A/cattle/Texas/24-008749-003/2024(H5N1)	1031	2867
PB2|PP755596.1|A/cattle/Texas/24-008749-003/2024(H5N1)	1032	2907
PB2|PP755596.1|A/cattle/Texas/24-008749-003/2024(H5N1)	1033	2856
PB2|PP755596.1|A/cattle/Texas/24-008749-003/2024(H5N1)	1034	2886
PB2|PP755596.1|A/cattle/Texas/24-008749-003/2024(H5N1)	1035	2887
PB2|PP755596.1|A/cattle/Texas/24-008749-003/2024(H5N1)	1036	2887
PB2|PP755596.1|A/cattle/Texas/24-008749-003/2024(H5N1)	1037	2882
PB2|PP755596.1|A/cattle/Texas/24-008749-003/2024(H5N1)	1038	2883
PB2|PP755596.1|A/cattle/Texas/24-008749-003/2024(H5N1)	1039	2868
PB2|PP755596.1|A/cattle/Texas/24-008749-003/2024(H5N1)	1040	2871
PB2|PP755596.1|A/cattle/Texas/24-008749-003/2024(H5N1)	1041	2845
PB2|PP755596.1|A/cattle/Texas/24-008749-003/2024(H5N1)	1042	2838
PB2|PP755596.1|A/cattle/Texas/24-008749-003/2024(H5N1)	1043	2836
PB2|PP755596.1|A/cattle/Texas/24-008749-003/2024(H5N1)	1044	2875
PB2|PP755596.1|A/cattle/Texas/24-008749-003/2024(H5N1)	1045	2888
PB2|PP755596.1|A/cattle/Texas/24-008749-003/2024(H5N1)	1046	2901
PB2|PP755596.1|A/cattle/Texas/24-008749-003/2024(H5N1)	1047	2902
PB2|PP755596.1|A/cattle/Texas/24-008749-003/2024(H5N1)	1048	2942
PB2|PP755596.1|A/cattle/Texas/24-008749-003/2024(H5N1)	1049	2940
PB2|PP755596.1|A/cattle/Texas/24-008749-003/2024(H5N1)	1050	2942
PB2|PP755596.1|A/cattle/Texas/24-008749-003/2024(H5N1)	1051	2935
PB2|PP755596.1|A/cattle/Texas/24-008749-003/2024(H5N1)	1052	2895
PB2|PP755596.1|A/cattle/Texas/24-008749-003/2024(H5N1)	1053	2849
PB2|PP755596.1|A/cattle/Texas/24-008749-003/2024(H5N1)	1054	2842
PB2|PP755596.1|A/cattle/Texas/24-008749-003/2024(H5N1)	1055	2841
PB2|PP755596.1|A/cattle/Texas/24-008749-003/2024(H5N1)	1056	2870
PB2|PP755596.1|A/cattle/Texas/24-008749-003/2024(H5N1)	1057	2872
PB2|PP755596.1|A/cattle/Texas/24-008749-003/2024(H5N1)	1058	2925
PB2|PP755596.1|A/cattle/Texas/24-008749-003/2024(H5N1)	1059	2923
PB2|PP755596.1|A/cattle/Texas/24-008749-003/2024(H5N1)	1060	2924
PB2|PP755596.1|A/cattle/Texas/24-008749-003/2024(H5N1)	1061	2914
PB2|PP755596.1|A/cattle/Texas/24-008749-003/2024(H5N1)	1062	2929
PB2|PP755596.1|A/cattle/Texas/24-008749-003/2024(H5N1)	1063	2867
PB2|PP755596.1|A/cattle/Texas/24-008749-003/2024(H5N1)	1064	2867
PB2|PP755596.1|A/cattle/Texas/24-008749-003/2024(H5N1)	1065	2859
PB2|PP755596.1|A/cattle/Texas/24-008749-003/2024(H5N1)	1066	2982
PB2|PP755596.1|A/cattle/Texas/24-008749-003/2024(H5N1)	1067	2955
PB2|PP755596.1|A/cattle/Texas/24-008749-003/2024(H5N1)	1068	2974
PB2|PP755596.1|A/cattle/Texas/24-008749-003/2024(H5N1)	1069	2986
PB2|PP755596.1|A/cattle/Texas/24-008749-003/2024(H5N1)	1070	2979
PB2|PP755596.1|A/cattle/Texas/24-008749-003/2024(H5N1)	1071	2979
PB2|PP755596.1|A/cattle/Texas/24-008749-003/2024(H5N1)	1072	2979
PB2|PP755596.1|A/cattle/Texas/24-008749-003/2024(H5N1)	1073	3000
PB2|PP755596.1|A/cattle/Texas/24-008749-003/2024(H5N1)	1074	3022
PB2|PP755596.1|A/cattle/Texas/24-008749-003/2024(H5N1)	1075	2936
PB2|PP755596.1|A/cattle/Texas/24-008749-003/2024(H5N1)	1076	2922
PB2|PP755596.1|A/cattle/Texas/24-008749-003/2024(H5N1)	1077	2902
PB2|PP755596.1|A/cattle/Texas/24-008749-003/2024(H5N1)	1078	2776
PB2|PP755596.1|A/cattle/Texas/24-008749-003/2024(H5N1)	1079	2795
PB2|PP755596.1|A/cattle/Texas/24-008749-003/2024(H5N1)	1080	2775
PB2|PP755596.1|A/cattle/Texas/24-008749-003/2024(H5N1)	1081	2757
PB2|PP755596.1|A/cattle/Texas/24-008749-003/2024(H5N1)	1082	2755
PB2|PP755596.1|A/cattle/Texas/24-008749-003/2024(H5N1)	1083	2706
PB2|PP755596.1|A/cattle/Texas/24-008749-003/2024(H5N1)	1084	2697
PB2|PP755596.1|A/cattle/Texas/24-008749-003/2024(H5N1)	1085	2510
PB2|PP755596.1|A/cattle/Texas/24-008749-003/2024(H5N1)	1086	2497
PB2|PP755596.1|A/cattle/Texas/24-008749-003/2024(H5N1)	1087	2549
PB2|PP755596.1|A/cattle/Texas/24-008749-003/2024(H5N1)	1088	2651
PB2|PP755596.1|A/cattle/Texas/24-008749-003/2024(H5N1)	1089	2666
PB2|PP755596.1|A/cattle/Texas/24-008749-003/2024(H5N1)	1090	2671
PB2|PP755596.1|A/cattle/Texas/24-008749-003/2024(H5N1)	1091	2660
PB2|PP755596.1|A/cattle/Texas/24-008749-003/2024(H5N1)	1092	2658
PB2|PP755596.1|A/cattle/Texas/24-008749-003/2024(H5N1)	1093	2651
PB2|PP755596.1|A/cattle/Texas/24-008749-003/2024(H5N1)	1094	2653
PB2|PP755596.1|A/cattle/Texas/24-008749-003/2024(H5N1)	1095	2690
PB2|PP755596.1|A/cattle/Texas/24-008749-003/2024(H5N1)	1096	2705
PB2|PP755596.1|A/cattle/Texas/24-008749-003/2024(H5N1)	1097	2749
PB2|PP755596.1|A/cattle/Texas/24-008749-003/2024(H5N1)	1098	2777
PB2|PP755596.1|A/cattle/Texas/24-008749-003/2024(H5N1)	1099	2774
PB2|PP755596.1|A/cattle/Texas/24-008749-003/2024(H5N1)	1100	2797
PB2|PP755596.1|A/cattle/Texas/24-008749-003/2024(H5N1)	1101	2801
PB2|PP755596.1|A/cattle/Texas/24-008749-003/2024(H5N1)	1102	2794
PB2|PP755596.1|A/cattle/Texas/24-008749-003/2024(H5N1)	1103	2797
PB2|PP755596.1|A/cattle/Texas/24-008749-003/2024(H5N1)	1104	2718
PB2|PP755596.1|A/cattle/Texas/24-008749-003/2024(H5N1)	1105	2641
PB2|PP755596.1|A/cattle/Texas/24-008749-003/2024(H5N1)	1106	2666
PB2|PP755596.1|A/cattle/Texas/24-008749-003/2024(H5N1)	1107	2666
PB2|PP755596.1|A/cattle/Texas/24-008749-003/2024(H5N1)	1108	2673
PB2|PP755596.1|A/cattle/Texas/24-008749-003/2024(H5N1)	1109	2683
PB2|PP755596.1|A/cattle/Texas/24-008749-003/2024(H5N1)	1110	2673
PB2|PP755596.1|A/cattle/Texas/24-008749-003/2024(H5N1)	1111	2677
PB2|PP755596.1|A/cattle/Texas/24-008749-003/2024(H5N1)	1112	2676
PB2|PP755596.1|A/cattle/Texas/24-008749-003/2024(H5N1)	1113	2674
PB2|PP755596.1|A/cattle/Texas/24-008749-003/2024(H5N1)	1114	2675
PB2|PP755596.1|A/cattle/Texas/24-008749-003/2024(H5N1)	1115	2608
PB2|PP755596.1|A/cattle/Texas/24-008749-003/2024(H5N1)	1116	2606
PB2|PP755596.1|A/cattle/Texas/24-008749-003/2024(H5N1)	1117	2702
PB2|PP755596.1|A/cattle/Texas/24-008749-003/2024(H5N1)	1118	2712
PB2|PP755596.1|A/cattle/Texas/24-008749-003/2024(H5N1)	1119	2714
PB2|PP755596.1|A/cattle/Texas/24-008749-003/2024(H5N1)	1120	2683
PB2|PP755596.1|A/cattle/Texas/24-008749-003/2024(H5N1)	1121	2684
PB2|PP755596.1|A/cattle/Texas/24-008749-003/2024(H5N1)	1122	2690
PB2|PP755596.1|A/cattle/Texas/24-008749-003/2024(H5N1)	1123	2686
PB2|PP755596.1|A/cattle/Texas/24-008749-003/2024(H5N1)	1124	2686
PB2|PP755596.1|A/cattle/Texas/24-008749-003/2024(H5N1)	1125	2692
PB2|PP755596.1|A/cattle/Texas/24-008749-003/2024(H5N1)	1126	2624
PB2|PP755596.1|A/cattle/Texas/24-008749-003/2024(H5N1)	1127	2614
PB2|PP755596.1|A/cattle/Texas/24-008749-003/2024(H5N1)	1128	2611
PB2|PP755596.1|A/cattle/Texas/24-008749-003/2024(H5N1)	1129	2626
PB2|PP755596.1|A/cattle/Texas/24-008749-003/2024(H5N1)	1130	2622
PB2|PP755596.1|A/cattle/Texas/24-008749-003/2024(H5N1)	1131	2607
PB2|PP755596.1|A/cattle/Texas/24-008749-003/2024(H5N1)	1132	2721
PB2|PP755596.1|A/cattle/Texas/24-008749-003/2024(H5N1)	1133	2863
PB2|PP755596.1|A/cattle/Texas/24-008749-003/2024(H5N1)	1134	2862
PB2|PP755596.1|A/cattle/Texas/24-008749-003/2024(H5N1)	1135	2856
PB2|PP755596.1|A/cattle/Texas/24-008749-003/2024(H5N1)	1136	2867
PB2|PP755596.1|A/cattle/Texas/24-008749-003/2024(H5N1)	1137	2851
PB2|PP755596.1|A/cattle/Texas/24-008749-003/2024(H5N1)	1138	2855
PB2|PP755596.1|A/cattle/Texas/24-008749-003/2024(H5N1)	1139	2867
PB2|PP755596.1|A/cattle/Texas/24-008749-003/2024(H5N1)	1140	2898
PB2|PP755596.1|A/cattle/Texas/24-008749-003/2024(H5N1)	1141	2907
PB2|PP755596.1|A/cattle/Texas/24-008749-003/2024(H5N1)	1142	2742
PB2|PP755596.1|A/cattle/Texas/24-008749-003/2024(H5N1)	1143	2751
PB2|PP755596.1|A/cattle/Texas/24-008749-003/2024(H5N1)	1144	2814
PB2|PP755596.1|A/cattle/Texas/24-008749-003/2024(H5N1)	1145	2812
PB2|PP755596.1|A/cattle/Texas/24-008749-003/2024(H5N1)	1146	2768
PB2|PP755596.1|A/cattle/Texas/24-008749-003/2024(H5N1)	1147	2758
PB2|PP755596.1|A/cattle/Texas/24-008749-003/2024(H5N1)	1148	2844
PB2|PP755596.1|A/cattle/Texas/24-008749-003/2024(H5N1)	1149	2857
PB2|PP755596.1|A/cattle/Texas/24-008749-003/2024(H5N1)	1150	2868
PB2|PP755596.1|A/cattle/Texas/24-008749-003/2024(H5N1)	1151	2892
PB2|PP755596.1|A/cattle/Texas/24-008749-003/2024(H5N1)	1152	2889
PB2|PP755596.1|A/cattle/Texas/24-008749-003/2024(H5N1)	1153	2901
PB2|PP755596.1|A/cattle/Texas/24-008749-003/2024(H5N1)	1154	2897
PB2|PP755596.1|A/cattle/Texas/24-008749-003/2024(H5N1)	1155	2889
PB2|PP755596.1|A/cattle/Texas/24-008749-003/2024(H5N1)	1156	2892
PB2|PP755596.1|A/cattle/Texas/24-008749-003/2024(H5N1)	1157	2826
PB2|PP755596.1|A/cattle/Texas/24-008749-003/2024(H5N1)	1158	2839
PB2|PP755596.1|A/cattle/Texas/24-008749-003/2024(H5N1)	1159	2839
PB2|PP755596.1|A/cattle/Texas/24-008749-003/2024(H5N1)	1160	2873
PB2|PP755596.1|A/cattle/Texas/24-008749-003/2024(H5N1)	1161	2935
PB2|PP755596.1|A/cattle/Texas/24-008749-003/2024(H5N1)	1162	2911
PB2|PP755596.1|A/cattle/Texas/24-008749-003/2024(H5N1)	1163	2861
PB2|PP755596.1|A/cattle/Texas/24-008749-003/2024(H5N1)	1164	2858
PB2|PP755596.1|A/cattle/Texas/24-008749-003/2024(H5N1)	1165	2853
PB2|PP755596.1|A/cattle/Texas/24-008749-003/2024(H5N1)	1166	2874
PB2|PP755596.1|A/cattle/Texas/24-008749-003/2024(H5N1)	1167	2875
PB2|PP755596.1|A/cattle/Texas/24-008749-003/2024(H5N1)	1168	2891
PB2|PP755596.1|A/cattle/Texas/24-008749-003/2024(H5N1)	1169	2893
PB2|PP755596.1|A/cattle/Texas/24-008749-003/2024(H5N1)	1170	2924
PB2|PP755596.1|A/cattle/Texas/24-008749-003/2024(H5N1)	1171	2921
PB2|PP755596.1|A/cattle/Texas/24-008749-003/2024(H5N1)	1172	2928
PB2|PP755596.1|A/cattle/Texas/24-008749-003/2024(H5N1)	1173	2934
PB2|PP755596.1|A/cattle/Texas/24-008749-003/2024(H5N1)	1174	2920
PB2|PP755596.1|A/cattle/Texas/24-008749-003/2024(H5N1)	1175	2890
PB2|PP755596.1|A/cattle/Texas/24-008749-003/2024(H5N1)	1176	2972
PB2|PP755596.1|A/cattle/Texas/24-008749-003/2024(H5N1)	1177	2951
PB2|PP755596.1|A/cattle/Texas/24-008749-003/2024(H5N1)	1178	2957
PB2|PP755596.1|A/cattle/Texas/24-008749-003/2024(H5N1)	1179	2957
PB2|PP755596.1|A/cattle/Texas/24-008749-003/2024(H5N1)	1180	2973
PB2|PP755596.1|A/cattle/Texas/24-008749-003/2024(H5N1)	1181	2967
PB2|PP755596.1|A/cattle/Texas/24-008749-003/2024(H5N1)	1182	2962
PB2|PP755596.1|A/cattle/Texas/24-008749-003/2024(H5N1)	1183	2930
PB2|PP755596.1|A/cattle/Texas/24-008749-003/2024(H5N1)	1184	2939
PB2|PP755596.1|A/cattle/Texas/24-008749-003/2024(H5N1)	1185	2896
PB2|PP755596.1|A/cattle/Texas/24-008749-003/2024(H5N1)	1186	2901
PB2|PP755596.1|A/cattle/Texas/24-008749-003/2024(H5N1)	1187	2897
PB2|PP755596.1|A/cattle/Texas/24-008749-003/2024(H5N1)	1188	2916
PB2|PP755596.1|A/cattle/Texas/24-008749-003/2024(H5N1)	1189	2921
PB2|PP755596.1|A/cattle/Texas/24-008749-003/2024(H5N1)	1190	2983
PB2|PP755596.1|A/cattle/Texas/24-008749-003/2024(H5N1)	1191	2983
PB2|PP755596.1|A/cattle/Texas/24-008749-003/2024(H5N1)	1192	2985
PB2|PP755596.1|A/cattle/Texas/24-008749-003/2024(H5N1)	1193	2984
PB2|PP755596.1|A/cattle/Texas/24-008749-003/2024(H5N1)	1194	2982
PB2|PP755596.1|A/cattle/Texas/24-008749-003/2024(H5N1)	1195	2982
PB2|PP755596.1|A/cattle/Texas/24-008749-003/2024(H5N1)	1196	2970
PB2|PP755596.1|A/cattle/Texas/24-008749-003/2024(H5N1)	1197	2942
PB2|PP755596.1|A/cattle/Texas/24-008749-003/2024(H5N1)	1198	2942
PB2|PP755596.1|A/cattle/Texas/24-008749-003/2024(H5N1)	1199	2898
PB2|PP755596.1|A/cattle/Texas/24-008749-003/2024(H5N1)	1200	2920
PB2|PP755596.1|A/cattle/Texas/24-008749-003/2024(H5N1)	1201	2921
PB2|PP755596.1|A/cattle/Texas/24-008749-003/2024(H5N1)	1202	2926
PB2|PP755596.1|A/cattle/Texas/24-008749-003/2024(H5N1)	1203	2918
PB2|PP755596.1|A/cattle/Texas/24-008749-003/2024(H5N1)	1204	2954
PB2|PP755596.1|A/cattle/Texas/24-008749-003/2024(H5N1)	1205	2961
PB2|PP755596.1|A/cattle/Texas/24-008749-003/2024(H5N1)	1206	2988
PB2|PP755596.1|A/cattle/Texas/24-008749-003/2024(H5N1)	1207	2972
PB2|PP755596.1|A/cattle/Texas/24-008749-003/2024(H5N1)	1208	2996
PB2|PP755596.1|A/cattle/Texas/24-008749-003/2024(H5N1)	1209	2971
PB2|PP755596.1|A/cattle/Texas/24-008749-003/2024(H5N1)	1210	2966
PB2|PP755596.1|A/cattle/Texas/24-008749-003/2024(H5N1)	1211	3008
PB2|PP755596.1|A/cattle/Texas/24-008749-003/2024(H5N1)	1212	3012
PB2|PP755596.1|A/cattle/Texas/24-008749-003/2024(H5N1)	1213	2981
PB2|PP755596.1|A/cattle/Texas/24-008749-003/2024(H5N1)	1214	3006
PB2|PP755596.1|A/cattle/Texas/24-008749-003/2024(H5N1)	1215	3035
PB2|PP755596.1|A/cattle/Texas/24-008749-003/2024(H5N1)	1216	2977
PB2|PP755596.1|A/cattle/Texas/24-008749-003/2024(H5N1)	1217	2986
PB2|PP755596.1|A/cattle/Texas/24-008749-003/2024(H5N1)	1218	2967
PB2|PP755596.1|A/cattle/Texas/24-008749-003/2024(H5N1)	1219	2948
PB2|PP755596.1|A/cattle/Texas/24-008749-003/2024(H5N1)	1220	2859
PB2|PP755596.1|A/cattle/Texas/24-008749-003/2024(H5N1)	1221	2896
PB2|PP755596.1|A/cattle/Texas/24-008749-003/2024(H5N1)	1222	2898
PB2|PP755596.1|A/cattle/Texas/24-008749-003/2024(H5N1)	1223	2862
PB2|PP755596.1|A/cattle/Texas/24-008749-003/2024(H5N1)	1224	2869
PB2|PP755596.1|A/cattle/Texas/24-008749-003/2024(H5N1)	1225	2816
PB2|PP755596.1|A/cattle/Texas/24-008749-003/2024(H5N1)	1226	2825
PB2|PP755596.1|A/cattle/Texas/24-008749-003/2024(H5N1)	1227	2758
PB2|PP755596.1|A/cattle/Texas/24-008749-003/2024(H5N1)	1228	2770
PB2|PP755596.1|A/cattle/Texas/24-008749-003/2024(H5N1)	1229	2803
PB2|PP755596.1|A/cattle/Texas/24-008749-003/2024(H5N1)	1230	2855
PB2|PP755596.1|A/cattle/Texas/24-008749-003/2024(H5N1)	1231	2859
PB2|PP755596.1|A/cattle/Texas/24-008749-003/2024(H5N1)	1232	2845
PB2|PP755596.1|A/cattle/Texas/24-008749-003/2024(H5N1)	1233	2839
PB2|PP755596.1|A/cattle/Texas/24-008749-003/2024(H5N1)	1234	2839
PB2|PP755596.1|A/cattle/Texas/24-008749-003/2024(H5N1)	1235	2829
PB2|PP755596.1|A/cattle/Texas/24-008749-003/2024(H5N1)	1236	2840
PB2|PP755596.1|A/cattle/Texas/24-008749-003/2024(H5N1)	1237	2833
PB2|PP755596.1|A/cattle/Texas/24-008749-003/2024(H5N1)	1238	2897
PB2|PP755596.1|A/cattle/Texas/24-008749-003/2024(H5N1)	1239	2884
PB2|PP755596.1|A/cattle/Texas/24-008749-003/2024(H5N1)	1240	2955
PB2|PP755596.1|A/cattle/Texas/24-008749-003/2024(H5N1)	1241	3000
PB2|PP755596.1|A/cattle/Texas/24-008749-003/2024(H5N1)	1242	2995
PB2|PP755596.1|A/cattle/Texas/24-008749-003/2024(H5N1)	1243	3026
PB2|PP755596.1|A/cattle/Texas/24-008749-003/2024(H5N1)	1244	3030
PB2|PP755596.1|A/cattle/Texas/24-008749-003/2024(H5N1)	1245	3054
PB2|PP755596.1|A/cattle/Texas/24-008749-003/2024(H5N1)	1246	3016
PB2|PP755596.1|A/cattle/Texas/24-008749-003/2024(H5N1)	1247	2985
PB2|PP755596.1|A/cattle/Texas/24-008749-003/2024(H5N1)	1248	2809
PB2|PP755596.1|A/cattle/Texas/24-008749-003/2024(H5N1)	1249	2804
PB2|PP755596.1|A/cattle/Texas/24-008749-003/2024(H5N1)	1250	2840
PB2|PP755596.1|A/cattle/Texas/24-008749-003/2024(H5N1)	1251	2829
PB2|PP755596.1|A/cattle/Texas/24-008749-003/2024(H5N1)	1252	2821
PB2|PP755596.1|A/cattle/Texas/24-008749-003/2024(H5N1)	1253	2805
PB2|PP755596.1|A/cattle/Texas/24-008749-003/2024(H5N1)	1254	2819
PB2|PP755596.1|A/cattle/Texas/24-008749-003/2024(H5N1)	1255	2838
PB2|PP755596.1|A/cattle/Texas/24-008749-003/2024(H5N1)	1256	2837
PB2|PP755596.1|A/cattle/Texas/24-008749-003/2024(H5N1)	1257	2819
PB2|PP755596.1|A/cattle/Texas/24-008749-003/2024(H5N1)	1258	2792
PB2|PP755596.1|A/cattle/Texas/24-008749-003/2024(H5N1)	1259	2784
PB2|PP755596.1|A/cattle/Texas/24-008749-003/2024(H5N1)	1260	2804
PB2|PP755596.1|A/cattle/Texas/24-008749-003/2024(H5N1)	1261	2812
PB2|PP755596.1|A/cattle/Texas/24-008749-003/2024(H5N1)	1262	2819
PB2|PP755596.1|A/cattle/Texas/24-008749-003/2024(H5N1)	1263	2816
PB2|PP755596.1|A/cattle/Texas/24-008749-003/2024(H5N1)	1264	2818
PB2|PP755596.1|A/cattle/Texas/24-008749-003/2024(H5N1)	1265	2817
PB2|PP755596.1|A/cattle/Texas/24-008749-003/2024(H5N1)	1266	2814
PB2|PP755596.1|A/cattle/Texas/24-008749-003/2024(H5N1)	1267	2809
PB2|PP755596.1|A/cattle/Texas/24-008749-003/2024(H5N1)	1268	2789
PB2|PP755596.1|A/cattle/Texas/24-008749-003/2024(H5N1)	1269	2785
PB2|PP755596.1|A/cattle/Texas/24-008749-003/2024(H5N1)	1270	2791
PB2|PP755596.1|A/cattle/Texas/24-008749-003/2024(H5N1)	1271	2793
PB2|PP755596.1|A/cattle/Texas/24-008749-003/2024(H5N1)	1272	2779
PB2|PP755596.1|A/cattle/Texas/24-008749-003/2024(H5N1)	1273	2781
PB2|PP755596.1|A/cattle/Texas/24-008749-003/2024(H5N1)	1274	2792
PB2|PP755596.1|A/cattle/Texas/24-008749-003/2024(H5N1)	1275	2796
PB2|PP755596.1|A/cattle/Texas/24-008749-003/2024(H5N1)	1276	2787
PB2|PP755596.1|A/cattle/Texas/24-008749-003/2024(H5N1)	1277	2728
PB2|PP755596.1|A/cattle/Texas/24-008749-003/2024(H5N1)	1278	2726
PB2|PP755596.1|A/cattle/Texas/24-008749-003/2024(H5N1)	1279	2783
PB2|PP755596.1|A/cattle/Texas/24-008749-003/2024(H5N1)	1280	2783
PB2|PP755596.1|A/cattle/Texas/24-008749-003/2024(H5N1)	1281	2864
PB2|PP755596.1|A/cattle/Texas/24-008749-003/2024(H5N1)	1282	2740
PB2|PP755596.1|A/cattle/Texas/24-008749-003/2024(H5N1)	1283	2617
PB2|PP755596.1|A/cattle/Texas/24-008749-003/2024(H5N1)	1284	2630
PB2|PP755596.1|A/cattle/Texas/24-008749-003/2024(H5N1)	1285	2632
PB2|PP755596.1|A/cattle/Texas/24-008749-003/2024(H5N1)	1286	2723
PB2|PP755596.1|A/cattle/Texas/24-008749-003/2024(H5N1)	1287	2716
PB2|PP755596.1|A/cattle/Texas/24-008749-003/2024(H5N1)	1288	2838
PB2|PP755596.1|A/cattle/Texas/24-008749-003/2024(H5N1)	1289	2833
PB2|PP755596.1|A/cattle/Texas/24-008749-003/2024(H5N1)	1290	2779
PB2|PP755596.1|A/cattle/Texas/24-008749-003/2024(H5N1)	1291	2785
PB2|PP755596.1|A/cattle/Texas/24-008749-003/2024(H5N1)	1292	2777
PB2|PP755596.1|A/cattle/Texas/24-008749-003/2024(H5N1)	1293	2782
PB2|PP755596.1|A/cattle/Texas/24-008749-003/2024(H5N1)	1294	2807
PB2|PP755596.1|A/cattle/Texas/24-008749-003/2024(H5N1)	1295	2741
PB2|PP755596.1|A/cattle/Texas/24-008749-003/2024(H5N1)	1296	2748
PB2|PP755596.1|A/cattle/Texas/24-008749-003/2024(H5N1)	1297	2743
PB2|PP755596.1|A/cattle/Texas/24-008749-003/2024(H5N1)	1298	2739
PB2|PP755596.1|A/cattle/Texas/24-008749-003/2024(H5N1)	1299	2733
PB2|PP755596.1|A/cattle/Texas/24-008749-003/2024(H5N1)	1300	2747
PB2|PP755596.1|A/cattle/Texas/24-008749-003/2024(H5N1)	1301	2771
PB2|PP755596.1|A/cattle/Texas/24-008749-003/2024(H5N1)	1302	2796
PB2|PP755596.1|A/cattle/Texas/24-008749-003/2024(H5N1)	1303	2769
PB2|PP755596.1|A/cattle/Texas/24-008749-003/2024(H5N1)	1304	2800
PB2|PP755596.1|A/cattle/Texas/24-008749-003/2024(H5N1)	1305	2799
PB2|PP755596.1|A/cattle/Texas/24-008749-003/2024(H5N1)	1306	2797
PB2|PP755596.1|A/cattle/Texas/24-008749-003/2024(H5N1)	1307	2796
PB2|PP755596.1|A/cattle/Texas/24-008749-003/2024(H5N1)	1308	2723
PB2|PP755596.1|A/cattle/Texas/24-008749-003/2024(H5N1)	1309	2746
PB2|PP755596.1|A/cattle/Texas/24-008749-003/2024(H5N1)	1310	2735
PB2|PP755596.1|A/cattle/Texas/24-008749-003/2024(H5N1)	1311	2768
PB2|PP755596.1|A/cattle/Texas/24-008749-003/2024(H5N1)	1312	2765
PB2|PP755596.1|A/cattle/Texas/24-008749-003/2024(H5N1)	1313	2777
PB2|PP755596.1|A/cattle/Texas/24-008749-003/2024(H5N1)	1314	2842
PB2|PP755596.1|A/cattle/Texas/24-008749-003/2024(H5N1)	1315	2842
PB2|PP755596.1|A/cattle/Texas/24-008749-003/2024(H5N1)	1316	2841
PB2|PP755596.1|A/cattle/Texas/24-008749-003/2024(H5N1)	1317	2843
PB2|PP755596.1|A/cattle/Texas/24-008749-003/2024(H5N1)	1318	2832
PB2|PP755596.1|A/cattle/Texas/24-008749-003/2024(H5N1)	1319	2822
PB2|PP755596.1|A/cattle/Texas/24-008749-003/2024(H5N1)	1320	2800
PB2|PP755596.1|A/cattle/Texas/24-008749-003/2024(H5N1)	1321	2734
PB2|PP755596.1|A/cattle/Texas/24-008749-003/2024(H5N1)	1322	3133
PB2|PP755596.1|A/cattle/Texas/24-008749-003/2024(H5N1)	1323	3129
PB2|PP755596.1|A/cattle/Texas/24-008749-003/2024(H5N1)	1324	3126
PB2|PP755596.1|A/cattle/Texas/24-008749-003/2024(H5N1)	1325	3175
PB2|PP755596.1|A/cattle/Texas/24-008749-003/2024(H5N1)	1326	3186
PB2|PP755596.1|A/cattle/Texas/24-008749-003/2024(H5N1)	1327	3183
PB2|PP755596.1|A/cattle/Texas/24-008749-003/2024(H5N1)	1328	3183
PB2|PP755596.1|A/cattle/Texas/24-008749-003/2024(H5N1)	1329	3173
PB2|PP755596.1|A/cattle/Texas/24-008749-003/2024(H5N1)	1330	3179
PB2|PP755596.1|A/cattle/Texas/24-008749-003/2024(H5N1)	1331	3159
PB2|PP755596.1|A/cattle/Texas/24-008749-003/2024(H5N1)	1332	3157
PB2|PP755596.1|A/cattle/Texas/24-008749-003/2024(H5N1)	1333	3164
PB2|PP755596.1|A/cattle/Texas/24-008749-003/2024(H5N1)	1334	3145
PB2|PP755596.1|A/cattle/Texas/24-008749-003/2024(H5N1)	1335	3147
PB2|PP755596.1|A/cattle/Texas/24-008749-003/2024(H5N1)	1336	3228
PB2|PP755596.1|A/cattle/Texas/24-008749-003/2024(H5N1)	1337	3230
PB2|PP755596.1|A/cattle/Texas/24-008749-003/2024(H5N1)	1338	3215
PB2|PP755596.1|A/cattle/Texas/24-008749-003/2024(H5N1)	1339	3210
PB2|PP755596.1|A/cattle/Texas/24-008749-003/2024(H5N1)	1340	3211
PB2|PP755596.1|A/cattle/Texas/24-008749-003/2024(H5N1)	1341	3227
PB2|PP755596.1|A/cattle/Texas/24-008749-003/2024(H5N1)	1342	3227
PB2|PP755596.1|A/cattle/Texas/24-008749-003/2024(H5N1)	1343	3248
PB2|PP755596.1|A/cattle/Texas/24-008749-003/2024(H5N1)	1344	3249
PB2|PP755596.1|A/cattle/Texas/24-008749-003/2024(H5N1)	1345	3242
PB2|PP755596.1|A/cattle/Texas/24-008749-003/2024(H5N1)	1346	3241
PB2|PP755596.1|A/cattle/Texas/24-008749-003/2024(H5N1)	1347	3239
PB2|PP755596.1|A/cattle/Texas/24-008749-003/2024(H5N1)	1348	3239
PB2|PP755596.1|A/cattle/Texas/24-008749-003/2024(H5N1)	1349	3266
PB2|PP755596.1|A/cattle/Texas/24-008749-003/2024(H5N1)	1350	3263
PB2|PP755596.1|A/cattle/Texas/24-008749-003/2024(H5N1)	1351	3271
PB2|PP755596.1|A/cattle/Texas/24-008749-003/2024(H5N1)	1352	3265
PB2|PP755596.1|A/cattle/Texas/24-008749-003/2024(H5N1)	1353	3255
PB2|PP755596.1|A/cattle/Texas/24-008749-003/2024(H5N1)	1354	3255
PB2|PP755596.1|A/cattle/Texas/24-008749-003/2024(H5N1)	1355	3213
PB2|PP755596.1|A/cattle/Texas/24-008749-003/2024(H5N1)	1356	3217
PB2|PP755596.1|A/cattle/Texas/24-008749-003/2024(H5N1)	1357	3215
PB2|PP755596.1|A/cattle/Texas/24-008749-003/2024(H5N1)	1358	3211
PB2|PP755596.1|A/cattle/Texas/24-008749-003/2024(H5N1)	1359	3216
PB2|PP755596.1|A/cattle/Texas/24-008749-003/2024(H5N1)	1360	3203
PB2|PP755596.1|A/cattle/Texas/24-008749-003/2024(H5N1)	1361	3230
PB2|PP755596.1|A/cattle/Texas/24-008749-003/2024(H5N1)	1362	3198
PB2|PP755596.1|A/cattle/Texas/24-008749-003/2024(H5N1)	1363	3194
PB2|PP755596.1|A/cattle/Texas/24-008749-003/2024(H5N1)	1364	3192
PB2|PP755596.1|A/cattle/Texas/24-008749-003/2024(H5N1)	1365	3158
PB2|PP755596.1|A/cattle/Texas/24-008749-003/2024(H5N1)	1366	3108
PB2|PP755596.1|A/cattle/Texas/24-008749-003/2024(H5N1)	1367	3072
PB2|PP755596.1|A/cattle/Texas/24-008749-003/2024(H5N1)	1368	3077
PB2|PP755596.1|A/cattle/Texas/24-008749-003/2024(H5N1)	1369	3084
PB2|PP755596.1|A/cattle/Texas/24-008749-003/2024(H5N1)	1370	3084
PB2|PP755596.1|A/cattle/Texas/24-008749-003/2024(H5N1)	1371	3087
PB2|PP755596.1|A/cattle/Texas/24-008749-003/2024(H5N1)	1372	3046
PB2|PP755596.1|A/cattle/Texas/24-008749-003/2024(H5N1)	1373	3047
PB2|PP755596.1|A/cattle/Texas/24-008749-003/2024(H5N1)	1374	3041
PB2|PP755596.1|A/cattle/Texas/24-008749-003/2024(H5N1)	1375	3043
PB2|PP755596.1|A/cattle/Texas/24-008749-003/2024(H5N1)	1376	3059
PB2|PP755596.1|A/cattle/Texas/24-008749-003/2024(H5N1)	1377	3072
PB2|PP755596.1|A/cattle/Texas/24-008749-003/2024(H5N1)	1378	3055
PB2|PP755596.1|A/cattle/Texas/24-008749-003/2024(H5N1)	1379	3050
PB2|PP755596.1|A/cattle/Texas/24-008749-003/2024(H5N1)	1380	3062
PB2|PP755596.1|A/cattle/Texas/24-008749-003/2024(H5N1)	1381	2987
PB2|PP755596.1|A/cattle/Texas/24-008749-003/2024(H5N1)	1382	3002
PB2|PP755596.1|A/cattle/Texas/24-008749-003/2024(H5N1)	1383	2994
PB2|PP755596.1|A/cattle/Texas/24-008749-003/2024(H5N1)	1384	2990
PB2|PP755596.1|A/cattle/Texas/24-008749-003/2024(H5N1)	1385	3100
PB2|PP755596.1|A/cattle/Texas/24-008749-003/2024(H5N1)	1386	3099
PB2|PP755596.1|A/cattle/Texas/24-008749-003/2024(H5N1)	1387	3159
PB2|PP755596.1|A/cattle/Texas/24-008749-003/2024(H5N1)	1388	3156
PB2|PP755596.1|A/cattle/Texas/24-008749-003/2024(H5N1)	1389	3146
PB2|PP755596.1|A/cattle/Texas/24-008749-003/2024(H5N1)	1390	3087
PB2|PP755596.1|A/cattle/Texas/24-008749-003/2024(H5N1)	1391	3026
PB2|PP755596.1|A/cattle/Texas/24-008749-003/2024(H5N1)	1392	3049
PB2|PP755596.1|A/cattle/Texas/24-008749-003/2024(H5N1)	1393	3061
PB2|PP755596.1|A/cattle/Texas/24-008749-003/2024(H5N1)	1394	3028
PB2|PP755596.1|A/cattle/Texas/24-008749-003/2024(H5N1)	1395	2994
PB2|PP755596.1|A/cattle/Texas/24-008749-003/2024(H5N1)	1396	2990
PB2|PP755596.1|A/cattle/Texas/24-008749-003/2024(H5N1)	1397	3004
PB2|PP755596.1|A/cattle/Texas/24-008749-003/2024(H5N1)	1398	3005
PB2|PP755596.1|A/cattle/Texas/24-008749-003/2024(H5N1)	1399	3041
PB2|PP755596.1|A/cattle/Texas/24-008749-003/2024(H5N1)	1400	3000
PB2|PP755596.1|A/cattle/Texas/24-008749-003/2024(H5N1)	1401	2974
PB2|PP755596.1|A/cattle/Texas/24-008749-003/2024(H5N1)	1402	2993
PB2|PP755596.1|A/cattle/Texas/24-008749-003/2024(H5N1)	1403	3016
PB2|PP755596.1|A/cattle/Texas/24-008749-003/2024(H5N1)	1404	3027
PB2|PP755596.1|A/cattle/Texas/24-008749-003/2024(H5N1)	1405	3023
PB2|PP755596.1|A/cattle/Texas/24-008749-003/2024(H5N1)	1406	3008
PB2|PP755596.1|A/cattle/Texas/24-008749-003/2024(H5N1)	1407	3006
PB2|PP755596.1|A/cattle/Texas/24-008749-003/2024(H5N1)	1408	3011
PB2|PP755596.1|A/cattle/Texas/24-008749-003/2024(H5N1)	1409	3004
PB2|PP755596.1|A/cattle/Texas/24-008749-003/2024(H5N1)	1410	3006
PB2|PP755596.1|A/cattle/Texas/24-008749-003/2024(H5N1)	1411	2977
PB2|PP755596.1|A/cattle/Texas/24-008749-003/2024(H5N1)	1412	2976
PB2|PP755596.1|A/cattle/Texas/24-008749-003/2024(H5N1)	1413	2942
PB2|PP755596.1|A/cattle/Texas/24-008749-003/2024(H5N1)	1414	2988
PB2|PP755596.1|A/cattle/Texas/24-008749-003/2024(H5N1)	1415	3009
PB2|PP755596.1|A/cattle/Texas/24-008749-003/2024(H5N1)	1416	3009
PB2|PP755596.1|A/cattle/Texas/24-008749-003/2024(H5N1)	1417	3016
PB2|PP755596.1|A/cattle/Texas/24-008749-003/2024(H5N1)	1418	3010
PB2|PP755596.1|A/cattle/Texas/24-008749-003/2024(H5N1)	1419	2966
PB2|PP755596.1|A/cattle/Texas/24-008749-003/2024(H5N1)	1420	3021
PB2|PP755596.1|A/cattle/Texas/24-008749-003/2024(H5N1)	1421	3033
PB2|PP755596.1|A/cattle/Texas/24-008749-003/2024(H5N1)	1422	3031
PB2|PP755596.1|A/cattle/Texas/24-008749-003/2024(H5N1)	1423	3031
PB2|PP755596.1|A/cattle/Texas/24-008749-003/2024(H5N1)	1424	3026
PB2|PP755596.1|A/cattle/Texas/24-008749-003/2024(H5N1)	1425	3030
PB2|PP755596.1|A/cattle/Texas/24-008749-003/2024(H5N1)	1426	3030
PB2|PP755596.1|A/cattle/Texas/24-008749-003/2024(H5N1)	1427	3041
PB2|PP755596.1|A/cattle/Texas/24-008749-003/2024(H5N1)	1428	3087
PB2|PP755596.1|A/cattle/Texas/24-008749-003/2024(H5N1)	1429	3017
PB2|PP755596.1|A/cattle/Texas/24-008749-003/2024(H5N1)	1430	3213
PB2|PP755596.1|A/cattle/Texas/24-008749-003/2024(H5N1)	1431	3215
PB2|PP755596.1|A/cattle/Texas/24-008749-003/2024(H5N1)	1432	3162
PB2|PP755596.1|A/cattle/Texas/24-008749-003/2024(H5N1)	1433	3162
PB2|PP755596.1|A/cattle/Texas/24-008749-003/2024(H5N1)	1434	3161
PB2|PP755596.1|A/cattle/Texas/24-008749-003/2024(H5N1)	1435	3144
PB2|PP755596.1|A/cattle/Texas/24-008749-003/2024(H5N1)	1436	3151
PB2|PP755596.1|A/cattle/Texas/24-008749-003/2024(H5N1)	1437	3072
PB2|PP755596.1|A/cattle/Texas/24-008749-003/2024(H5N1)	1438	3086
PB2|PP755596.1|A/cattle/Texas/24-008749-003/2024(H5N1)	1439	2938
PB2|PP755596.1|A/cattle/Texas/24-008749-003/2024(H5N1)	1440	2939
PB2|PP755596.1|A/cattle/Texas/24-008749-003/2024(H5N1)	1441	2935
PB2|PP755596.1|A/cattle/Texas/24-008749-003/2024(H5N1)	1442	2943
PB2|PP755596.1|A/cattle/Texas/24-008749-003/2024(H5N1)	1443	2956
PB2|PP755596.1|A/cattle/Texas/24-008749-003/2024(H5N1)	1444	2952
PB2|PP755596.1|A/cattle/Texas/24-008749-003/2024(H5N1)	1445	2911
PB2|PP755596.1|A/cattle/Texas/24-008749-003/2024(H5N1)	1446	2939
PB2|PP755596.1|A/cattle/Texas/24-008749-003/2024(H5N1)	1447	2954
PB2|PP755596.1|A/cattle/Texas/24-008749-003/2024(H5N1)	1448	2951
PB2|PP755596.1|A/cattle/Texas/24-008749-003/2024(H5N1)	1449	2936
PB2|PP755596.1|A/cattle/Texas/24-008749-003/2024(H5N1)	1450	2866
PB2|PP755596.1|A/cattle/Texas/24-008749-003/2024(H5N1)	1451	2886
PB2|PP755596.1|A/cattle/Texas/24-008749-003/2024(H5N1)	1452	2865
PB2|PP755596.1|A/cattle/Texas/24-008749-003/2024(H5N1)	1453	2828
PB2|PP755596.1|A/cattle/Texas/24-008749-003/2024(H5N1)	1454	2836
PB2|PP755596.1|A/cattle/Texas/24-008749-003/2024(H5N1)	1455	2797
PB2|PP755596.1|A/cattle/Texas/24-008749-003/2024(H5N1)	1456	2840
PB2|PP755596.1|A/cattle/Texas/24-008749-003/2024(H5N1)	1457	2845
PB2|PP755596.1|A/cattle/Texas/24-008749-003/2024(H5N1)	1458	2858
PB2|PP755596.1|A/cattle/Texas/24-008749-003/2024(H5N1)	1459	2871
PB2|PP755596.1|A/cattle/Texas/24-008749-003/2024(H5N1)	1460	2829
PB2|PP755596.1|A/cattle/Texas/24-008749-003/2024(H5N1)	1461	2833
PB2|PP755596.1|A/cattle/Texas/24-008749-003/2024(H5N1)	1462	2741
PB2|PP755596.1|A/cattle/Texas/24-008749-003/2024(H5N1)	1463	2735
PB2|PP755596.1|A/cattle/Texas/24-008749-003/2024(H5N1)	1464	3216
PB2|PP755596.1|A/cattle/Texas/24-008749-003/2024(H5N1)	1465	3135
PB2|PP755596.1|A/cattle/Texas/24-008749-003/2024(H5N1)	1466	3174
PB2|PP755596.1|A/cattle/Texas/24-008749-003/2024(H5N1)	1467	3174
PB2|PP755596.1|A/cattle/Texas/24-008749-003/2024(H5N1)	1468	3156
PB2|PP755596.1|A/cattle/Texas/24-008749-003/2024(H5N1)	1469	3238
PB2|PP755596.1|A/cattle/Texas/24-008749-003/2024(H5N1)	1470	3246
PB2|PP755596.1|A/cattle/Texas/24-008749-003/2024(H5N1)	1471	3231
PB2|PP755596.1|A/cattle/Texas/24-008749-003/2024(H5N1)	1472	3216
PB2|PP755596.1|A/cattle/Texas/24-008749-003/2024(H5N1)	1473	2764
PB2|PP755596.1|A/cattle/Texas/24-008749-003/2024(H5N1)	1474	2788
PB2|PP755596.1|A/cattle/Texas/24-008749-003/2024(H5N1)	1475	2775
PB2|PP755596.1|A/cattle/Texas/24-008749-003/2024(H5N1)	1476	2765
PB2|PP755596.1|A/cattle/Texas/24-008749-003/2024(H5N1)	1477	2806
PB2|PP755596.1|A/cattle/Texas/24-008749-003/2024(H5N1)	1478	2825
PB2|PP755596.1|A/cattle/Texas/24-008749-003/2024(H5N1)	1479	2827
PB2|PP755596.1|A/cattle/Texas/24-008749-003/2024(H5N1)	1480	2838
PB2|PP755596.1|A/cattle/Texas/24-008749-003/2024(H5N1)	1481	2916
PB2|PP755596.1|A/cattle/Texas/24-008749-003/2024(H5N1)	1482	2913
PB2|PP755596.1|A/cattle/Texas/24-008749-003/2024(H5N1)	1483	2988
PB2|PP755596.1|A/cattle/Texas/24-008749-003/2024(H5N1)	1484	2988
PB2|PP755596.1|A/cattle/Texas/24-008749-003/2024(H5N1)	1485	3031
PB2|PP755596.1|A/cattle/Texas/24-008749-003/2024(H5N1)	1486	3030
PB2|PP755596.1|A/cattle/Texas/24-008749-003/2024(H5N1)	1487	2958
PB2|PP755596.1|A/cattle/Texas/24-008749-003/2024(H5N1)	1488	2955
PB2|PP755596.1|A/cattle/Texas/24-008749-003/2024(H5N1)	1489	2951
PB2|PP755596.1|A/cattle/Texas/24-008749-003/2024(H5N1)	1490	2949
PB2|PP755596.1|A/cattle/Texas/24-008749-003/2024(H5N1)	1491	3067
PB2|PP755596.1|A/cattle/Texas/24-008749-003/2024(H5N1)	1492	2984
PB2|PP755596.1|A/cattle/Texas/24-008749-003/2024(H5N1)	1493	2986
PB2|PP755596.1|A/cattle/Texas/24-008749-003/2024(H5N1)	1494	2950
PB2|PP755596.1|A/cattle/Texas/24-008749-003/2024(H5N1)	1495	2953
PB2|PP755596.1|A/cattle/Texas/24-008749-003/2024(H5N1)	1496	3099
PB2|PP755596.1|A/cattle/Texas/24-008749-003/2024(H5N1)	1497	3089
PB2|PP755596.1|A/cattle/Texas/24-008749-003/2024(H5N1)	1498	3090
PB2|PP755596.1|A/cattle/Texas/24-008749-003/2024(H5N1)	1499	3090
PB2|PP755596.1|A/cattle/Texas/24-008749-003/2024(H5N1)	1500	3096
PB2|PP755596.1|A/cattle/Texas/24-008749-003/2024(H5N1)	1501	3171
PB2|PP755596.1|A/cattle/Texas/24-008749-003/2024(H5N1)	1502	3165
PB2|PP755596.1|A/cattle/Texas/24-008749-003/2024(H5N1)	1503	3194
PB2|PP755596.1|A/cattle/Texas/24-008749-003/2024(H5N1)	1504	3198
PB2|PP755596.1|A/cattle/Texas/24-008749-003/2024(H5N1)	1505	3197
PB2|PP755596.1|A/cattle/Texas/24-008749-003/2024(H5N1)	1506	3199
PB2|PP755596.1|A/cattle/Texas/24-008749-003/2024(H5N1)	1507	3190
PB2|PP755596.1|A/cattle/Texas/24-008749-003/2024(H5N1)	1508	3172
PB2|PP755596.1|A/cattle/Texas/24-008749-003/2024(H5N1)	1509	3147
PB2|PP755596.1|A/cattle/Texas/24-008749-003/2024(H5N1)	1510	3175
PB2|PP755596.1|A/cattle/Texas/24-008749-003/2024(H5N1)	1511	3180
PB2|PP755596.1|A/cattle/Texas/24-008749-003/2024(H5N1)	1512	3174
PB2|PP755596.1|A/cattle/Texas/24-008749-003/2024(H5N1)	1513	3168
PB2|PP755596.1|A/cattle/Texas/24-008749-003/2024(H5N1)	1514	3168
PB2|PP755596.1|A/cattle/Texas/24-008749-003/2024(H5N1)	1515	3172
PB2|PP755596.1|A/cattle/Texas/24-008749-003/2024(H5N1)	1516	3186
PB2|PP755596.1|A/cattle/Texas/24-008749-003/2024(H5N1)	1517	3191
PB2|PP755596.1|A/cattle/Texas/24-008749-003/2024(H5N1)	1518	3256
PB2|PP755596.1|A/cattle/Texas/24-008749-003/2024(H5N1)	1519	3228
PB2|PP755596.1|A/cattle/Texas/24-008749-003/2024(H5N1)	1520	3211
PB2|PP755596.1|A/cattle/Texas/24-008749-003/2024(H5N1)	1521	3215
PB2|PP755596.1|A/cattle/Texas/24-008749-003/2024(H5N1)	1522	3215
PB2|PP755596.1|A/cattle/Texas/24-008749-003/2024(H5N1)	1523	3214
PB2|PP755596.1|A/cattle/Texas/24-008749-003/2024(H5N1)	1524	3230
PB2|PP755596.1|A/cattle/Texas/24-008749-003/2024(H5N1)	1525	3223
PB2|PP755596.1|A/cattle/Texas/24-008749-003/2024(H5N1)	1526	3223
PB2|PP755596.1|A/cattle/Texas/24-008749-003/2024(H5N1)	1527	3239
PB2|PP755596.1|A/cattle/Texas/24-008749-003/2024(H5N1)	1528	3193
PB2|PP755596.1|A/cattle/Texas/24-008749-003/2024(H5N1)	1529	3341
PB2|PP755596.1|A/cattle/Texas/24-008749-003/2024(H5N1)	1530	3331
PB2|PP755596.1|A/cattle/Texas/24-008749-003/2024(H5N1)	1531	3446
PB2|PP755596.1|A/cattle/Texas/24-008749-003/2024(H5N1)	1532	3447
PB2|PP755596.1|A/cattle/Texas/24-008749-003/2024(H5N1)	1533	3420
PB2|PP755596.1|A/cattle/Texas/24-008749-003/2024(H5N1)	1534	3357
PB2|PP755596.1|A/cattle/Texas/24-008749-003/2024(H5N1)	1535	3342
PB2|PP755596.1|A/cattle/Texas/24-008749-003/2024(H5N1)	1536	3376
PB2|PP755596.1|A/cattle/Texas/24-008749-003/2024(H5N1)	1537	3370
PB2|PP755596.1|A/cattle/Texas/24-008749-003/2024(H5N1)	1538	3274
PB2|PP755596.1|A/cattle/Texas/24-008749-003/2024(H5N1)	1539	3276
PB2|PP755596.1|A/cattle/Texas/24-008749-003/2024(H5N1)	1540	3129
PB2|PP755596.1|A/cattle/Texas/24-008749-003/2024(H5N1)	1541	3176
PB2|PP755596.1|A/cattle/Texas/24-008749-003/2024(H5N1)	1542	3190
PB2|PP755596.1|A/cattle/Texas/24-008749-003/2024(H5N1)	1543	3181
PB2|PP755596.1|A/cattle/Texas/24-008749-003/2024(H5N1)	1544	3184
PB2|PP755596.1|A/cattle/Texas/24-008749-003/2024(H5N1)	1545	3163
PB2|PP755596.1|A/cattle/Texas/24-008749-003/2024(H5N1)	1546	3178
PB2|PP755596.1|A/cattle/Texas/24-008749-003/2024(H5N1)	1547	3176
PB2|PP755596.1|A/cattle/Texas/24-008749-003/2024(H5N1)	1548	3166
PB2|PP755596.1|A/cattle/Texas/24-008749-003/2024(H5N1)	1549	3169
PB2|PP755596.1|A/cattle/Texas/24-008749-003/2024(H5N1)	1550	3174
PB2|PP755596.1|A/cattle/Texas/24-008749-003/2024(H5N1)	1551	3210
PB2|PP755596.1|A/cattle/Texas/24-008749-003/2024(H5N1)	1552	3225
PB2|PP755596.1|A/cattle/Texas/24-008749-003/2024(H5N1)	1553	3199
PB2|PP755596.1|A/cattle/Texas/24-008749-003/2024(H5N1)	1554	3190
PB2|PP755596.1|A/cattle/Texas/24-008749-003/2024(H5N1)	1555	3177
PB2|PP755596.1|A/cattle/Texas/24-008749-003/2024(H5N1)	1556	3195
PB2|PP755596.1|A/cattle/Texas/24-008749-003/2024(H5N1)	1557	3210
PB2|PP755596.1|A/cattle/Texas/24-008749-003/2024(H5N1)	1558	3209
PB2|PP755596.1|A/cattle/Texas/24-008749-003/2024(H5N1)	1559	3220
PB2|PP755596.1|A/cattle/Texas/24-008749-003/2024(H5N1)	1560	3185
PB2|PP755596.1|A/cattle/Texas/24-008749-003/2024(H5N1)	1561	3221
PB2|PP755596.1|A/cattle/Texas/24-008749-003/2024(H5N1)	1562	3220
PB2|PP755596.1|A/cattle/Texas/24-008749-003/2024(H5N1)	1563	3225
PB2|PP755596.1|A/cattle/Texas/24-008749-003/2024(H5N1)	1564	3231
PB2|PP755596.1|A/cattle/Texas/24-008749-003/2024(H5N1)	1565	3214
PB2|PP755596.1|A/cattle/Texas/24-008749-003/2024(H5N1)	1566	3206
PB2|PP755596.1|A/cattle/Texas/24-008749-003/2024(H5N1)	1567	3211
PB2|PP755596.1|A/cattle/Texas/24-008749-003/2024(H5N1)	1568	3319
PB2|PP755596.1|A/cattle/Texas/24-008749-003/2024(H5N1)	1569	3336
PB2|PP755596.1|A/cattle/Texas/24-008749-003/2024(H5N1)	1570	3314
PB2|PP755596.1|A/cattle/Texas/24-008749-003/2024(H5N1)	1571	3273
PB2|PP755596.1|A/cattle/Texas/24-008749-003/2024(H5N1)	1572	3262
PB2|PP755596.1|A/cattle/Texas/24-008749-003/2024(H5N1)	1573	3270
PB2|PP755596.1|A/cattle/Texas/24-008749-003/2024(H5N1)	1574	3326
PB2|PP755596.1|A/cattle/Texas/24-008749-003/2024(H5N1)	1575	3331
PB2|PP755596.1|A/cattle/Texas/24-008749-003/2024(H5N1)	1576	3340
PB2|PP755596.1|A/cattle/Texas/24-008749-003/2024(H5N1)	1577	3278
PB2|PP755596.1|A/cattle/Texas/24-008749-003/2024(H5N1)	1578	3271
PB2|PP755596.1|A/cattle/Texas/24-008749-003/2024(H5N1)	1579	3118
PB2|PP755596.1|A/cattle/Texas/24-008749-003/2024(H5N1)	1580	3125
PB2|PP755596.1|A/cattle/Texas/24-008749-003/2024(H5N1)	1581	3148
PB2|PP755596.1|A/cattle/Texas/24-008749-003/2024(H5N1)	1582	3150
PB2|PP755596.1|A/cattle/Texas/24-008749-003/2024(H5N1)	1583	3151
PB2|PP755596.1|A/cattle/Texas/24-008749-003/2024(H5N1)	1584	3152
PB2|PP755596.1|A/cattle/Texas/24-008749-003/2024(H5N1)	1585	3166
PB2|PP755596.1|A/cattle/Texas/24-008749-003/2024(H5N1)	1586	3205
PB2|PP755596.1|A/cattle/Texas/24-008749-003/2024(H5N1)	1587	3235
PB2|PP755596.1|A/cattle/Texas/24-008749-003/2024(H5N1)	1588	3240
PB2|PP755596.1|A/cattle/Texas/24-008749-003/2024(H5N1)	1589	3228
PB2|PP755596.1|A/cattle/Texas/24-008749-003/2024(H5N1)	1590	3197
PB2|PP755596.1|A/cattle/Texas/24-008749-003/2024(H5N1)	1591	3211
PB2|PP755596.1|A/cattle/Texas/24-008749-003/2024(H5N1)	1592	3209
PB2|PP755596.1|A/cattle/Texas/24-008749-003/2024(H5N1)	1593	3228
PB2|PP755596.1|A/cattle/Texas/24-008749-003/2024(H5N1)	1594	3219
PB2|PP755596.1|A/cattle/Texas/24-008749-003/2024(H5N1)	1595	3286
PB2|PP755596.1|A/cattle/Texas/24-008749-003/2024(H5N1)	1596	3262
PB2|PP755596.1|A/cattle/Texas/24-008749-003/2024(H5N1)	1597	3263
PB2|PP755596.1|A/cattle/Texas/24-008749-003/2024(H5N1)	1598	3271
PB2|PP755596.1|A/cattle/Texas/24-008749-003/2024(H5N1)	1599	3272
PB2|PP755596.1|A/cattle/Texas/24-008749-003/2024(H5N1)	1600	3315
PB2|PP755596.1|A/cattle/Texas/24-008749-003/2024(H5N1)	1601	3268
PB2|PP755596.1|A/cattle/Texas/24-008749-003/2024(H5N1)	1602	3255
PB2|PP755596.1|A/cattle/Texas/24-008749-003/2024(H5N1)	1603	3279
PB2|PP755596.1|A/cattle/Texas/24-008749-003/2024(H5N1)	1604	3285
PB2|PP755596.1|A/cattle/Texas/24-008749-003/2024(H5N1)	1605	3283
PB2|PP755596.1|A/cattle/Texas/24-008749-003/2024(H5N1)	1606	3294
PB2|PP755596.1|A/cattle/Texas/24-008749-003/2024(H5N1)	1607	3256
PB2|PP755596.1|A/cattle/Texas/24-008749-003/2024(H5N1)	1608	3259
PB2|PP755596.1|A/cattle/Texas/24-008749-003/2024(H5N1)	1609	3249
PB2|PP755596.1|A/cattle/Texas/24-008749-003/2024(H5N1)	1610	3235
PB2|PP755596.1|A/cattle/Texas/24-008749-003/2024(H5N1)	1611	3363
PB2|PP755596.1|A/cattle/Texas/24-008749-003/2024(H5N1)	1612	3357
PB2|PP755596.1|A/cattle/Texas/24-008749-003/2024(H5N1)	1613	3337
PB2|PP755596.1|A/cattle/Texas/24-008749-003/2024(H5N1)	1614	3370
PB2|PP755596.1|A/cattle/Texas/24-008749-003/2024(H5N1)	1615	2945
PB2|PP755596.1|A/cattle/Texas/24-008749-003/2024(H5N1)	1616	2942
PB2|PP755596.1|A/cattle/Texas/24-008749-003/2024(H5N1)	1617	2934
PB2|PP755596.1|A/cattle/Texas/24-008749-003/2024(H5N1)	1618	2925
PB2|PP755596.1|A/cattle/Texas/24-008749-003/2024(H5N1)	1619	2950
PB2|PP755596.1|A/cattle/Texas/24-008749-003/2024(H5N1)	1620	2881
PB2|PP755596.1|A/cattle/Texas/24-008749-003/2024(H5N1)	1621	2884
PB2|PP755596.1|A/cattle/Texas/24-008749-003/2024(H5N1)	1622	3001
PB2|PP755596.1|A/cattle/Texas/24-008749-003/2024(H5N1)	1623	2966
PB2|PP755596.1|A/cattle/Texas/24-008749-003/2024(H5N1)	1624	2961
PB2|PP755596.1|A/cattle/Texas/24-008749-003/2024(H5N1)	1625	2954
PB2|PP755596.1|A/cattle/Texas/24-008749-003/2024(H5N1)	1626	3152
PB2|PP755596.1|A/cattle/Texas/24-008749-003/2024(H5N1)	1627	3202
PB2|PP755596.1|A/cattle/Texas/24-008749-003/2024(H5N1)	1628	3209
PB2|PP755596.1|A/cattle/Texas/24-008749-003/2024(H5N1)	1629	3125
PB2|PP755596.1|A/cattle/Texas/24-008749-003/2024(H5N1)	1630	3140
PB2|PP755596.1|A/cattle/Texas/24-008749-003/2024(H5N1)	1631	3075
PB2|PP755596.1|A/cattle/Texas/24-008749-003/2024(H5N1)	1632	3080
PB2|PP755596.1|A/cattle/Texas/24-008749-003/2024(H5N1)	1633	3267
PB2|PP755596.1|A/cattle/Texas/24-008749-003/2024(H5N1)	1634	3214
PB2|PP755596.1|A/cattle/Texas/24-008749-003/2024(H5N1)	1635	3213
PB2|PP755596.1|A/cattle/Texas/24-008749-003/2024(H5N1)	1636	3162
PB2|PP755596.1|A/cattle/Texas/24-008749-003/2024(H5N1)	1637	3155
PB2|PP755596.1|A/cattle/Texas/24-008749-003/2024(H5N1)	1638	3345
PB2|PP755596.1|A/cattle/Texas/24-008749-003/2024(H5N1)	1639	3385
PB2|PP755596.1|A/cattle/Texas/24-008749-003/2024(H5N1)	1640	3392
PB2|PP755596.1|A/cattle/Texas/24-008749-003/2024(H5N1)	1641	3393
PB2|PP755596.1|A/cattle/Texas/24-008749-003/2024(H5N1)	1642	3268
PB2|PP755596.1|A/cattle/Texas/24-008749-003/2024(H5N1)	1643	3417
PB2|PP755596.1|A/cattle/Texas/24-008749-003/2024(H5N1)	1644	3415
PB2|PP755596.1|A/cattle/Texas/24-008749-003/2024(H5N1)	1645	3452
PB2|PP755596.1|A/cattle/Texas/24-008749-003/2024(H5N1)	1646	3464
PB2|PP755596.1|A/cattle/Texas/24-008749-003/2024(H5N1)	1647	3281
PB2|PP755596.1|A/cattle/Texas/24-008749-003/2024(H5N1)	1648	3291
PB2|PP755596.1|A/cattle/Texas/24-008749-003/2024(H5N1)	1649	3297
PB2|PP755596.1|A/cattle/Texas/24-008749-003/2024(H5N1)	1650	3305
PB2|PP755596.1|A/cattle/Texas/24-008749-003/2024(H5N1)	1651	3284
PB2|PP755596.1|A/cattle/Texas/24-008749-003/2024(H5N1)	1652	3197
PB2|PP755596.1|A/cattle/Texas/24-008749-003/2024(H5N1)	1653	3202
PB2|PP755596.1|A/cattle/Texas/24-008749-003/2024(H5N1)	1654	3222
PB2|PP755596.1|A/cattle/Texas/24-008749-003/2024(H5N1)	1655	3221
PB2|PP755596.1|A/cattle/Texas/24-008749-003/2024(H5N1)	1656	3229
PB2|PP755596.1|A/cattle/Texas/24-008749-003/2024(H5N1)	1657	3229
PB2|PP755596.1|A/cattle/Texas/24-008749-003/2024(H5N1)	1658	3230
PB2|PP755596.1|A/cattle/Texas/24-008749-003/2024(H5N1)	1659	3229
PB2|PP755596.1|A/cattle/Texas/24-008749-003/2024(H5N1)	1660	3248
PB2|PP755596.1|A/cattle/Texas/24-008749-003/2024(H5N1)	1661	3216
PB2|PP755596.1|A/cattle/Texas/24-008749-003/2024(H5N1)	1662	3208
PB2|PP755596.1|A/cattle/Texas/24-008749-003/2024(H5N1)	1663	3186
PB2|PP755596.1|A/cattle/Texas/24-008749-003/2024(H5N1)	1664	3188
PB2|PP755596.1|A/cattle/Texas/24-008749-003/2024(H5N1)	1665	3192
PB2|PP755596.1|A/cattle/Texas/24-008749-003/2024(H5N1)	1666	3202
PB2|PP755596.1|A/cattle/Texas/24-008749-003/2024(H5N1)	1667	3194
PB2|PP755596.1|A/cattle/Texas/24-008749-003/2024(H5N1)	1668	3161
PB2|PP755596.1|A/cattle/Texas/24-008749-003/2024(H5N1)	1669	3125
PB2|PP755596.1|A/cattle/Texas/24-008749-003/2024(H5N1)	1670	3127
PB2|PP755596.1|A/cattle/Texas/24-008749-003/2024(H5N1)	1671	3131
PB2|PP755596.1|A/cattle/Texas/24-008749-003/2024(H5N1)	1672	3131
PB2|PP755596.1|A/cattle/Texas/24-008749-003/2024(H5N1)	1673	3193
PB2|PP755596.1|A/cattle/Texas/24-008749-003/2024(H5N1)	1674	3225
PB2|PP755596.1|A/cattle/Texas/24-008749-003/2024(H5N1)	1675	3205
PB2|PP755596.1|A/cattle/Texas/24-008749-003/2024(H5N1)	1676	3083
PB2|PP755596.1|A/cattle/Texas/24-008749-003/2024(H5N1)	1677	3054
PB2|PP755596.1|A/cattle/Texas/24-008749-003/2024(H5N1)	1678	3055
PB2|PP755596.1|A/cattle/Texas/24-008749-003/2024(H5N1)	1679	3057
PB2|PP755596.1|A/cattle/Texas/24-008749-003/2024(H5N1)	1680	3057
PB2|PP755596.1|A/cattle/Texas/24-008749-003/2024(H5N1)	1681	3058
PB2|PP755596.1|A/cattle/Texas/24-008749-003/2024(H5N1)	1682	2930
PB2|PP755596.1|A/cattle/Texas/24-008749-003/2024(H5N1)	1683	2941
PB2|PP755596.1|A/cattle/Texas/24-008749-003/2024(H5N1)	1684	2947
PB2|PP755596.1|A/cattle/Texas/24-008749-003/2024(H5N1)	1685	3045
PB2|PP755596.1|A/cattle/Texas/24-008749-003/2024(H5N1)	1686	3043
PB2|PP755596.1|A/cattle/Texas/24-008749-003/2024(H5N1)	1687	3003
PB2|PP755596.1|A/cattle/Texas/24-008749-003/2024(H5N1)	1688	2997
PB2|PP755596.1|A/cattle/Texas/24-008749-003/2024(H5N1)	1689	2997
PB2|PP755596.1|A/cattle/Texas/24-008749-003/2024(H5N1)	1690	3009
PB2|PP755596.1|A/cattle/Texas/24-008749-003/2024(H5N1)	1691	3051
PB2|PP755596.1|A/cattle/Texas/24-008749-003/2024(H5N1)	1692	3015
PB2|PP755596.1|A/cattle/Texas/24-008749-003/2024(H5N1)	1693	3015
PB2|PP755596.1|A/cattle/Texas/24-008749-003/2024(H5N1)	1694	3010
PB2|PP755596.1|A/cattle/Texas/24-008749-003/2024(H5N1)	1695	3086
PB2|PP755596.1|A/cattle/Texas/24-008749-003/2024(H5N1)	1696	3075
PB2|PP755596.1|A/cattle/Texas/24-008749-003/2024(H5N1)	1697	3074
PB2|PP755596.1|A/cattle/Texas/24-008749-003/2024(H5N1)	1698	3080
PB2|PP755596.1|A/cattle/Texas/24-008749-003/2024(H5N1)	1699	3086
PB2|PP755596.1|A/cattle/Texas/24-008749-003/2024(H5N1)	1700	3031
PB2|PP755596.1|A/cattle/Texas/24-008749-003/2024(H5N1)	1701	3027
PB2|PP755596.1|A/cattle/Texas/24-008749-003/2024(H5N1)	1702	3023
PB2|PP755596.1|A/cattle/Texas/24-008749-003/2024(H5N1)	1703	3037
PB2|PP755596.1|A/cattle/Texas/24-008749-003/2024(H5N1)	1704	3028
PB2|PP755596.1|A/cattle/Texas/24-008749-003/2024(H5N1)	1705	3021
PB2|PP755596.1|A/cattle/Texas/24-008749-003/2024(H5N1)	1706	3011
PB2|PP755596.1|A/cattle/Texas/24-008749-003/2024(H5N1)	1707	3009
PB2|PP755596.1|A/cattle/Texas/24-008749-003/2024(H5N1)	1708	3095
PB2|PP755596.1|A/cattle/Texas/24-008749-003/2024(H5N1)	1709	3080
PB2|PP755596.1|A/cattle/Texas/24-008749-003/2024(H5N1)	1710	3115
PB2|PP755596.1|A/cattle/Texas/24-008749-003/2024(H5N1)	1711	3157
PB2|PP755596.1|A/cattle/Texas/24-008749-003/2024(H5N1)	1712	3125
PB2|PP755596.1|A/cattle/Texas/24-008749-003/2024(H5N1)	1713	3194
PB2|PP755596.1|A/cattle/Texas/24-008749-003/2024(H5N1)	1714	3188
PB2|PP755596.1|A/cattle/Texas/24-008749-003/2024(H5N1)	1715	3198
PB2|PP755596.1|A/cattle/Texas/24-008749-003/2024(H5N1)	1716	3198
PB2|PP755596.1|A/cattle/Texas/24-008749-003/2024(H5N1)	1717	3124
PB2|PP755596.1|A/cattle/Texas/24-008749-003/2024(H5N1)	1718	3145
PB2|PP755596.1|A/cattle/Texas/24-008749-003/2024(H5N1)	1719	3078
PB2|PP755596.1|A/cattle/Texas/24-008749-003/2024(H5N1)	1720	3081
PB2|PP755596.1|A/cattle/Texas/24-008749-003/2024(H5N1)	1721	3078
PB2|PP755596.1|A/cattle/Texas/24-008749-003/2024(H5N1)	1722	3041
PB2|PP755596.1|A/cattle/Texas/24-008749-003/2024(H5N1)	1723	3048
PB2|PP755596.1|A/cattle/Texas/24-008749-003/2024(H5N1)	1724	3037
PB2|PP755596.1|A/cattle/Texas/24-008749-003/2024(H5N1)	1725	3028
PB2|PP755596.1|A/cattle/Texas/24-008749-003/2024(H5N1)	1726	3035
PB2|PP755596.1|A/cattle/Texas/24-008749-003/2024(H5N1)	1727	3030
PB2|PP755596.1|A/cattle/Texas/24-008749-003/2024(H5N1)	1728	3058
PB2|PP755596.1|A/cattle/Texas/24-008749-003/2024(H5N1)	1729	3069
PB2|PP755596.1|A/cattle/Texas/24-008749-003/2024(H5N1)	1730	3066
PB2|PP755596.1|A/cattle/Texas/24-008749-003/2024(H5N1)	1731	3023
PB2|PP755596.1|A/cattle/Texas/24-008749-003/2024(H5N1)	1732	3019
PB2|PP755596.1|A/cattle/Texas/24-008749-003/2024(H5N1)	1733	3038
PB2|PP755596.1|A/cattle/Texas/24-008749-003/2024(H5N1)	1734	3033
PB2|PP755596.1|A/cattle/Texas/24-008749-003/2024(H5N1)	1735	3031
PB2|PP755596.1|A/cattle/Texas/24-008749-003/2024(H5N1)	1736	3014
PB2|PP755596.1|A/cattle/Texas/24-008749-003/2024(H5N1)	1737	3080
PB2|PP755596.1|A/cattle/Texas/24-008749-003/2024(H5N1)	1738	3061
PB2|PP755596.1|A/cattle/Texas/24-008749-003/2024(H5N1)	1739	3068
PB2|PP755596.1|A/cattle/Texas/24-008749-003/2024(H5N1)	1740	3064
PB2|PP755596.1|A/cattle/Texas/24-008749-003/2024(H5N1)	1741	3057
PB2|PP755596.1|A/cattle/Texas/24-008749-003/2024(H5N1)	1742	3050
PB2|PP755596.1|A/cattle/Texas/24-008749-003/2024(H5N1)	1743	3052
PB2|PP755596.1|A/cattle/Texas/24-008749-003/2024(H5N1)	1744	3075
PB2|PP755596.1|A/cattle/Texas/24-008749-003/2024(H5N1)	1745	3097
PB2|PP755596.1|A/cattle/Texas/24-008749-003/2024(H5N1)	1746	3036
PB2|PP755596.1|A/cattle/Texas/24-008749-003/2024(H5N1)	1747	3092
PB2|PP755596.1|A/cattle/Texas/24-008749-003/2024(H5N1)	1748	3076
PB2|PP755596.1|A/cattle/Texas/24-008749-003/2024(H5N1)	1749	3087
PB2|PP755596.1|A/cattle/Texas/24-008749-003/2024(H5N1)	1750	3142
PB2|PP755596.1|A/cattle/Texas/24-008749-003/2024(H5N1)	1751	3111
PB2|PP755596.1|A/cattle/Texas/24-008749-003/2024(H5N1)	1752	3263
PB2|PP755596.1|A/cattle/Texas/24-008749-003/2024(H5N1)	1753	3244
PB2|PP755596.1|A/cattle/Texas/24-008749-003/2024(H5N1)	1754	3216
PB2|PP755596.1|A/cattle/Texas/24-008749-003/2024(H5N1)	1755	3215
PB2|PP755596.1|A/cattle/Texas/24-008749-003/2024(H5N1)	1756	3236
PB2|PP755596.1|A/cattle/Texas/24-008749-003/2024(H5N1)	1757	3229
PB2|PP755596.1|A/cattle/Texas/24-008749-003/2024(H5N1)	1758	3225
PB2|PP755596.1|A/cattle/Texas/24-008749-003/2024(H5N1)	1759	3220
PB2|PP755596.1|A/cattle/Texas/24-008749-003/2024(H5N1)	1760	3210
PB2|PP755596.1|A/cattle/Texas/24-008749-003/2024(H5N1)	1761	3071
PB2|PP755596.1|A/cattle/Texas/24-008749-003/2024(H5N1)	1762	3089
PB2|PP755596.1|A/cattle/Texas/24-008749-003/2024(H5N1)	1763	3114
PB2|PP755596.1|A/cattle/Texas/24-008749-003/2024(H5N1)	1764	3095
PB2|PP755596.1|A/cattle/Texas/24-008749-003/2024(H5N1)	1765	3089
PB2|PP755596.1|A/cattle/Texas/24-008749-003/2024(H5N1)	1766	3110
PB2|PP755596.1|A/cattle/Texas/24-008749-003/2024(H5N1)	1767	3120
PB2|PP755596.1|A/cattle/Texas/24-008749-003/2024(H5N1)	1768	3443
PB2|PP755596.1|A/cattle/Texas/24-008749-003/2024(H5N1)	1769	3474
PB2|PP755596.1|A/cattle/Texas/24-008749-003/2024(H5N1)	1770	3459
PB2|PP755596.1|A/cattle/Texas/24-008749-003/2024(H5N1)	1771	3458
PB2|PP755596.1|A/cattle/Texas/24-008749-003/2024(H5N1)	1772	3469
PB2|PP755596.1|A/cattle/Texas/24-008749-003/2024(H5N1)	1773	3455
PB2|PP755596.1|A/cattle/Texas/24-008749-003/2024(H5N1)	1774	3480
PB2|PP755596.1|A/cattle/Texas/24-008749-003/2024(H5N1)	1775	3470
PB2|PP755596.1|A/cattle/Texas/24-008749-003/2024(H5N1)	1776	3490
PB2|PP755596.1|A/cattle/Texas/24-008749-003/2024(H5N1)	1777	3154
PB2|PP755596.1|A/cattle/Texas/24-008749-003/2024(H5N1)	1778	3133
PB2|PP755596.1|A/cattle/Texas/24-008749-003/2024(H5N1)	1779	3126
PB2|PP755596.1|A/cattle/Texas/24-008749-003/2024(H5N1)	1780	3147
PB2|PP755596.1|A/cattle/Texas/24-008749-003/2024(H5N1)	1781	3147
PB2|PP755596.1|A/cattle/Texas/24-008749-003/2024(H5N1)	1782	3110
PB2|PP755596.1|A/cattle/Texas/24-008749-003/2024(H5N1)	1783	3128
PB2|PP755596.1|A/cattle/Texas/24-008749-003/2024(H5N1)	1784	3043
PB2|PP755596.1|A/cattle/Texas/24-008749-003/2024(H5N1)	1785	3058
PB2|PP755596.1|A/cattle/Texas/24-008749-003/2024(H5N1)	1786	3057
PB2|PP755596.1|A/cattle/Texas/24-008749-003/2024(H5N1)	1787	3054
PB2|PP755596.1|A/cattle/Texas/24-008749-003/2024(H5N1)	1788	3053
PB2|PP755596.1|A/cattle/Texas/24-008749-003/2024(H5N1)	1789	2900
PB2|PP755596.1|A/cattle/Texas/24-008749-003/2024(H5N1)	1790	2914
PB2|PP755596.1|A/cattle/Texas/24-008749-003/2024(H5N1)	1791	2923
PB2|PP755596.1|A/cattle/Texas/24-008749-003/2024(H5N1)	1792	2945
PB2|PP755596.1|A/cattle/Texas/24-008749-003/2024(H5N1)	1793	2888
PB2|PP755596.1|A/cattle/Texas/24-008749-003/2024(H5N1)	1794	2858
PB2|PP755596.1|A/cattle/Texas/24-008749-003/2024(H5N1)	1795	2904
PB2|PP755596.1|A/cattle/Texas/24-008749-003/2024(H5N1)	1796	2901
PB2|PP755596.1|A/cattle/Texas/24-008749-003/2024(H5N1)	1797	2940
PB2|PP755596.1|A/cattle/Texas/24-008749-003/2024(H5N1)	1798	2941
PB2|PP755596.1|A/cattle/Texas/24-008749-003/2024(H5N1)	1799	2932
PB2|PP755596.1|A/cattle/Texas/24-008749-003/2024(H5N1)	1800	2937
PB2|PP755596.1|A/cattle/Texas/24-008749-003/2024(H5N1)	1801	2937
PB2|PP755596.1|A/cattle/Texas/24-008749-003/2024(H5N1)	1802	2910
PB2|PP755596.1|A/cattle/Texas/24-008749-003/2024(H5N1)	1803	2909
PB2|PP755596.1|A/cattle/Texas/24-008749-003/2024(H5N1)	1804	2931
PB2|PP755596.1|A/cattle/Texas/24-008749-003/2024(H5N1)	1805	2915
PB2|PP755596.1|A/cattle/Texas/24-008749-003/2024(H5N1)	1806	2910
PB2|PP755596.1|A/cattle/Texas/24-008749-003/2024(H5N1)	1807	2910
PB2|PP755596.1|A/cattle/Texas/24-008749-003/2024(H5N1)	1808	2951
PB2|PP755596.1|A/cattle/Texas/24-008749-003/2024(H5N1)	1809	2952
PB2|PP755596.1|A/cattle/Texas/24-008749-003/2024(H5N1)	1810	2928
PB2|PP755596.1|A/cattle/Texas/24-008749-003/2024(H5N1)	1811	2932
PB2|PP755596.1|A/cattle/Texas/24-008749-003/2024(H5N1)	1812	2951
PB2|PP755596.1|A/cattle/Texas/24-008749-003/2024(H5N1)	1813	2952
PB2|PP755596.1|A/cattle/Texas/24-008749-003/2024(H5N1)	1814	3037
PB2|PP755596.1|A/cattle/Texas/24-008749-003/2024(H5N1)	1815	3039
PB2|PP755596.1|A/cattle/Texas/24-008749-003/2024(H5N1)	1816	3058
PB2|PP755596.1|A/cattle/Texas/24-008749-003/2024(H5N1)	1817	3056
PB2|PP755596.1|A/cattle/Texas/24-008749-003/2024(H5N1)	1818	3079
PB2|PP755596.1|A/cattle/Texas/24-008749-003/2024(H5N1)	1819	3064
PB2|PP755596.1|A/cattle/Texas/24-008749-003/2024(H5N1)	1820	3054
PB2|PP755596.1|A/cattle/Texas/24-008749-003/2024(H5N1)	1821	3082
PB2|PP755596.1|A/cattle/Texas/24-008749-003/2024(H5N1)	1822	3079
PB2|PP755596.1|A/cattle/Texas/24-008749-003/2024(H5N1)	1823	3079
PB2|PP755596.1|A/cattle/Texas/24-008749-003/2024(H5N1)	1824	3062
PB2|PP755596.1|A/cattle/Texas/24-008749-003/2024(H5N1)	1825	3054
PB2|PP755596.1|A/cattle/Texas/24-008749-003/2024(H5N1)	1826	3084
PB2|PP755596.1|A/cattle/Texas/24-008749-003/2024(H5N1)	1827	3201
PB2|PP755596.1|A/cattle/Texas/24-008749-003/2024(H5N1)	1828	3206
PB2|PP755596.1|A/cattle/Texas/24-008749-003/2024(H5N1)	1829	3205
PB2|PP755596.1|A/cattle/Texas/24-008749-003/2024(H5N1)	1830	3205
PB2|PP755596.1|A/cattle/Texas/24-008749-003/2024(H5N1)	1831	3208
PB2|PP755596.1|A/cattle/Texas/24-008749-003/2024(H5N1)	1832	3261
PB2|PP755596.1|A/cattle/Texas/24-008749-003/2024(H5N1)	1833	3260
PB2|PP755596.1|A/cattle/Texas/24-008749-003/2024(H5N1)	1834	3249
PB2|PP755596.1|A/cattle/Texas/24-008749-003/2024(H5N1)	1835	3277
PB2|PP755596.1|A/cattle/Texas/24-008749-003/2024(H5N1)	1836	3151
PB2|PP755596.1|A/cattle/Texas/24-008749-003/2024(H5N1)	1837	3270
PB2|PP755596.1|A/cattle/Texas/24-008749-003/2024(H5N1)	1838	3283
PB2|PP755596.1|A/cattle/Texas/24-008749-003/2024(H5N1)	1839	3326
PB2|PP755596.1|A/cattle/Texas/24-008749-003/2024(H5N1)	1840	3326
PB2|PP755596.1|A/cattle/Texas/24-008749-003/2024(H5N1)	1841	3305
PB2|PP755596.1|A/cattle/Texas/24-008749-003/2024(H5N1)	1842	3294
PB2|PP755596.1|A/cattle/Texas/24-008749-003/2024(H5N1)	1843	3320
PB2|PP755596.1|A/cattle/Texas/24-008749-003/2024(H5N1)	1844	3350
PB2|PP755596.1|A/cattle/Texas/24-008749-003/2024(H5N1)	1845	3336
PB2|PP755596.1|A/cattle/Texas/24-008749-003/2024(H5N1)	1846	3255
PB2|PP755596.1|A/cattle/Texas/24-008749-003/2024(H5N1)	1847	3290
PB2|PP755596.1|A/cattle/Texas/24-008749-003/2024(H5N1)	1848	3295
PB2|PP755596.1|A/cattle/Texas/24-008749-003/2024(H5N1)	1849	3364
PB2|PP755596.1|A/cattle/Texas/24-008749-003/2024(H5N1)	1850	3369
PB2|PP755596.1|A/cattle/Texas/24-008749-003/2024(H5N1)	1851	3360
PB2|PP755596.1|A/cattle/Texas/24-008749-003/2024(H5N1)	1852	3402
PB2|PP755596.1|A/cattle/Texas/24-008749-003/2024(H5N1)	1853	3340
PB2|PP755596.1|A/cattle/Texas/24-008749-003/2024(H5N1)	1854	3338
PB2|PP755596.1|A/cattle/Texas/24-008749-003/2024(H5N1)	1855	3340
PB2|PP755596.1|A/cattle/Texas/24-008749-003/2024(H5N1)	1856	3339
PB2|PP755596.1|A/cattle/Texas/24-008749-003/2024(H5N1)	1857	3407
PB2|PP755596.1|A/cattle/Texas/24-008749-003/2024(H5N1)	1858	3344
PB2|PP755596.1|A/cattle/Texas/24-008749-003/2024(H5N1)	1859	3360
PB2|PP755596.1|A/cattle/Texas/24-008749-003/2024(H5N1)	1860	3340
PB2|PP755596.1|A/cattle/Texas/24-008749-003/2024(H5N1)	1861	3270
PB2|PP755596.1|A/cattle/Texas/24-008749-003/2024(H5N1)	1862	3278
PB2|PP755596.1|A/cattle/Texas/24-008749-003/2024(H5N1)	1863	3278
PB2|PP755596.1|A/cattle/Texas/24-008749-003/2024(H5N1)	1864	3206
PB2|PP755596.1|A/cattle/Texas/24-008749-003/2024(H5N1)	1865	3218
PB2|PP755596.1|A/cattle/Texas/24-008749-003/2024(H5N1)	1866	3197
PB2|PP755596.1|A/cattle/Texas/24-008749-003/2024(H5N1)	1867	3197
PB2|PP755596.1|A/cattle/Texas/24-008749-003/2024(H5N1)	1868	3195
PB2|PP755596.1|A/cattle/Texas/24-008749-003/2024(H5N1)	1869	3196
PB2|PP755596.1|A/cattle/Texas/24-008749-003/2024(H5N1)	1870	3220
PB2|PP755596.1|A/cattle/Texas/24-008749-003/2024(H5N1)	1871	3218
PB2|PP755596.1|A/cattle/Texas/24-008749-003/2024(H5N1)	1872	3216
PB2|PP755596.1|A/cattle/Texas/24-008749-003/2024(H5N1)	1873	3264
PB2|PP755596.1|A/cattle/Texas/24-008749-003/2024(H5N1)	1874	3256
PB2|PP755596.1|A/cattle/Texas/24-008749-003/2024(H5N1)	1875	3271
PB2|PP755596.1|A/cattle/Texas/24-008749-003/2024(H5N1)	1876	3261
PB2|PP755596.1|A/cattle/Texas/24-008749-003/2024(H5N1)	1877	3249
PB2|PP755596.1|A/cattle/Texas/24-008749-003/2024(H5N1)	1878	3247
PB2|PP755596.1|A/cattle/Texas/24-008749-003/2024(H5N1)	1879	3284
PB2|PP755596.1|A/cattle/Texas/24-008749-003/2024(H5N1)	1880	3289
PB2|PP755596.1|A/cattle/Texas/24-008749-003/2024(H5N1)	1881	3299
PB2|PP755596.1|A/cattle/Texas/24-008749-003/2024(H5N1)	1882	3299
PB2|PP755596.1|A/cattle/Texas/24-008749-003/2024(H5N1)	1883	3310
PB2|PP755596.1|A/cattle/Texas/24-008749-003/2024(H5N1)	1884	3327
PB2|PP755596.1|A/cattle/Texas/24-008749-003/2024(H5N1)	1885	3321
PB2|PP755596.1|A/cattle/Texas/24-008749-003/2024(H5N1)	1886	3353
PB2|PP755596.1|A/cattle/Texas/24-008749-003/2024(H5N1)	1887	3365
PB2|PP755596.1|A/cattle/Texas/24-008749-003/2024(H5N1)	1888	3255
PB2|PP755596.1|A/cattle/Texas/24-008749-003/2024(H5N1)	1889	3239
PB2|PP755596.1|A/cattle/Texas/24-008749-003/2024(H5N1)	1890	3234
PB2|PP755596.1|A/cattle/Texas/24-008749-003/2024(H5N1)	1891	3296
PB2|PP755596.1|A/cattle/Texas/24-008749-003/2024(H5N1)	1892	3318
PB2|PP755596.1|A/cattle/Texas/24-008749-003/2024(H5N1)	1893	3306
PB2|PP755596.1|A/cattle/Texas/24-008749-003/2024(H5N1)	1894	3322
PB2|PP755596.1|A/cattle/Texas/24-008749-003/2024(H5N1)	1895	3294
PB2|PP755596.1|A/cattle/Texas/24-008749-003/2024(H5N1)	1896	3320
PB2|PP755596.1|A/cattle/Texas/24-008749-003/2024(H5N1)	1897	3292
PB2|PP755596.1|A/cattle/Texas/24-008749-003/2024(H5N1)	1898	3243
PB2|PP755596.1|A/cattle/Texas/24-008749-003/2024(H5N1)	1899	3236
PB2|PP755596.1|A/cattle/Texas/24-008749-003/2024(H5N1)	1900	3169
PB2|PP755596.1|A/cattle/Texas/24-008749-003/2024(H5N1)	1901	3194
PB2|PP755596.1|A/cattle/Texas/24-008749-003/2024(H5N1)	1902	3101
PB2|PP755596.1|A/cattle/Texas/24-008749-003/2024(H5N1)	1903	3087
PB2|PP755596.1|A/cattle/Texas/24-008749-003/2024(H5N1)	1904	3124
PB2|PP755596.1|A/cattle/Texas/24-008749-003/2024(H5N1)	1905	3103
PB2|PP755596.1|A/cattle/Texas/24-008749-003/2024(H5N1)	1906	3140
PB2|PP755596.1|A/cattle/Texas/24-008749-003/2024(H5N1)	1907	3102
PB2|PP755596.1|A/cattle/Texas/24-008749-003/2024(H5N1)	1908	3115
PB2|PP755596.1|A/cattle/Texas/24-008749-003/2024(H5N1)	1909	3161
PB2|PP755596.1|A/cattle/Texas/24-008749-003/2024(H5N1)	1910	3178
PB2|PP755596.1|A/cattle/Texas/24-008749-003/2024(H5N1)	1911	3204
PB2|PP755596.1|A/cattle/Texas/24-008749-003/2024(H5N1)	1912	3222
PB2|PP755596.1|A/cattle/Texas/24-008749-003/2024(H5N1)	1913	3203
PB2|PP755596.1|A/cattle/Texas/24-008749-003/2024(H5N1)	1914	3257
PB2|PP755596.1|A/cattle/Texas/24-008749-003/2024(H5N1)	1915	3269
PB2|PP755596.1|A/cattle/Texas/24-008749-003/2024(H5N1)	1916	3271
PB2|PP755596.1|A/cattle/Texas/24-008749-003/2024(H5N1)	1917	3255
PB2|PP755596.1|A/cattle/Texas/24-008749-003/2024(H5N1)	1918	3264
PB2|PP755596.1|A/cattle/Texas/24-008749-003/2024(H5N1)	1919	3067
PB2|PP755596.1|A/cattle/Texas/24-008749-003/2024(H5N1)	1920	3063
PB2|PP755596.1|A/cattle/Texas/24-008749-003/2024(H5N1)	1921	3047
PB2|PP755596.1|A/cattle/Texas/24-008749-003/2024(H5N1)	1922	3039
PB2|PP755596.1|A/cattle/Texas/24-008749-003/2024(H5N1)	1923	3028
PB2|PP755596.1|A/cattle/Texas/24-008749-003/2024(H5N1)	1924	2950
PB2|PP755596.1|A/cattle/Texas/24-008749-003/2024(H5N1)	1925	3063
PB2|PP755596.1|A/cattle/Texas/24-008749-003/2024(H5N1)	1926	3081
PB2|PP755596.1|A/cattle/Texas/24-008749-003/2024(H5N1)	1927	3081
PB2|PP755596.1|A/cattle/Texas/24-008749-003/2024(H5N1)	1928	3071
PB2|PP755596.1|A/cattle/Texas/24-008749-003/2024(H5N1)	1929	3076
PB2|PP755596.1|A/cattle/Texas/24-008749-003/2024(H5N1)	1930	3115
PB2|PP755596.1|A/cattle/Texas/24-008749-003/2024(H5N1)	1931	3111
PB2|PP755596.1|A/cattle/Texas/24-008749-003/2024(H5N1)	1932	3114
PB2|PP755596.1|A/cattle/Texas/24-008749-003/2024(H5N1)	1933	3107
PB2|PP755596.1|A/cattle/Texas/24-008749-003/2024(H5N1)	1934	3057
PB2|PP755596.1|A/cattle/Texas/24-008749-003/2024(H5N1)	1935	3061
PB2|PP755596.1|A/cattle/Texas/24-008749-003/2024(H5N1)	1936	3040
PB2|PP755596.1|A/cattle/Texas/24-008749-003/2024(H5N1)	1937	3112
PB2|PP755596.1|A/cattle/Texas/24-008749-003/2024(H5N1)	1938	3124
PB2|PP755596.1|A/cattle/Texas/24-008749-003/2024(H5N1)	1939	3114
PB2|PP755596.1|A/cattle/Texas/24-008749-003/2024(H5N1)	1940	3112
PB2|PP755596.1|A/cattle/Texas/24-008749-003/2024(H5N1)	1941	3101
PB2|PP755596.1|A/cattle/Texas/24-008749-003/2024(H5N1)	1942	3078
PB2|PP755596.1|A/cattle/Texas/24-008749-003/2024(H5N1)	1943	3038
PB2|PP755596.1|A/cattle/Texas/24-008749-003/2024(H5N1)	1944	3088
PB2|PP755596.1|A/cattle/Texas/24-008749-003/2024(H5N1)	1945	3091
PB2|PP755596.1|A/cattle/Texas/24-008749-003/2024(H5N1)	1946	3036
PB2|PP755596.1|A/cattle/Texas/24-008749-003/2024(H5N1)	1947	3041
PB2|PP755596.1|A/cattle/Texas/24-008749-003/2024(H5N1)	1948	3002
PB2|PP755596.1|A/cattle/Texas/24-008749-003/2024(H5N1)	1949	3008
PB2|PP755596.1|A/cattle/Texas/24-008749-003/2024(H5N1)	1950	3023
PB2|PP755596.1|A/cattle/Texas/24-008749-003/2024(H5N1)	1951	3017
PB2|PP755596.1|A/cattle/Texas/24-008749-003/2024(H5N1)	1952	3015
PB2|PP755596.1|A/cattle/Texas/24-008749-003/2024(H5N1)	1953	2996
PB2|PP755596.1|A/cattle/Texas/24-008749-003/2024(H5N1)	1954	2986
PB2|PP755596.1|A/cattle/Texas/24-008749-003/2024(H5N1)	1955	3113
PB2|PP755596.1|A/cattle/Texas/24-008749-003/2024(H5N1)	1956	3125
PB2|PP755596.1|A/cattle/Texas/24-008749-003/2024(H5N1)	1957	3130
PB2|PP755596.1|A/cattle/Texas/24-008749-003/2024(H5N1)	1958	3149
PB2|PP755596.1|A/cattle/Texas/24-008749-003/2024(H5N1)	1959	3112
PB2|PP755596.1|A/cattle/Texas/24-008749-003/2024(H5N1)	1960	3120
PB2|PP755596.1|A/cattle/Texas/24-008749-003/2024(H5N1)	1961	3112
PB2|PP755596.1|A/cattle/Texas/24-008749-003/2024(H5N1)	1962	3090
PB2|PP755596.1|A/cattle/Texas/24-008749-003/2024(H5N1)	1963	3127
PB2|PP755596.1|A/cattle/Texas/24-008749-003/2024(H5N1)	1964	3062
PB2|PP755596.1|A/cattle/Texas/24-008749-003/2024(H5N1)	1965	3101
PB2|PP755596.1|A/cattle/Texas/24-008749-003/2024(H5N1)	1966	3142
PB2|PP755596.1|A/cattle/Texas/24-008749-003/2024(H5N1)	1967	3156
PB2|PP755596.1|A/cattle/Texas/24-008749-003/2024(H5N1)	1968	3154
PB2|PP755596.1|A/cattle/Texas/24-008749-003/2024(H5N1)	1969	3149
PB2|PP755596.1|A/cattle/Texas/24-008749-003/2024(H5N1)	1970	3179
PB2|PP755596.1|A/cattle/Texas/24-008749-003/2024(H5N1)	1971	3182
PB2|PP755596.1|A/cattle/Texas/24-008749-003/2024(H5N1)	1972	3781
PB2|PP755596.1|A/cattle/Texas/24-008749-003/2024(H5N1)	1973	3827
PB2|PP755596.1|A/cattle/Texas/24-008749-003/2024(H5N1)	1974	3848
PB2|PP755596.1|A/cattle/Texas/24-008749-003/2024(H5N1)	1975	3857
PB2|PP755596.1|A/cattle/Texas/24-008749-003/2024(H5N1)	1976	3876
PB2|PP755596.1|A/cattle/Texas/24-008749-003/2024(H5N1)	1977	3799
PB2|PP755596.1|A/cattle/Texas/24-008749-003/2024(H5N1)	1978	3794
PB2|PP755596.1|A/cattle/Texas/24-008749-003/2024(H5N1)	1979	3774
PB2|PP755596.1|A/cattle/Texas/24-008749-003/2024(H5N1)	1980	3780
PB2|PP755596.1|A/cattle/Texas/24-008749-003/2024(H5N1)	1981	3811
PB2|PP755596.1|A/cattle/Texas/24-008749-003/2024(H5N1)	1982	3841
PB2|PP755596.1|A/cattle/Texas/24-008749-003/2024(H5N1)	1983	3815
PB2|PP755596.1|A/cattle/Texas/24-008749-003/2024(H5N1)	1984	3861
PB2|PP755596.1|A/cattle/Texas/24-008749-003/2024(H5N1)	1985	3849
PB2|PP755596.1|A/cattle/Texas/24-008749-003/2024(H5N1)	1986	3864
PB2|PP755596.1|A/cattle/Texas/24-008749-003/2024(H5N1)	1987	3917
PB2|PP755596.1|A/cattle/Texas/24-008749-003/2024(H5N1)	1988	3810
PB2|PP755596.1|A/cattle/Texas/24-008749-003/2024(H5N1)	1989	3849
PB2|PP755596.1|A/cattle/Texas/24-008749-003/2024(H5N1)	1990	3817
PB2|PP755596.1|A/cattle/Texas/24-008749-003/2024(H5N1)	1991	3911
PB2|PP755596.1|A/cattle/Texas/24-008749-003/2024(H5N1)	1992	3933
PB2|PP755596.1|A/cattle/Texas/24-008749-003/2024(H5N1)	1993	3891
PB2|PP755596.1|A/cattle/Texas/24-008749-003/2024(H5N1)	1994	3910
PB2|PP755596.1|A/cattle/Texas/24-008749-003/2024(H5N1)	1995	3919
PB2|PP755596.1|A/cattle/Texas/24-008749-003/2024(H5N1)	1996	3935
PB2|PP755596.1|A/cattle/Texas/24-008749-003/2024(H5N1)	1997	3936
PB2|PP755596.1|A/cattle/Texas/24-008749-003/2024(H5N1)	1998	3930
PB2|PP755596.1|A/cattle/Texas/24-008749-003/2024(H5N1)	1999	4016
PB2|PP755596.1|A/cattle/Texas/24-008749-003/2024(H5N1)	2000	3968
PB2|PP755596.1|A/cattle/Texas/24-008749-003/2024(H5N1)	2001	3958
PB2|PP755596.1|A/cattle/Texas/24-008749-003/2024(H5N1)	2002	3979
PB2|PP755596.1|A/cattle/Texas/24-008749-003/2024(H5N1)	2003	3959
PB2|PP755596.1|A/cattle/Texas/24-008749-003/2024(H5N1)	2004	3961
PB2|PP755596.1|A/cattle/Texas/24-008749-003/2024(H5N1)	2005	3989
PB2|PP755596.1|A/cattle/Texas/24-008749-003/2024(H5N1)	2006	4005
PB2|PP755596.1|A/cattle/Texas/24-008749-003/2024(H5N1)	2007	4016
PB2|PP755596.1|A/cattle/Texas/24-008749-003/2024(H5N1)	2008	3934
PB2|PP755596.1|A/cattle/Texas/24-008749-003/2024(H5N1)	2009	3918
PB2|PP755596.1|A/cattle/Texas/24-008749-003/2024(H5N1)	2010	3910
PB2|PP755596.1|A/cattle/Texas/24-008749-003/2024(H5N1)	2011	3903
PB2|PP755596.1|A/cattle/Texas/24-008749-003/2024(H5N1)	2012	3943
PB2|PP755596.1|A/cattle/Texas/24-008749-003/2024(H5N1)	2013	3933
PB2|PP755596.1|A/cattle/Texas/24-008749-003/2024(H5N1)	2014	3943
PB2|PP755596.1|A/cattle/Texas/24-008749-003/2024(H5N1)	2015	3989
PB2|PP755596.1|A/cattle/Texas/24-008749-003/2024(H5N1)	2016	3994
PB2|PP755596.1|A/cattle/Texas/24-008749-003/2024(H5N1)	2017	4027
PB2|PP755596.1|A/cattle/Texas/24-008749-003/2024(H5N1)	2018	4054
PB2|PP755596.1|A/cattle/Texas/24-008749-003/2024(H5N1)	2019	4060
PB2|PP755596.1|A/cattle/Texas/24-008749-003/2024(H5N1)	2020	4087
PB2|PP755596.1|A/cattle/Texas/24-008749-003/2024(H5N1)	2021	4112
PB2|PP755596.1|A/cattle/Texas/24-008749-003/2024(H5N1)	2022	4114
PB2|PP755596.1|A/cattle/Texas/24-008749-003/2024(H5N1)	2023	4112
PB2|PP755596.1|A/cattle/Texas/24-008749-003/2024(H5N1)	2024	4064
PB2|PP755596.1|A/cattle/Texas/24-008749-003/2024(H5N1)	2025	4051
PB2|PP755596.1|A/cattle/Texas/24-008749-003/2024(H5N1)	2026	3891
PB2|PP755596.1|A/cattle/Texas/24-008749-003/2024(H5N1)	2027	3910
PB2|PP755596.1|A/cattle/Texas/24-008749-003/2024(H5N1)	2028	3936
PB2|PP755596.1|A/cattle/Texas/24-008749-003/2024(H5N1)	2029	3905
PB2|PP755596.1|A/cattle/Texas/24-008749-003/2024(H5N1)	2030	3867
PB2|PP755596.1|A/cattle/Texas/24-008749-003/2024(H5N1)	2031	3869
PB2|PP755596.1|A/cattle/Texas/24-008749-003/2024(H5N1)	2032	3872
PB2|PP755596.1|A/cattle/Texas/24-008749-003/2024(H5N1)	2033	3944
PB2|PP755596.1|A/cattle/Texas/24-008749-003/2024(H5N1)	2034	3924
PB2|PP755596.1|A/cattle/Texas/24-008749-003/2024(H5N1)	2035	4602
PB2|PP755596.1|A/cattle/Texas/24-008749-003/2024(H5N1)	2036	4605
PB2|PP755596.1|A/cattle/Texas/24-008749-003/2024(H5N1)	2037	4584
PB2|PP755596.1|A/cattle/Texas/24-008749-003/2024(H5N1)	2038	4664
PB2|PP755596.1|A/cattle/Texas/24-008749-003/2024(H5N1)	2039	4971
PB2|PP755596.1|A/cattle/Texas/24-008749-003/2024(H5N1)	2040	4970
PB2|PP755596.1|A/cattle/Texas/24-008749-003/2024(H5N1)	2041	4963
PB2|PP755596.1|A/cattle/Texas/24-008749-003/2024(H5N1)	2042	4956
PB2|PP755596.1|A/cattle/Texas/24-008749-003/2024(H5N1)	2043	4972
PB2|PP755596.1|A/cattle/Texas/24-008749-003/2024(H5N1)	2044	4993
PB2|PP755596.1|A/cattle/Texas/24-008749-003/2024(H5N1)	2045	5035
PB2|PP755596.1|A/cattle/Texas/24-008749-003/2024(H5N1)	2046	5108
PB2|PP755596.1|A/cattle/Texas/24-008749-003/2024(H5N1)	2047	5078
PB2|PP755596.1|A/cattle/Texas/24-008749-003/2024(H5N1)	2048	5118
PB2|PP755596.1|A/cattle/Texas/24-008749-003/2024(H5N1)	2049	5118
PB2|PP755596.1|A/cattle/Texas/24-008749-003/2024(H5N1)	2050	5164
PB2|PP755596.1|A/cattle/Texas/24-008749-003/2024(H5N1)	2051	5235
PB2|PP755596.1|A/cattle/Texas/24-008749-003/2024(H5N1)	2052	5314
PB2|PP755596.1|A/cattle/Texas/24-008749-003/2024(H5N1)	2053	5405
PB2|PP755596.1|A/cattle/Texas/24-008749-003/2024(H5N1)	2054	5436
PB2|PP755596.1|A/cattle/Texas/24-008749-003/2024(H5N1)	2055	5421
PB2|PP755596.1|A/cattle/Texas/24-008749-003/2024(H5N1)	2056	5414
PB2|PP755596.1|A/cattle/Texas/24-008749-003/2024(H5N1)	2057	5408
PB2|PP755596.1|A/cattle/Texas/24-008749-003/2024(H5N1)	2058	5592
PB2|PP755596.1|A/cattle/Texas/24-008749-003/2024(H5N1)	2059	5577
PB2|PP755596.1|A/cattle/Texas/24-008749-003/2024(H5N1)	2060	5535
PB2|PP755596.1|A/cattle/Texas/24-008749-003/2024(H5N1)	2061	5581
PB2|PP755596.1|A/cattle/Texas/24-008749-003/2024(H5N1)	2062	5524
PB2|PP755596.1|A/cattle/Texas/24-008749-003/2024(H5N1)	2063	5458
PB2|PP755596.1|A/cattle/Texas/24-008749-003/2024(H5N1)	2064	5466
PB2|PP755596.1|A/cattle/Texas/24-008749-003/2024(H5N1)	2065	5408
PB2|PP755596.1|A/cattle/Texas/24-008749-003/2024(H5N1)	2066	5358
PB2|PP755596.1|A/cattle/Texas/24-008749-003/2024(H5N1)	2067	5431
PB2|PP755596.1|A/cattle/Texas/24-008749-003/2024(H5N1)	2068	5715
PB2|PP755596.1|A/cattle/Texas/24-008749-003/2024(H5N1)	2069	5707
PB2|PP755596.1|A/cattle/Texas/24-008749-003/2024(H5N1)	2070	5720
PB2|PP755596.1|A/cattle/Texas/24-008749-003/2024(H5N1)	2071	5765
PB2|PP755596.1|A/cattle/Texas/24-008749-003/2024(H5N1)	2072	7084
PB2|PP755596.1|A/cattle/Texas/24-008749-003/2024(H5N1)	2073	14879
PB2|PP755596.1|A/cattle/Texas/24-008749-003/2024(H5N1)	2074	14870
PB2|PP755596.1|A/cattle/Texas/24-008749-003/2024(H5N1)	2075	14861
PB2|PP755596.1|A/cattle/Texas/24-008749-003/2024(H5N1)	2076	14771
PB2|PP755596.1|A/cattle/Texas/24-008749-003/2024(H5N1)	2077	14805
PB2|PP755596.1|A/cattle/Texas/24-008749-003/2024(H5N1)	2078	14796
PB2|PP755596.1|A/cattle/Texas/24-008749-003/2024(H5N1)	2079	14878
PB2|PP755596.1|A/cattle/Texas/24-008749-003/2024(H5N1)	2080	15397
PB2|PP755596.1|A/cattle/Texas/24-008749-003/2024(H5N1)	2081	15331
PB2|PP755596.1|A/cattle/Texas/24-008749-003/2024(H5N1)	2082	15400
PB2|PP755596.1|A/cattle/Texas/24-008749-003/2024(H5N1)	2083	15751
PB2|PP755596.1|A/cattle/Texas/24-008749-003/2024(H5N1)	2084	15926
PB2|PP755596.1|A/cattle/Texas/24-008749-003/2024(H5N1)	2085	15961
PB2|PP755596.1|A/cattle/Texas/24-008749-003/2024(H5N1)	2086	16157
PB2|PP755596.1|A/cattle/Texas/24-008749-003/2024(H5N1)	2087	16179
PB2|PP755596.1|A/cattle/Texas/24-008749-003/2024(H5N1)	2088	16383
PB2|PP755596.1|A/cattle/Texas/24-008749-003/2024(H5N1)	2089	16461
PB2|PP755596.1|A/cattle/Texas/24-008749-003/2024(H5N1)	2090	16599
PB2|PP755596.1|A/cattle/Texas/24-008749-003/2024(H5N1)	2091	16623
PB2|PP755596.1|A/cattle/Texas/24-008749-003/2024(H5N1)	2092	16619
PB2|PP755596.1|A/cattle/Texas/24-008749-003/2024(H5N1)	2093	16619
PB2|PP755596.1|A/cattle/Texas/24-008749-003/2024(H5N1)	2094	16768
PB2|PP755596.1|A/cattle/Texas/24-008749-003/2024(H5N1)	2095	16779
PB2|PP755596.1|A/cattle/Texas/24-008749-003/2024(H5N1)	2096	17047
PB2|PP755596.1|A/cattle/Texas/24-008749-003/2024(H5N1)	2097	17092
PB2|PP755596.1|A/cattle/Texas/24-008749-003/2024(H5N1)	2098	17267
PB2|PP755596.1|A/cattle/Texas/24-008749-003/2024(H5N1)	2099	17473
PB2|PP755596.1|A/cattle/Texas/24-008749-003/2024(H5N1)	2100	17522
PB2|PP755596.1|A/cattle/Texas/24-008749-003/2024(H5N1)	2101	17543
PB2|PP755596.1|A/cattle/Texas/24-008749-003/2024(H5N1)	2102	17576
PB2|PP755596.1|A/cattle/Texas/24-008749-003/2024(H5N1)	2103	17589
PB2|PP755596.1|A/cattle/Texas/24-008749-003/2024(H5N1)	2104	17773
PB2|PP755596.1|A/cattle/Texas/24-008749-003/2024(H5N1)	2105	17765
PB2|PP755596.1|A/cattle/Texas/24-008749-003/2024(H5N1)	2106	17686
PB2|PP755596.1|A/cattle/Texas/24-008749-003/2024(H5N1)	2107	17670
PB2|PP755596.1|A/cattle/Texas/24-008749-003/2024(H5N1)	2108	17714
PB2|PP755596.1|A/cattle/Texas/24-008749-003/2024(H5N1)	2109	18573
PB2|PP755596.1|A/cattle/Texas/24-008749-003/2024(H5N1)	2110	18968
PB2|PP755596.1|A/cattle/Texas/24-008749-003/2024(H5N1)	2111	19898
PB2|PP755596.1|A/cattle/Texas/24-008749-003/2024(H5N1)	2112	19654
PB2|PP755596.1|A/cattle/Texas/24-008749-003/2024(H5N1)	2113	19604
PB2|PP755596.1|A/cattle/Texas/24-008749-003/2024(H5N1)	2114	20311
PB2|PP755596.1|A/cattle/Texas/24-008749-003/2024(H5N1)	2115	20186
PB2|PP755596.1|A/cattle/Texas/24-008749-003/2024(H5N1)	2116	20099
PB2|PP755596.1|A/cattle/Texas/24-008749-003/2024(H5N1)	2117	19990
PB2|PP755596.1|A/cattle/Texas/24-008749-003/2024(H5N1)	2118	19828
PB2|PP755596.1|A/cattle/Texas/24-008749-003/2024(H5N1)	2119	19798
PB2|PP755596.1|A/cattle/Texas/24-008749-003/2024(H5N1)	2120	19761
PB2|PP755596.1|A/cattle/Texas/24-008749-003/2024(H5N1)	2121	19832
PB2|PP755596.1|A/cattle/Texas/24-008749-003/2024(H5N1)	2122	19633
PB2|PP755596.1|A/cattle/Texas/24-008749-003/2024(H5N1)	2123	18099
PB2|PP755596.1|A/cattle/Texas/24-008749-003/2024(H5N1)	2124	18193
PB2|PP755596.1|A/cattle/Texas/24-008749-003/2024(H5N1)	2125	18210
PB2|PP755596.1|A/cattle/Texas/24-008749-003/2024(H5N1)	2126	18232
PB2|PP755596.1|A/cattle/Texas/24-008749-003/2024(H5N1)	2127	18361
PB2|PP755596.1|A/cattle/Texas/24-008749-003/2024(H5N1)	2128	18160
PB2|PP755596.1|A/cattle/Texas/24-008749-003/2024(H5N1)	2129	18268
PB2|PP755596.1|A/cattle/Texas/24-008749-003/2024(H5N1)	2130	18279
PB2|PP755596.1|A/cattle/Texas/24-008749-003/2024(H5N1)	2131	18289
PB2|PP755596.1|A/cattle/Texas/24-008749-003/2024(H5N1)	2132	18262
PB2|PP755596.1|A/cattle/Texas/24-008749-003/2024(H5N1)	2133	18153
PB2|PP755596.1|A/cattle/Texas/24-008749-003/2024(H5N1)	2134	18135
PB2|PP755596.1|A/cattle/Texas/24-008749-003/2024(H5N1)	2135	12052
PB2|PP755596.1|A/cattle/Texas/24-008749-003/2024(H5N1)	2136	11952
PB2|PP755596.1|A/cattle/Texas/24-008749-003/2024(H5N1)	2137	11731
PB2|PP755596.1|A/cattle/Texas/24-008749-003/2024(H5N1)	2138	12809
PB2|PP755596.1|A/cattle/Texas/24-008749-003/2024(H5N1)	2139	12840
PB2|PP755596.1|A/cattle/Texas/24-008749-003/2024(H5N1)	2140	12791
PB2|PP755596.1|A/cattle/Texas/24-008749-003/2024(H5N1)	2141	12781
PB2|PP755596.1|A/cattle/Texas/24-008749-003/2024(H5N1)	2142	12724
PB2|PP755596.1|A/cattle/Texas/24-008749-003/2024(H5N1)	2143	12641
PB2|PP755596.1|A/cattle/Texas/24-008749-003/2024(H5N1)	2144	12618
PB2|PP755596.1|A/cattle/Texas/24-008749-003/2024(H5N1)	2145	12476
PB2|PP755596.1|A/cattle/Texas/24-008749-003/2024(H5N1)	2146	12088
PB2|PP755596.1|A/cattle/Texas/24-008749-003/2024(H5N1)	2147	12091
PB2|PP755596.1|A/cattle/Texas/24-008749-003/2024(H5N1)	2148	12388
PB2|PP755596.1|A/cattle/Texas/24-008749-003/2024(H5N1)	2149	12794
PB2|PP755596.1|A/cattle/Texas/24-008749-003/2024(H5N1)	2150	12826
PB2|PP755596.1|A/cattle/Texas/24-008749-003/2024(H5N1)	2151	12858
PB2|PP755596.1|A/cattle/Texas/24-008749-003/2024(H5N1)	2152	12862
PB2|PP755596.1|A/cattle/Texas/24-008749-003/2024(H5N1)	2153	12664
PB2|PP755596.1|A/cattle/Texas/24-008749-003/2024(H5N1)	2154	12733
PB2|PP755596.1|A/cattle/Texas/24-008749-003/2024(H5N1)	2155	12807
PB2|PP755596.1|A/cattle/Texas/24-008749-003/2024(H5N1)	2156	12788
PB2|PP755596.1|A/cattle/Texas/24-008749-003/2024(H5N1)	2157	12754
PB2|PP755596.1|A/cattle/Texas/24-008749-003/2024(H5N1)	2158	12747
PB2|PP755596.1|A/cattle/Texas/24-008749-003/2024(H5N1)	2159	12751
PB2|PP755596.1|A/cattle/Texas/24-008749-003/2024(H5N1)	2160	12760
PB2|PP755596.1|A/cattle/Texas/24-008749-003/2024(H5N1)	2161	13069
PB2|PP755596.1|A/cattle/Texas/24-008749-003/2024(H5N1)	2162	13110
PB2|PP755596.1|A/cattle/Texas/24-008749-003/2024(H5N1)	2163	13185
PB2|PP755596.1|A/cattle/Texas/24-008749-003/2024(H5N1)	2164	15382
PB2|PP755596.1|A/cattle/Texas/24-008749-003/2024(H5N1)	2165	15558
PB2|PP755596.1|A/cattle/Texas/24-008749-003/2024(H5N1)	2166	15641
PB2|PP755596.1|A/cattle/Texas/24-008749-003/2024(H5N1)	2167	15743
PB2|PP755596.1|A/cattle/Texas/24-008749-003/2024(H5N1)	2168	15921
PB2|PP755596.1|A/cattle/Texas/24-008749-003/2024(H5N1)	2169	15926
PB2|PP755596.1|A/cattle/Texas/24-008749-003/2024(H5N1)	2170	15956
PB2|PP755596.1|A/cattle/Texas/24-008749-003/2024(H5N1)	2171	15744
PB2|PP755596.1|A/cattle/Texas/24-008749-003/2024(H5N1)	2172	15975
PB2|PP755596.1|A/cattle/Texas/24-008749-003/2024(H5N1)	2173	15934
PB2|PP755596.1|A/cattle/Texas/24-008749-003/2024(H5N1)	2174	16339
PB2|PP755596.1|A/cattle/Texas/24-008749-003/2024(H5N1)	2175	16913
PB2|PP755596.1|A/cattle/Texas/24-008749-003/2024(H5N1)	2176	16937
PB2|PP755596.1|A/cattle/Texas/24-008749-003/2024(H5N1)	2177	16931
PB2|PP755596.1|A/cattle/Texas/24-008749-003/2024(H5N1)	2178	17082
PB2|PP755596.1|A/cattle/Texas/24-008749-003/2024(H5N1)	2179	23852
PB2|PP755596.1|A/cattle/Texas/24-008749-003/2024(H5N1)	2180	23804
PB2|PP755596.1|A/cattle/Texas/24-008749-003/2024(H5N1)	2181	23792
PB2|PP755596.1|A/cattle/Texas/24-008749-003/2024(H5N1)	2182	23715
PB2|PP755596.1|A/cattle/Texas/24-008749-003/2024(H5N1)	2183	23582
PB2|PP755596.1|A/cattle/Texas/24-008749-003/2024(H5N1)	2184	23550
PB2|PP755596.1|A/cattle/Texas/24-008749-003/2024(H5N1)	2185	23538
PB2|PP755596.1|A/cattle/Texas/24-008749-003/2024(H5N1)	2186	23599
PB2|PP755596.1|A/cattle/Texas/24-008749-003/2024(H5N1)	2187	23573
PB2|PP755596.1|A/cattle/Texas/24-008749-003/2024(H5N1)	2188	23662
PB2|PP755596.1|A/cattle/Texas/24-008749-003/2024(H5N1)	2189	23596
PB2|PP755596.1|A/cattle/Texas/24-008749-003/2024(H5N1)	2190	23539
PB2|PP755596.1|A/cattle/Texas/24-008749-003/2024(H5N1)	2191	23475
PB2|PP755596.1|A/cattle/Texas/24-008749-003/2024(H5N1)	2192	23485
PB2|PP755596.1|A/cattle/Texas/24-008749-003/2024(H5N1)	2193	23353
PB2|PP755596.1|A/cattle/Texas/24-008749-003/2024(H5N1)	2194	23673
PB2|PP755596.1|A/cattle/Texas/24-008749-003/2024(H5N1)	2195	23479
PB2|PP755596.1|A/cattle/Texas/24-008749-003/2024(H5N1)	2196	23477
PB2|PP755596.1|A/cattle/Texas/24-008749-003/2024(H5N1)	2197	23117
PB2|PP755596.1|A/cattle/Texas/24-008749-003/2024(H5N1)	2198	22960
PB2|PP755596.1|A/cattle/Texas/24-008749-003/2024(H5N1)	2199	22895
PB2|PP755596.1|A/cattle/Texas/24-008749-003/2024(H5N1)	2200	22873
PB2|PP755596.1|A/cattle/Texas/24-008749-003/2024(H5N1)	2201	22650
PB2|PP755596.1|A/cattle/Texas/24-008749-003/2024(H5N1)	2202	22628
PB2|PP755596.1|A/cattle/Texas/24-008749-003/2024(H5N1)	2203	22378
PB2|PP755596.1|A/cattle/Texas/24-008749-003/2024(H5N1)	2204	22252
PB2|PP755596.1|A/cattle/Texas/24-008749-003/2024(H5N1)	2205	22187
PB2|PP755596.1|A/cattle/Texas/24-008749-003/2024(H5N1)	2206	22158
PB2|PP755596.1|A/cattle/Texas/24-008749-003/2024(H5N1)	2207	22129
PB2|PP755596.1|A/cattle/Texas/24-008749-003/2024(H5N1)	2208	22117
PB2|PP755596.1|A/cattle/Texas/24-008749-003/2024(H5N1)	2209	22036
PB2|PP755596.1|A/cattle/Texas/24-008749-003/2024(H5N1)	2210	22035
PB2|PP755596.1|A/cattle/Texas/24-008749-003/2024(H5N1)	2211	21999
PB2|PP755596.1|A/cattle/Texas/24-008749-003/2024(H5N1)	2212	21966
PB2|PP755596.1|A/cattle/Texas/24-008749-003/2024(H5N1)	2213	21936
PB2|PP755596.1|A/cattle/Texas/24-008749-003/2024(H5N1)	2214	21891
PB2|PP755596.1|A/cattle/Texas/24-008749-003/2024(H5N1)	2215	21835
PB2|PP755596.1|A/cattle/Texas/24-008749-003/2024(H5N1)	2216	21811
PB2|PP755596.1|A/cattle/Texas/24-008749-003/2024(H5N1)	2217	21771
PB2|PP755596.1|A/cattle/Texas/24-008749-003/2024(H5N1)	2218	21713
PB2|PP755596.1|A/cattle/Texas/24-008749-003/2024(H5N1)	2219	21447
PB2|PP755596.1|A/cattle/Texas/24-008749-003/2024(H5N1)	2220	21332
PB2|PP755596.1|A/cattle/Texas/24-008749-003/2024(H5N1)	2221	21263
PB2|PP755596.1|A/cattle/Texas/24-008749-003/2024(H5N1)	2222	21413
PB2|PP755596.1|A/cattle/Texas/24-008749-003/2024(H5N1)	2223	21403
PB2|PP755596.1|A/cattle/Texas/24-008749-003/2024(H5N1)	2224	21395
PB2|PP755596.1|A/cattle/Texas/24-008749-003/2024(H5N1)	2225	21367
PB2|PP755596.1|A/cattle/Texas/24-008749-003/2024(H5N1)	2226	21006
PB2|PP755596.1|A/cattle/Texas/24-008749-003/2024(H5N1)	2227	20991
PB2|PP755596.1|A/cattle/Texas/24-008749-003/2024(H5N1)	2228	20935
PB2|PP755596.1|A/cattle/Texas/24-008749-003/2024(H5N1)	2229	20487
PB2|PP755596.1|A/cattle/Texas/24-008749-003/2024(H5N1)	2230	20472
PB2|PP755596.1|A/cattle/Texas/24-008749-003/2024(H5N1)	2231	18321
PB2|PP755596.1|A/cattle/Texas/24-008749-003/2024(H5N1)	2232	18313
PB2|PP755596.1|A/cattle/Texas/24-008749-003/2024(H5N1)	2233	17940
PB2|PP755596.1|A/cattle/Texas/24-008749-003/2024(H5N1)	2234	17802
PB2|PP755596.1|A/cattle/Texas/24-008749-003/2024(H5N1)	2235	17747
PB2|PP755596.1|A/cattle/Texas/24-008749-003/2024(H5N1)	2236	17738
PB2|PP755596.1|A/cattle/Texas/24-008749-003/2024(H5N1)	2237	17478
PB2|PP755596.1|A/cattle/Texas/24-008749-003/2024(H5N1)	2238	17480
PB2|PP755596.1|A/cattle/Texas/24-008749-003/2024(H5N1)	2239	16649
PB2|PP755596.1|A/cattle/Texas/24-008749-003/2024(H5N1)	2240	16703
PB2|PP755596.1|A/cattle/Texas/24-008749-003/2024(H5N1)	2241	16647
PB2|PP755596.1|A/cattle/Texas/24-008749-003/2024(H5N1)	2242	16620
PB2|PP755596.1|A/cattle/Texas/24-008749-003/2024(H5N1)	2243	16560
PB2|PP755596.1|A/cattle/Texas/24-008749-003/2024(H5N1)	2244	16556
PB2|PP755596.1|A/cattle/Texas/24-008749-003/2024(H5N1)	2245	16441
PB2|PP755596.1|A/cattle/Texas/24-008749-003/2024(H5N1)	2246	16406
PB2|PP755596.1|A/cattle/Texas/24-008749-003/2024(H5N1)	2247	15483
PB2|PP755596.1|A/cattle/Texas/24-008749-003/2024(H5N1)	2248	15474
PB2|PP755596.1|A/cattle/Texas/24-008749-003/2024(H5N1)	2249	14623
PB2|PP755596.1|A/cattle/Texas/24-008749-003/2024(H5N1)	2250	14623
PB2|PP755596.1|A/cattle/Texas/24-008749-003/2024(H5N1)	2251	14571
PB2|PP755596.1|A/cattle/Texas/24-008749-003/2024(H5N1)	2252	14517
PB2|PP755596.1|A/cattle/Texas/24-008749-003/2024(H5N1)	2253	14454
PB2|PP755596.1|A/cattle/Texas/24-008749-003/2024(H5N1)	2254	14432
PB2|PP755596.1|A/cattle/Texas/24-008749-003/2024(H5N1)	2255	14402
PB2|PP755596.1|A/cattle/Texas/24-008749-003/2024(H5N1)	2256	14371
PB2|PP755596.1|A/cattle/Texas/24-008749-003/2024(H5N1)	2257	14313
PB2|PP755596.1|A/cattle/Texas/24-008749-003/2024(H5N1)	2258	14228
PB2|PP755596.1|A/cattle/Texas/24-008749-003/2024(H5N1)	2259	13966
PB2|PP755596.1|A/cattle/Texas/24-008749-003/2024(H5N1)	2260	13895
PB2|PP755596.1|A/cattle/Texas/24-008749-003/2024(H5N1)	2261	13864
PB2|PP755596.1|A/cattle/Texas/24-008749-003/2024(H5N1)	2262	13847
PB2|PP755596.1|A/cattle/Texas/24-008749-003/2024(H5N1)	2263	13764
PB2|PP755596.1|A/cattle/Texas/24-008749-003/2024(H5N1)	2264	13583
PB2|PP755596.1|A/cattle/Texas/24-008749-003/2024(H5N1)	2265	13105
PB2|PP755596.1|A/cattle/Texas/24-008749-003/2024(H5N1)	2266	13087
PB2|PP755596.1|A/cattle/Texas/24-008749-003/2024(H5N1)	2267	12757
PB2|PP755596.1|A/cattle/Texas/24-008749-003/2024(H5N1)	2268	12743
PB2|PP755596.1|A/cattle/Texas/24-008749-003/2024(H5N1)	2269	12696
PB2|PP755596.1|A/cattle/Texas/24-008749-003/2024(H5N1)	2270	12550
PB2|PP755596.1|A/cattle/Texas/24-008749-003/2024(H5N1)	2271	12522
PB2|PP755596.1|A/cattle/Texas/24-008749-003/2024(H5N1)	2272	12511
PB2|PP755596.1|A/cattle/Texas/24-008749-003/2024(H5N1)	2273	12487
PB2|PP755596.1|A/cattle/Texas/24-008749-003/2024(H5N1)	2274	12409
PB2|PP755596.1|A/cattle/Texas/24-008749-003/2024(H5N1)	2275	12398
PB2|PP755596.1|A/cattle/Texas/24-008749-003/2024(H5N1)	2276	12375
PB2|PP755596.1|A/cattle/Texas/24-008749-003/2024(H5N1)	2277	12158
PB2|PP755596.1|A/cattle/Texas/24-008749-003/2024(H5N1)	2278	11815
PB2|PP755596.1|A/cattle/Texas/24-008749-003/2024(H5N1)	2279	11250
PB2|PP755596.1|A/cattle/Texas/24-008749-003/2024(H5N1)	2280	11127
