NA|PP755591.1|A/cattle/Texas/24-008749-003/2024(H5N1)	1	2293
NA|PP755591.1|A/cattle/Texas/24-008749-003/2024(H5N1)	2	2295
NA|PP755591.1|A/cattle/Texas/24-008749-003/2024(H5N1)	3	2302
NA|PP755591.1|A/cattle/Texas/24-008749-003/2024(H5N1)	4	2312
NA|PP755591.1|A/cattle/Texas/24-008749-003/2024(H5N1)	5	2372
NA|PP755591.1|A/cattle/Texas/24-008749-003/2024(H5N1)	6	2383
NA|PP755591.1|A/cattle/Texas/24-008749-003/2024(H5N1)	7	2405
NA|PP755591.1|A/cattle/Texas/24-008749-003/2024(H5N1)	8	2410
NA|PP755591.1|A/cattle/Texas/24-008749-003/2024(H5N1)	9	2416
NA|PP755591.1|A/cattle/Texas/24-008749-003/2024(H5N1)	10	2470
NA|PP755591.1|A/cattle/Texas/24-008749-003/2024(H5N1)	11	2510
NA|PP755591.1|A/cattle/Texas/24-008749-003/2024(H5N1)	12	2530
NA|PP755591.1|A/cattle/Texas/24-008749-003/2024(H5N1)	13	2550
NA|PP755591.1|A/cattle/Texas/24-008749-003/2024(H5N1)	14	2556
NA|PP755591.1|A/cattle/Texas/24-008749-003/2024(H5N1)	15	2579
NA|PP755591.1|A/cattle/Texas/24-008749-003/2024(H5N1)	16	2581
NA|PP755591.1|A/cattle/Texas/24-008749-003/2024(H5N1)	17	2843
NA|PP755591.1|A/cattle/Texas/24-008749-003/2024(H5N1)	18	2961
NA|PP755591.1|A/cattle/Texas/24-008749-003/2024(H5N1)	19	3097
NA|PP755591.1|A/cattle/Texas/24-008749-003/2024(H5N1)	20	3113
NA|PP755591.1|A/cattle/Texas/24-008749-003/2024(H5N1)	21	3173
NA|PP755591.1|A/cattle/Texas/24-008749-003/2024(H5N1)	22	3183
NA|PP755591.1|A/cattle/Texas/24-008749-003/2024(H5N1)	23	3190
NA|PP755591.1|A/cattle/Texas/24-008749-003/2024(H5N1)	24	3214
NA|PP755591.1|A/cattle/Texas/24-008749-003/2024(H5N1)	25	3214
NA|PP755591.1|A/cattle/Texas/24-008749-003/2024(H5N1)	26	3517
NA|PP755591.1|A/cattle/Texas/24-008749-003/2024(H5N1)	27	3540
NA|PP755591.1|A/cattle/Texas/24-008749-003/2024(H5N1)	28	3540
NA|PP755591.1|A/cattle/Texas/24-008749-003/2024(H5N1)	29	3611
NA|PP755591.1|A/cattle/Texas/24-008749-003/2024(H5N1)	30	3626
NA|PP755591.1|A/cattle/Texas/24-008749-003/2024(H5N1)	31	3908
NA|PP755591.1|A/cattle/Texas/24-008749-003/2024(H5N1)	32	3916
NA|PP755591.1|A/cattle/Texas/24-008749-003/2024(H5N1)	33	3945
NA|PP755591.1|A/cattle/Texas/24-008749-003/2024(H5N1)	34	3951
NA|PP755591.1|A/cattle/Texas/24-008749-003/2024(H5N1)	35	4023
NA|PP755591.1|A/cattle/Texas/24-008749-003/2024(H5N1)	36	4102
NA|PP755591.1|A/cattle/Texas/24-008749-003/2024(H5N1)	37	4114
NA|PP755591.1|A/cattle/Texas/24-008749-003/2024(H5N1)	38	4127
NA|PP755591.1|A/cattle/Texas/24-008749-003/2024(H5N1)	39	4278
NA|PP755591.1|A/cattle/Texas/24-008749-003/2024(H5N1)	40	4345
NA|PP755591.1|A/cattle/Texas/24-008749-003/2024(H5N1)	41	4652
NA|PP755591.1|A/cattle/Texas/24-008749-003/2024(H5N1)	42	4656
NA|PP755591.1|A/cattle/Texas/24-008749-003/2024(H5N1)	43	4657
NA|PP755591.1|A/cattle/Texas/24-008749-003/2024(H5N1)	44	4670
NA|PP755591.1|A/cattle/Texas/24-008749-003/2024(H5N1)	45	4672
NA|PP755591.1|A/cattle/Texas/24-008749-003/2024(H5N1)	46	4818
NA|PP755591.1|A/cattle/Texas/24-008749-003/2024(H5N1)	47	4874
NA|PP755591.1|A/cattle/Texas/24-008749-003/2024(H5N1)	48	4895
NA|PP755591.1|A/cattle/Texas/24-008749-003/2024(H5N1)	49	4906
NA|PP755591.1|A/cattle/Texas/24-008749-003/2024(H5N1)	50	4952
NA|PP755591.1|A/cattle/Texas/24-008749-003/2024(H5N1)	51	4976
NA|PP755591.1|A/cattle/Texas/24-008749-003/2024(H5N1)	52	5167
NA|PP755591.1|A/cattle/Texas/24-008749-003/2024(H5N1)	53	5180
NA|PP755591.1|A/cattle/Texas/24-008749-003/2024(H5N1)	54	5185
NA|PP755591.1|A/cattle/Texas/24-008749-003/2024(H5N1)	55	5222
NA|PP755591.1|A/cattle/Texas/24-008749-003/2024(H5N1)	56	5248
NA|PP755591.1|A/cattle/Texas/24-008749-003/2024(H5N1)	57	5337
NA|PP755591.1|A/cattle/Texas/24-008749-003/2024(H5N1)	58	5353
NA|PP755591.1|A/cattle/Texas/24-008749-003/2024(H5N1)	59	5362
NA|PP755591.1|A/cattle/Texas/24-008749-003/2024(H5N1)	60	5378
NA|PP755591.1|A/cattle/Texas/24-008749-003/2024(H5N1)	61	5381
NA|PP755591.1|A/cattle/Texas/24-008749-003/2024(H5N1)	62	5585
NA|PP755591.1|A/cattle/Texas/24-008749-003/2024(H5N1)	63	5635
NA|PP755591.1|A/cattle/Texas/24-008749-003/2024(H5N1)	64	5635
NA|PP755591.1|A/cattle/Texas/24-008749-003/2024(H5N1)	65	5665
NA|PP755591.1|A/cattle/Texas/24-008749-003/2024(H5N1)	66	5666
NA|PP755591.1|A/cattle/Texas/24-008749-003/2024(H5N1)	67	5680
NA|PP755591.1|A/cattle/Texas/24-008749-003/2024(H5N1)	68	5679
NA|PP755591.1|A/cattle/Texas/24-008749-003/2024(H5N1)	69	5687
NA|PP755591.1|A/cattle/Texas/24-008749-003/2024(H5N1)	70	5706
NA|PP755591.1|A/cattle/Texas/24-008749-003/2024(H5N1)	71	5671
NA|PP755591.1|A/cattle/Texas/24-008749-003/2024(H5N1)	72	5693
NA|PP755591.1|A/cattle/Texas/24-008749-003/2024(H5N1)	73	5696
NA|PP755591.1|A/cattle/Texas/24-008749-003/2024(H5N1)	74	5699
NA|PP755591.1|A/cattle/Texas/24-008749-003/2024(H5N1)	75	5699
NA|PP755591.1|A/cattle/Texas/24-008749-003/2024(H5N1)	76	5698
NA|PP755591.1|A/cattle/Texas/24-008749-003/2024(H5N1)	77	5714
NA|PP755591.1|A/cattle/Texas/24-008749-003/2024(H5N1)	78	5715
NA|PP755591.1|A/cattle/Texas/24-008749-003/2024(H5N1)	79	5716
NA|PP755591.1|A/cattle/Texas/24-008749-003/2024(H5N1)	80	5719
NA|PP755591.1|A/cattle/Texas/24-008749-003/2024(H5N1)	81	5713
NA|PP755591.1|A/cattle/Texas/24-008749-003/2024(H5N1)	82	5715
NA|PP755591.1|A/cattle/Texas/24-008749-003/2024(H5N1)	83	5721
NA|PP755591.1|A/cattle/Texas/24-008749-003/2024(H5N1)	84	5788
NA|PP755591.1|A/cattle/Texas/24-008749-003/2024(H5N1)	85	5770
NA|PP755591.1|A/cattle/Texas/24-008749-003/2024(H5N1)	86	5775
NA|PP755591.1|A/cattle/Texas/24-008749-003/2024(H5N1)	87	5849
NA|PP755591.1|A/cattle/Texas/24-008749-003/2024(H5N1)	88	5865
NA|PP755591.1|A/cattle/Texas/24-008749-003/2024(H5N1)	89	5934
NA|PP755591.1|A/cattle/Texas/24-008749-003/2024(H5N1)	90	5932
NA|PP755591.1|A/cattle/Texas/24-008749-003/2024(H5N1)	91	5931
NA|PP755591.1|A/cattle/Texas/24-008749-003/2024(H5N1)	92	6469
NA|PP755591.1|A/cattle/Texas/24-008749-003/2024(H5N1)	93	6443
NA|PP755591.1|A/cattle/Texas/24-008749-003/2024(H5N1)	94	6550
NA|PP755591.1|A/cattle/Texas/24-008749-003/2024(H5N1)	95	6549
NA|PP755591.1|A/cattle/Texas/24-008749-003/2024(H5N1)	96	6546
NA|PP755591.1|A/cattle/Texas/24-008749-003/2024(H5N1)	97	6552
NA|PP755591.1|A/cattle/Texas/24-008749-003/2024(H5N1)	98	6780
NA|PP755591.1|A/cattle/Texas/24-008749-003/2024(H5N1)	99	6801
NA|PP755591.1|A/cattle/Texas/24-008749-003/2024(H5N1)	100	6806
NA|PP755591.1|A/cattle/Texas/24-008749-003/2024(H5N1)	101	6687
NA|PP755591.1|A/cattle/Texas/24-008749-003/2024(H5N1)	102	6692
NA|PP755591.1|A/cattle/Texas/24-008749-003/2024(H5N1)	103	6659
NA|PP755591.1|A/cattle/Texas/24-008749-003/2024(H5N1)	104	6666
NA|PP755591.1|A/cattle/Texas/24-008749-003/2024(H5N1)	105	6672
NA|PP755591.1|A/cattle/Texas/24-008749-003/2024(H5N1)	106	6691
NA|PP755591.1|A/cattle/Texas/24-008749-003/2024(H5N1)	107	6539
NA|PP755591.1|A/cattle/Texas/24-008749-003/2024(H5N1)	108	6545
NA|PP755591.1|A/cattle/Texas/24-008749-003/2024(H5N1)	109	6546
NA|PP755591.1|A/cattle/Texas/24-008749-003/2024(H5N1)	110	6548
NA|PP755591.1|A/cattle/Texas/24-008749-003/2024(H5N1)	111	6612
NA|PP755591.1|A/cattle/Texas/24-008749-003/2024(H5N1)	112	6657
NA|PP755591.1|A/cattle/Texas/24-008749-003/2024(H5N1)	113	6655
NA|PP755591.1|A/cattle/Texas/24-008749-003/2024(H5N1)	114	6657
NA|PP755591.1|A/cattle/Texas/24-008749-003/2024(H5N1)	115	6661
NA|PP755591.1|A/cattle/Texas/24-008749-003/2024(H5N1)	116	6679
NA|PP755591.1|A/cattle/Texas/24-008749-003/2024(H5N1)	117	6682
NA|PP755591.1|A/cattle/Texas/24-008749-003/2024(H5N1)	118	6689
NA|PP755591.1|A/cattle/Texas/24-008749-003/2024(H5N1)	119	6713
NA|PP755591.1|A/cattle/Texas/24-008749-003/2024(H5N1)	120	6661
NA|PP755591.1|A/cattle/Texas/24-008749-003/2024(H5N1)	121	6667
NA|PP755591.1|A/cattle/Texas/24-008749-003/2024(H5N1)	122	6750
NA|PP755591.1|A/cattle/Texas/24-008749-003/2024(H5N1)	123	6775
NA|PP755591.1|A/cattle/Texas/24-008749-003/2024(H5N1)	124	6832
NA|PP755591.1|A/cattle/Texas/24-008749-003/2024(H5N1)	125	6996
NA|PP755591.1|A/cattle/Texas/24-008749-003/2024(H5N1)	126	6999
NA|PP755591.1|A/cattle/Texas/24-008749-003/2024(H5N1)	127	7010
NA|PP755591.1|A/cattle/Texas/24-008749-003/2024(H5N1)	128	7021
NA|PP755591.1|A/cattle/Texas/24-008749-003/2024(H5N1)	129	7214
NA|PP755591.1|A/cattle/Texas/24-008749-003/2024(H5N1)	130	7202
NA|PP755591.1|A/cattle/Texas/24-008749-003/2024(H5N1)	131	6595
NA|PP755591.1|A/cattle/Texas/24-008749-003/2024(H5N1)	132	6296
NA|PP755591.1|A/cattle/Texas/24-008749-003/2024(H5N1)	133	6242
NA|PP755591.1|A/cattle/Texas/24-008749-003/2024(H5N1)	134	6908
NA|PP755591.1|A/cattle/Texas/24-008749-003/2024(H5N1)	135	6988
NA|PP755591.1|A/cattle/Texas/24-008749-003/2024(H5N1)	136	6966
NA|PP755591.1|A/cattle/Texas/24-008749-003/2024(H5N1)	137	6951
NA|PP755591.1|A/cattle/Texas/24-008749-003/2024(H5N1)	138	7107
NA|PP755591.1|A/cattle/Texas/24-008749-003/2024(H5N1)	139	7176
NA|PP755591.1|A/cattle/Texas/24-008749-003/2024(H5N1)	140	7176
NA|PP755591.1|A/cattle/Texas/24-008749-003/2024(H5N1)	141	7172
NA|PP755591.1|A/cattle/Texas/24-008749-003/2024(H5N1)	142	7166
NA|PP755591.1|A/cattle/Texas/24-008749-003/2024(H5N1)	143	6483
NA|PP755591.1|A/cattle/Texas/24-008749-003/2024(H5N1)	144	6430
NA|PP755591.1|A/cattle/Texas/24-008749-003/2024(H5N1)	145	6324
NA|PP755591.1|A/cattle/Texas/24-008749-003/2024(H5N1)	146	6321
NA|PP755591.1|A/cattle/Texas/24-008749-003/2024(H5N1)	147	6328
NA|PP755591.1|A/cattle/Texas/24-008749-003/2024(H5N1)	148	6443
NA|PP755591.1|A/cattle/Texas/24-008749-003/2024(H5N1)	149	6502
NA|PP755591.1|A/cattle/Texas/24-008749-003/2024(H5N1)	150	6880
NA|PP755591.1|A/cattle/Texas/24-008749-003/2024(H5N1)	151	6876
NA|PP755591.1|A/cattle/Texas/24-008749-003/2024(H5N1)	152	6875
NA|PP755591.1|A/cattle/Texas/24-008749-003/2024(H5N1)	153	7259
NA|PP755591.1|A/cattle/Texas/24-008749-003/2024(H5N1)	154	7254
NA|PP755591.1|A/cattle/Texas/24-008749-003/2024(H5N1)	155	7355
NA|PP755591.1|A/cattle/Texas/24-008749-003/2024(H5N1)	156	7350
NA|PP755591.1|A/cattle/Texas/24-008749-003/2024(H5N1)	157	7379
NA|PP755591.1|A/cattle/Texas/24-008749-003/2024(H5N1)	158	7419
NA|PP755591.1|A/cattle/Texas/24-008749-003/2024(H5N1)	159	7424
NA|PP755591.1|A/cattle/Texas/24-008749-003/2024(H5N1)	160	7414
NA|PP755591.1|A/cattle/Texas/24-008749-003/2024(H5N1)	161	7441
NA|PP755591.1|A/cattle/Texas/24-008749-003/2024(H5N1)	162	7388
NA|PP755591.1|A/cattle/Texas/24-008749-003/2024(H5N1)	163	7472
NA|PP755591.1|A/cattle/Texas/24-008749-003/2024(H5N1)	164	7491
NA|PP755591.1|A/cattle/Texas/24-008749-003/2024(H5N1)	165	7476
NA|PP755591.1|A/cattle/Texas/24-008749-003/2024(H5N1)	166	7487
NA|PP755591.1|A/cattle/Texas/24-008749-003/2024(H5N1)	167	7459
NA|PP755591.1|A/cattle/Texas/24-008749-003/2024(H5N1)	168	7344
NA|PP755591.1|A/cattle/Texas/24-008749-003/2024(H5N1)	169	7326
NA|PP755591.1|A/cattle/Texas/24-008749-003/2024(H5N1)	170	7215
NA|PP755591.1|A/cattle/Texas/24-008749-003/2024(H5N1)	171	7402
NA|PP755591.1|A/cattle/Texas/24-008749-003/2024(H5N1)	172	7469
NA|PP755591.1|A/cattle/Texas/24-008749-003/2024(H5N1)	173	7460
NA|PP755591.1|A/cattle/Texas/24-008749-003/2024(H5N1)	174	7465
NA|PP755591.1|A/cattle/Texas/24-008749-003/2024(H5N1)	175	7432
NA|PP755591.1|A/cattle/Texas/24-008749-003/2024(H5N1)	176	7440
NA|PP755591.1|A/cattle/Texas/24-008749-003/2024(H5N1)	177	7398
NA|PP755591.1|A/cattle/Texas/24-008749-003/2024(H5N1)	178	7417
NA|PP755591.1|A/cattle/Texas/24-008749-003/2024(H5N1)	179	7432
NA|PP755591.1|A/cattle/Texas/24-008749-003/2024(H5N1)	180	7099
NA|PP755591.1|A/cattle/Texas/24-008749-003/2024(H5N1)	181	7073
NA|PP755591.1|A/cattle/Texas/24-008749-003/2024(H5N1)	182	7216
NA|PP755591.1|A/cattle/Texas/24-008749-003/2024(H5N1)	183	7190
NA|PP755591.1|A/cattle/Texas/24-008749-003/2024(H5N1)	184	7197
NA|PP755591.1|A/cattle/Texas/24-008749-003/2024(H5N1)	185	7301
NA|PP755591.1|A/cattle/Texas/24-008749-003/2024(H5N1)	186	7200
NA|PP755591.1|A/cattle/Texas/24-008749-003/2024(H5N1)	187	7313
NA|PP755591.1|A/cattle/Texas/24-008749-003/2024(H5N1)	188	7324
NA|PP755591.1|A/cattle/Texas/24-008749-003/2024(H5N1)	189	7322
NA|PP755591.1|A/cattle/Texas/24-008749-003/2024(H5N1)	190	7244
NA|PP755591.1|A/cattle/Texas/24-008749-003/2024(H5N1)	191	7107
NA|PP755591.1|A/cattle/Texas/24-008749-003/2024(H5N1)	192	6971
NA|PP755591.1|A/cattle/Texas/24-008749-003/2024(H5N1)	193	7029
NA|PP755591.1|A/cattle/Texas/24-008749-003/2024(H5N1)	194	7059
NA|PP755591.1|A/cattle/Texas/24-008749-003/2024(H5N1)	195	7061
NA|PP755591.1|A/cattle/Texas/24-008749-003/2024(H5N1)	196	6937
NA|PP755591.1|A/cattle/Texas/24-008749-003/2024(H5N1)	197	6921
NA|PP755591.1|A/cattle/Texas/24-008749-003/2024(H5N1)	198	6925
NA|PP755591.1|A/cattle/Texas/24-008749-003/2024(H5N1)	199	6904
NA|PP755591.1|A/cattle/Texas/24-008749-003/2024(H5N1)	200	6940
NA|PP755591.1|A/cattle/Texas/24-008749-003/2024(H5N1)	201	6878
NA|PP755591.1|A/cattle/Texas/24-008749-003/2024(H5N1)	202	6869
NA|PP755591.1|A/cattle/Texas/24-008749-003/2024(H5N1)	203	6801
NA|PP755591.1|A/cattle/Texas/24-008749-003/2024(H5N1)	204	6880
NA|PP755591.1|A/cattle/Texas/24-008749-003/2024(H5N1)	205	6851
NA|PP755591.1|A/cattle/Texas/24-008749-003/2024(H5N1)	206	6844
NA|PP755591.1|A/cattle/Texas/24-008749-003/2024(H5N1)	207	6793
NA|PP755591.1|A/cattle/Texas/24-008749-003/2024(H5N1)	208	6777
NA|PP755591.1|A/cattle/Texas/24-008749-003/2024(H5N1)	209	6625
NA|PP755591.1|A/cattle/Texas/24-008749-003/2024(H5N1)	210	6633
NA|PP755591.1|A/cattle/Texas/24-008749-003/2024(H5N1)	211	6627
NA|PP755591.1|A/cattle/Texas/24-008749-003/2024(H5N1)	212	6615
NA|PP755591.1|A/cattle/Texas/24-008749-003/2024(H5N1)	213	6683
NA|PP755591.1|A/cattle/Texas/24-008749-003/2024(H5N1)	214	6693
NA|PP755591.1|A/cattle/Texas/24-008749-003/2024(H5N1)	215	6700
NA|PP755591.1|A/cattle/Texas/24-008749-003/2024(H5N1)	216	6717
NA|PP755591.1|A/cattle/Texas/24-008749-003/2024(H5N1)	217	6717
NA|PP755591.1|A/cattle/Texas/24-008749-003/2024(H5N1)	218	6738
NA|PP755591.1|A/cattle/Texas/24-008749-003/2024(H5N1)	219	6758
NA|PP755591.1|A/cattle/Texas/24-008749-003/2024(H5N1)	220	6751
NA|PP755591.1|A/cattle/Texas/24-008749-003/2024(H5N1)	221	6736
NA|PP755591.1|A/cattle/Texas/24-008749-003/2024(H5N1)	222	6744
NA|PP755591.1|A/cattle/Texas/24-008749-003/2024(H5N1)	223	6726
NA|PP755591.1|A/cattle/Texas/24-008749-003/2024(H5N1)	224	6734
NA|PP755591.1|A/cattle/Texas/24-008749-003/2024(H5N1)	225	6733
NA|PP755591.1|A/cattle/Texas/24-008749-003/2024(H5N1)	226	6736
NA|PP755591.1|A/cattle/Texas/24-008749-003/2024(H5N1)	227	6721
NA|PP755591.1|A/cattle/Texas/24-008749-003/2024(H5N1)	228	6705
NA|PP755591.1|A/cattle/Texas/24-008749-003/2024(H5N1)	229	6826
NA|PP755591.1|A/cattle/Texas/24-008749-003/2024(H5N1)	230	6818
NA|PP755591.1|A/cattle/Texas/24-008749-003/2024(H5N1)	231	6821
NA|PP755591.1|A/cattle/Texas/24-008749-003/2024(H5N1)	232	6831
NA|PP755591.1|A/cattle/Texas/24-008749-003/2024(H5N1)	233	6823
NA|PP755591.1|A/cattle/Texas/24-008749-003/2024(H5N1)	234	7134
NA|PP755591.1|A/cattle/Texas/24-008749-003/2024(H5N1)	235	7177
NA|PP755591.1|A/cattle/Texas/24-008749-003/2024(H5N1)	236	7124
NA|PP755591.1|A/cattle/Texas/24-008749-003/2024(H5N1)	237	7133
NA|PP755591.1|A/cattle/Texas/24-008749-003/2024(H5N1)	238	7050
NA|PP755591.1|A/cattle/Texas/24-008749-003/2024(H5N1)	239	7034
NA|PP755591.1|A/cattle/Texas/24-008749-003/2024(H5N1)	240	7008
NA|PP755591.1|A/cattle/Texas/24-008749-003/2024(H5N1)	241	7009
NA|PP755591.1|A/cattle/Texas/24-008749-003/2024(H5N1)	242	6946
NA|PP755591.1|A/cattle/Texas/24-008749-003/2024(H5N1)	243	6536
NA|PP755591.1|A/cattle/Texas/24-008749-003/2024(H5N1)	244	6555
NA|PP755591.1|A/cattle/Texas/24-008749-003/2024(H5N1)	245	6455
NA|PP755591.1|A/cattle/Texas/24-008749-003/2024(H5N1)	246	6458
NA|PP755591.1|A/cattle/Texas/24-008749-003/2024(H5N1)	247	6462
NA|PP755591.1|A/cattle/Texas/24-008749-003/2024(H5N1)	248	6446
NA|PP755591.1|A/cattle/Texas/24-008749-003/2024(H5N1)	249	6318
NA|PP755591.1|A/cattle/Texas/24-008749-003/2024(H5N1)	250	6357
NA|PP755591.1|A/cattle/Texas/24-008749-003/2024(H5N1)	251	6262
NA|PP755591.1|A/cattle/Texas/24-008749-003/2024(H5N1)	252	6264
NA|PP755591.1|A/cattle/Texas/24-008749-003/2024(H5N1)	253	6255
NA|PP755591.1|A/cattle/Texas/24-008749-003/2024(H5N1)	254	6255
NA|PP755591.1|A/cattle/Texas/24-008749-003/2024(H5N1)	255	6246
NA|PP755591.1|A/cattle/Texas/24-008749-003/2024(H5N1)	256	6246
NA|PP755591.1|A/cattle/Texas/24-008749-003/2024(H5N1)	257	6230
NA|PP755591.1|A/cattle/Texas/24-008749-003/2024(H5N1)	258	6227
NA|PP755591.1|A/cattle/Texas/24-008749-003/2024(H5N1)	259	6183
NA|PP755591.1|A/cattle/Texas/24-008749-003/2024(H5N1)	260	6172
NA|PP755591.1|A/cattle/Texas/24-008749-003/2024(H5N1)	261	6195
NA|PP755591.1|A/cattle/Texas/24-008749-003/2024(H5N1)	262	6185
NA|PP755591.1|A/cattle/Texas/24-008749-003/2024(H5N1)	263	6330
NA|PP755591.1|A/cattle/Texas/24-008749-003/2024(H5N1)	264	6336
NA|PP755591.1|A/cattle/Texas/24-008749-003/2024(H5N1)	265	6359
NA|PP755591.1|A/cattle/Texas/24-008749-003/2024(H5N1)	266	6349
NA|PP755591.1|A/cattle/Texas/24-008749-003/2024(H5N1)	267	6322
NA|PP755591.1|A/cattle/Texas/24-008749-003/2024(H5N1)	268	6354
NA|PP755591.1|A/cattle/Texas/24-008749-003/2024(H5N1)	269	6341
NA|PP755591.1|A/cattle/Texas/24-008749-003/2024(H5N1)	270	6399
NA|PP755591.1|A/cattle/Texas/24-008749-003/2024(H5N1)	271	6392
NA|PP755591.1|A/cattle/Texas/24-008749-003/2024(H5N1)	272	6216
NA|PP755591.1|A/cattle/Texas/24-008749-003/2024(H5N1)	273	6263
NA|PP755591.1|A/cattle/Texas/24-008749-003/2024(H5N1)	274	6240
NA|PP755591.1|A/cattle/Texas/24-008749-003/2024(H5N1)	275	6223
NA|PP755591.1|A/cattle/Texas/24-008749-003/2024(H5N1)	276	6153
NA|PP755591.1|A/cattle/Texas/24-008749-003/2024(H5N1)	277	6143
NA|PP755591.1|A/cattle/Texas/24-008749-003/2024(H5N1)	278	6104
NA|PP755591.1|A/cattle/Texas/24-008749-003/2024(H5N1)	279	6021
NA|PP755591.1|A/cattle/Texas/24-008749-003/2024(H5N1)	280	6367
NA|PP755591.1|A/cattle/Texas/24-008749-003/2024(H5N1)	281	6380
NA|PP755591.1|A/cattle/Texas/24-008749-003/2024(H5N1)	282	6387
NA|PP755591.1|A/cattle/Texas/24-008749-003/2024(H5N1)	283	6388
NA|PP755591.1|A/cattle/Texas/24-008749-003/2024(H5N1)	284	6398
NA|PP755591.1|A/cattle/Texas/24-008749-003/2024(H5N1)	285	5875
NA|PP755591.1|A/cattle/Texas/24-008749-003/2024(H5N1)	286	5826
NA|PP755591.1|A/cattle/Texas/24-008749-003/2024(H5N1)	287	5772
NA|PP755591.1|A/cattle/Texas/24-008749-003/2024(H5N1)	288	5780
NA|PP755591.1|A/cattle/Texas/24-008749-003/2024(H5N1)	289	5350
NA|PP755591.1|A/cattle/Texas/24-008749-003/2024(H5N1)	290	5527
NA|PP755591.1|A/cattle/Texas/24-008749-003/2024(H5N1)	291	5609
NA|PP755591.1|A/cattle/Texas/24-008749-003/2024(H5N1)	292	6057
NA|PP755591.1|A/cattle/Texas/24-008749-003/2024(H5N1)	293	6054
NA|PP755591.1|A/cattle/Texas/24-008749-003/2024(H5N1)	294	6033
NA|PP755591.1|A/cattle/Texas/24-008749-003/2024(H5N1)	295	6415
NA|PP755591.1|A/cattle/Texas/24-008749-003/2024(H5N1)	296	6407
NA|PP755591.1|A/cattle/Texas/24-008749-003/2024(H5N1)	297	6429
NA|PP755591.1|A/cattle/Texas/24-008749-003/2024(H5N1)	298	6434
NA|PP755591.1|A/cattle/Texas/24-008749-003/2024(H5N1)	299	6202
NA|PP755591.1|A/cattle/Texas/24-008749-003/2024(H5N1)	300	6192
NA|PP755591.1|A/cattle/Texas/24-008749-003/2024(H5N1)	301	5567
NA|PP755591.1|A/cattle/Texas/24-008749-003/2024(H5N1)	302	5567
NA|PP755591.1|A/cattle/Texas/24-008749-003/2024(H5N1)	303	5833
NA|PP755591.1|A/cattle/Texas/24-008749-003/2024(H5N1)	304	5339
NA|PP755591.1|A/cattle/Texas/24-008749-003/2024(H5N1)	305	5347
NA|PP755591.1|A/cattle/Texas/24-008749-003/2024(H5N1)	306	5409
NA|PP755591.1|A/cattle/Texas/24-008749-003/2024(H5N1)	307	5416
NA|PP755591.1|A/cattle/Texas/24-008749-003/2024(H5N1)	308	5599
NA|PP755591.1|A/cattle/Texas/24-008749-003/2024(H5N1)	309	5566
NA|PP755591.1|A/cattle/Texas/24-008749-003/2024(H5N1)	310	5570
NA|PP755591.1|A/cattle/Texas/24-008749-003/2024(H5N1)	311	5567
NA|PP755591.1|A/cattle/Texas/24-008749-003/2024(H5N1)	312	5620
NA|PP755591.1|A/cattle/Texas/24-008749-003/2024(H5N1)	313	5622
NA|PP755591.1|A/cattle/Texas/24-008749-003/2024(H5N1)	314	5801
NA|PP755591.1|A/cattle/Texas/24-008749-003/2024(H5N1)	315	5713
NA|PP755591.1|A/cattle/Texas/24-008749-003/2024(H5N1)	316	5710
NA|PP755591.1|A/cattle/Texas/24-008749-003/2024(H5N1)	317	5761
NA|PP755591.1|A/cattle/Texas/24-008749-003/2024(H5N1)	318	5760
NA|PP755591.1|A/cattle/Texas/24-008749-003/2024(H5N1)	319	5766
NA|PP755591.1|A/cattle/Texas/24-008749-003/2024(H5N1)	320	5821
NA|PP755591.1|A/cattle/Texas/24-008749-003/2024(H5N1)	321	5969
NA|PP755591.1|A/cattle/Texas/24-008749-003/2024(H5N1)	322	5916
NA|PP755591.1|A/cattle/Texas/24-008749-003/2024(H5N1)	323	5735
NA|PP755591.1|A/cattle/Texas/24-008749-003/2024(H5N1)	324	5729
NA|PP755591.1|A/cattle/Texas/24-008749-003/2024(H5N1)	325	5746
NA|PP755591.1|A/cattle/Texas/24-008749-003/2024(H5N1)	326	5761
NA|PP755591.1|A/cattle/Texas/24-008749-003/2024(H5N1)	327	5932
NA|PP755591.1|A/cattle/Texas/24-008749-003/2024(H5N1)	328	5912
NA|PP755591.1|A/cattle/Texas/24-008749-003/2024(H5N1)	329	5859
NA|PP755591.1|A/cattle/Texas/24-008749-003/2024(H5N1)	330	5895
NA|PP755591.1|A/cattle/Texas/24-008749-003/2024(H5N1)	331	5900
NA|PP755591.1|A/cattle/Texas/24-008749-003/2024(H5N1)	332	5927
NA|PP755591.1|A/cattle/Texas/24-008749-003/2024(H5N1)	333	5875
NA|PP755591.1|A/cattle/Texas/24-008749-003/2024(H5N1)	334	5947
NA|PP755591.1|A/cattle/Texas/24-008749-003/2024(H5N1)	335	5928
NA|PP755591.1|A/cattle/Texas/24-008749-003/2024(H5N1)	336	5854
NA|PP755591.1|A/cattle/Texas/24-008749-003/2024(H5N1)	337	5854
NA|PP755591.1|A/cattle/Texas/24-008749-003/2024(H5N1)	338	5874
NA|PP755591.1|A/cattle/Texas/24-008749-003/2024(H5N1)	339	5857
NA|PP755591.1|A/cattle/Texas/24-008749-003/2024(H5N1)	340	5878
NA|PP755591.1|A/cattle/Texas/24-008749-003/2024(H5N1)	341	5943
NA|PP755591.1|A/cattle/Texas/24-008749-003/2024(H5N1)	342	5982
NA|PP755591.1|A/cattle/Texas/24-008749-003/2024(H5N1)	343	5914
NA|PP755591.1|A/cattle/Texas/24-008749-003/2024(H5N1)	344	5897
NA|PP755591.1|A/cattle/Texas/24-008749-003/2024(H5N1)	345	5882
NA|PP755591.1|A/cattle/Texas/24-008749-003/2024(H5N1)	346	5981
NA|PP755591.1|A/cattle/Texas/24-008749-003/2024(H5N1)	347	6037
NA|PP755591.1|A/cattle/Texas/24-008749-003/2024(H5N1)	348	6052
NA|PP755591.1|A/cattle/Texas/24-008749-003/2024(H5N1)	349	6041
NA|PP755591.1|A/cattle/Texas/24-008749-003/2024(H5N1)	350	6085
NA|PP755591.1|A/cattle/Texas/24-008749-003/2024(H5N1)	351	6040
NA|PP755591.1|A/cattle/Texas/24-008749-003/2024(H5N1)	352	6061
NA|PP755591.1|A/cattle/Texas/24-008749-003/2024(H5N1)	353	6064
NA|PP755591.1|A/cattle/Texas/24-008749-003/2024(H5N1)	354	6122
NA|PP755591.1|A/cattle/Texas/24-008749-003/2024(H5N1)	355	6051
NA|PP755591.1|A/cattle/Texas/24-008749-003/2024(H5N1)	356	6090
NA|PP755591.1|A/cattle/Texas/24-008749-003/2024(H5N1)	357	6093
NA|PP755591.1|A/cattle/Texas/24-008749-003/2024(H5N1)	358	6184
NA|PP755591.1|A/cattle/Texas/24-008749-003/2024(H5N1)	359	6137
NA|PP755591.1|A/cattle/Texas/24-008749-003/2024(H5N1)	360	6187
NA|PP755591.1|A/cattle/Texas/24-008749-003/2024(H5N1)	361	6321
NA|PP755591.1|A/cattle/Texas/24-008749-003/2024(H5N1)	362	6311
NA|PP755591.1|A/cattle/Texas/24-008749-003/2024(H5N1)	363	6350
NA|PP755591.1|A/cattle/Texas/24-008749-003/2024(H5N1)	364	6347
NA|PP755591.1|A/cattle/Texas/24-008749-003/2024(H5N1)	365	6396
NA|PP755591.1|A/cattle/Texas/24-008749-003/2024(H5N1)	366	6413
NA|PP755591.1|A/cattle/Texas/24-008749-003/2024(H5N1)	367	6325
NA|PP755591.1|A/cattle/Texas/24-008749-003/2024(H5N1)	368	6332
NA|PP755591.1|A/cattle/Texas/24-008749-003/2024(H5N1)	369	6269
NA|PP755591.1|A/cattle/Texas/24-008749-003/2024(H5N1)	370	6311
NA|PP755591.1|A/cattle/Texas/24-008749-003/2024(H5N1)	371	6311
NA|PP755591.1|A/cattle/Texas/24-008749-003/2024(H5N1)	372	6337
NA|PP755591.1|A/cattle/Texas/24-008749-003/2024(H5N1)	373	6315
NA|PP755591.1|A/cattle/Texas/24-008749-003/2024(H5N1)	374	6340
NA|PP755591.1|A/cattle/Texas/24-008749-003/2024(H5N1)	375	6330
NA|PP755591.1|A/cattle/Texas/24-008749-003/2024(H5N1)	376	6446
NA|PP755591.1|A/cattle/Texas/24-008749-003/2024(H5N1)	377	6482
NA|PP755591.1|A/cattle/Texas/24-008749-003/2024(H5N1)	378	6460
NA|PP755591.1|A/cattle/Texas/24-008749-003/2024(H5N1)	379	6453
NA|PP755591.1|A/cattle/Texas/24-008749-003/2024(H5N1)	380	6448
NA|PP755591.1|A/cattle/Texas/24-008749-003/2024(H5N1)	381	6365
NA|PP755591.1|A/cattle/Texas/24-008749-003/2024(H5N1)	382	6373
NA|PP755591.1|A/cattle/Texas/24-008749-003/2024(H5N1)	383	6344
NA|PP755591.1|A/cattle/Texas/24-008749-003/2024(H5N1)	384	6377
NA|PP755591.1|A/cattle/Texas/24-008749-003/2024(H5N1)	385	6091
NA|PP755591.1|A/cattle/Texas/24-008749-003/2024(H5N1)	386	6089
NA|PP755591.1|A/cattle/Texas/24-008749-003/2024(H5N1)	387	6065
NA|PP755591.1|A/cattle/Texas/24-008749-003/2024(H5N1)	388	6033
NA|PP755591.1|A/cattle/Texas/24-008749-003/2024(H5N1)	389	5998
NA|PP755591.1|A/cattle/Texas/24-008749-003/2024(H5N1)	390	6004
NA|PP755591.1|A/cattle/Texas/24-008749-003/2024(H5N1)	391	6024
NA|PP755591.1|A/cattle/Texas/24-008749-003/2024(H5N1)	392	6034
NA|PP755591.1|A/cattle/Texas/24-008749-003/2024(H5N1)	393	5989
NA|PP755591.1|A/cattle/Texas/24-008749-003/2024(H5N1)	394	5989
NA|PP755591.1|A/cattle/Texas/24-008749-003/2024(H5N1)	395	6025
NA|PP755591.1|A/cattle/Texas/24-008749-003/2024(H5N1)	396	6024
NA|PP755591.1|A/cattle/Texas/24-008749-003/2024(H5N1)	397	6048
NA|PP755591.1|A/cattle/Texas/24-008749-003/2024(H5N1)	398	6093
NA|PP755591.1|A/cattle/Texas/24-008749-003/2024(H5N1)	399	6077
NA|PP755591.1|A/cattle/Texas/24-008749-003/2024(H5N1)	400	6056
NA|PP755591.1|A/cattle/Texas/24-008749-003/2024(H5N1)	401	5991
NA|PP755591.1|A/cattle/Texas/24-008749-003/2024(H5N1)	402	6093
NA|PP755591.1|A/cattle/Texas/24-008749-003/2024(H5N1)	403	6159
NA|PP755591.1|A/cattle/Texas/24-008749-003/2024(H5N1)	404	6198
NA|PP755591.1|A/cattle/Texas/24-008749-003/2024(H5N1)	405	6214
NA|PP755591.1|A/cattle/Texas/24-008749-003/2024(H5N1)	406	6201
NA|PP755591.1|A/cattle/Texas/24-008749-003/2024(H5N1)	407	6240
NA|PP755591.1|A/cattle/Texas/24-008749-003/2024(H5N1)	408	6242
NA|PP755591.1|A/cattle/Texas/24-008749-003/2024(H5N1)	409	6266
NA|PP755591.1|A/cattle/Texas/24-008749-003/2024(H5N1)	410	6381
NA|PP755591.1|A/cattle/Texas/24-008749-003/2024(H5N1)	411	6281
NA|PP755591.1|A/cattle/Texas/24-008749-003/2024(H5N1)	412	6390
NA|PP755591.1|A/cattle/Texas/24-008749-003/2024(H5N1)	413	6280
NA|PP755591.1|A/cattle/Texas/24-008749-003/2024(H5N1)	414	6237
NA|PP755591.1|A/cattle/Texas/24-008749-003/2024(H5N1)	415	6327
NA|PP755591.1|A/cattle/Texas/24-008749-003/2024(H5N1)	416	6256
NA|PP755591.1|A/cattle/Texas/24-008749-003/2024(H5N1)	417	6296
NA|PP755591.1|A/cattle/Texas/24-008749-003/2024(H5N1)	418	6321
NA|PP755591.1|A/cattle/Texas/24-008749-003/2024(H5N1)	419	6231
NA|PP755591.1|A/cattle/Texas/24-008749-003/2024(H5N1)	420	6247
NA|PP755591.1|A/cattle/Texas/24-008749-003/2024(H5N1)	421	6150
NA|PP755591.1|A/cattle/Texas/24-008749-003/2024(H5N1)	422	6171
NA|PP755591.1|A/cattle/Texas/24-008749-003/2024(H5N1)	423	6182
NA|PP755591.1|A/cattle/Texas/24-008749-003/2024(H5N1)	424	6062
NA|PP755591.1|A/cattle/Texas/24-008749-003/2024(H5N1)	425	6097
NA|PP755591.1|A/cattle/Texas/24-008749-003/2024(H5N1)	426	6033
NA|PP755591.1|A/cattle/Texas/24-008749-003/2024(H5N1)	427	6037
NA|PP755591.1|A/cattle/Texas/24-008749-003/2024(H5N1)	428	6053
NA|PP755591.1|A/cattle/Texas/24-008749-003/2024(H5N1)	429	6003
NA|PP755591.1|A/cattle/Texas/24-008749-003/2024(H5N1)	430	5833
NA|PP755591.1|A/cattle/Texas/24-008749-003/2024(H5N1)	431	5790
NA|PP755591.1|A/cattle/Texas/24-008749-003/2024(H5N1)	432	5829
NA|PP755591.1|A/cattle/Texas/24-008749-003/2024(H5N1)	433	5835
NA|PP755591.1|A/cattle/Texas/24-008749-003/2024(H5N1)	434	5838
NA|PP755591.1|A/cattle/Texas/24-008749-003/2024(H5N1)	435	5828
NA|PP755591.1|A/cattle/Texas/24-008749-003/2024(H5N1)	436	5839
NA|PP755591.1|A/cattle/Texas/24-008749-003/2024(H5N1)	437	5874
NA|PP755591.1|A/cattle/Texas/24-008749-003/2024(H5N1)	438	5847
NA|PP755591.1|A/cattle/Texas/24-008749-003/2024(H5N1)	439	5778
NA|PP755591.1|A/cattle/Texas/24-008749-003/2024(H5N1)	440	5758
NA|PP755591.1|A/cattle/Texas/24-008749-003/2024(H5N1)	441	5599
NA|PP755591.1|A/cattle/Texas/24-008749-003/2024(H5N1)	442	5563
NA|PP755591.1|A/cattle/Texas/24-008749-003/2024(H5N1)	443	5339
NA|PP755591.1|A/cattle/Texas/24-008749-003/2024(H5N1)	444	5321
NA|PP755591.1|A/cattle/Texas/24-008749-003/2024(H5N1)	445	5650
NA|PP755591.1|A/cattle/Texas/24-008749-003/2024(H5N1)	446	5385
NA|PP755591.1|A/cattle/Texas/24-008749-003/2024(H5N1)	447	5458
NA|PP755591.1|A/cattle/Texas/24-008749-003/2024(H5N1)	448	5444
NA|PP755591.1|A/cattle/Texas/24-008749-003/2024(H5N1)	449	5434
NA|PP755591.1|A/cattle/Texas/24-008749-003/2024(H5N1)	450	5699
NA|PP755591.1|A/cattle/Texas/24-008749-003/2024(H5N1)	451	5701
NA|PP755591.1|A/cattle/Texas/24-008749-003/2024(H5N1)	452	5717
NA|PP755591.1|A/cattle/Texas/24-008749-003/2024(H5N1)	453	5718
NA|PP755591.1|A/cattle/Texas/24-008749-003/2024(H5N1)	454	5307
NA|PP755591.1|A/cattle/Texas/24-008749-003/2024(H5N1)	455	5302
NA|PP755591.1|A/cattle/Texas/24-008749-003/2024(H5N1)	456	5428
NA|PP755591.1|A/cattle/Texas/24-008749-003/2024(H5N1)	457	5390
NA|PP755591.1|A/cattle/Texas/24-008749-003/2024(H5N1)	458	5384
NA|PP755591.1|A/cattle/Texas/24-008749-003/2024(H5N1)	459	5219
NA|PP755591.1|A/cattle/Texas/24-008749-003/2024(H5N1)	460	5227
NA|PP755591.1|A/cattle/Texas/24-008749-003/2024(H5N1)	461	5243
NA|PP755591.1|A/cattle/Texas/24-008749-003/2024(H5N1)	462	5473
NA|PP755591.1|A/cattle/Texas/24-008749-003/2024(H5N1)	463	5477
NA|PP755591.1|A/cattle/Texas/24-008749-003/2024(H5N1)	464	5508
NA|PP755591.1|A/cattle/Texas/24-008749-003/2024(H5N1)	465	5392
NA|PP755591.1|A/cattle/Texas/24-008749-003/2024(H5N1)	466	5385
NA|PP755591.1|A/cattle/Texas/24-008749-003/2024(H5N1)	467	5387
NA|PP755591.1|A/cattle/Texas/24-008749-003/2024(H5N1)	468	5304
NA|PP755591.1|A/cattle/Texas/24-008749-003/2024(H5N1)	469	5337
NA|PP755591.1|A/cattle/Texas/24-008749-003/2024(H5N1)	470	5308
NA|PP755591.1|A/cattle/Texas/24-008749-003/2024(H5N1)	471	5124
NA|PP755591.1|A/cattle/Texas/24-008749-003/2024(H5N1)	472	5190
NA|PP755591.1|A/cattle/Texas/24-008749-003/2024(H5N1)	473	5173
NA|PP755591.1|A/cattle/Texas/24-008749-003/2024(H5N1)	474	5179
NA|PP755591.1|A/cattle/Texas/24-008749-003/2024(H5N1)	475	5209
NA|PP755591.1|A/cattle/Texas/24-008749-003/2024(H5N1)	476	5229
NA|PP755591.1|A/cattle/Texas/24-008749-003/2024(H5N1)	477	5327
NA|PP755591.1|A/cattle/Texas/24-008749-003/2024(H5N1)	478	5212
NA|PP755591.1|A/cattle/Texas/24-008749-003/2024(H5N1)	479	5366
NA|PP755591.1|A/cattle/Texas/24-008749-003/2024(H5N1)	480	5449
NA|PP755591.1|A/cattle/Texas/24-008749-003/2024(H5N1)	481	5386
NA|PP755591.1|A/cattle/Texas/24-008749-003/2024(H5N1)	482	5441
NA|PP755591.1|A/cattle/Texas/24-008749-003/2024(H5N1)	483	5479
NA|PP755591.1|A/cattle/Texas/24-008749-003/2024(H5N1)	484	5448
NA|PP755591.1|A/cattle/Texas/24-008749-003/2024(H5N1)	485	5466
NA|PP755591.1|A/cattle/Texas/24-008749-003/2024(H5N1)	486	5357
NA|PP755591.1|A/cattle/Texas/24-008749-003/2024(H5N1)	487	5359
NA|PP755591.1|A/cattle/Texas/24-008749-003/2024(H5N1)	488	5255
NA|PP755591.1|A/cattle/Texas/24-008749-003/2024(H5N1)	489	5322
NA|PP755591.1|A/cattle/Texas/24-008749-003/2024(H5N1)	490	5386
NA|PP755591.1|A/cattle/Texas/24-008749-003/2024(H5N1)	491	5364
NA|PP755591.1|A/cattle/Texas/24-008749-003/2024(H5N1)	492	5308
NA|PP755591.1|A/cattle/Texas/24-008749-003/2024(H5N1)	493	5282
NA|PP755591.1|A/cattle/Texas/24-008749-003/2024(H5N1)	494	5275
NA|PP755591.1|A/cattle/Texas/24-008749-003/2024(H5N1)	495	5392
NA|PP755591.1|A/cattle/Texas/24-008749-003/2024(H5N1)	496	5443
NA|PP755591.1|A/cattle/Texas/24-008749-003/2024(H5N1)	497	5479
NA|PP755591.1|A/cattle/Texas/24-008749-003/2024(H5N1)	498	5413
NA|PP755591.1|A/cattle/Texas/24-008749-003/2024(H5N1)	499	5412
NA|PP755591.1|A/cattle/Texas/24-008749-003/2024(H5N1)	500	5357
NA|PP755591.1|A/cattle/Texas/24-008749-003/2024(H5N1)	501	5372
NA|PP755591.1|A/cattle/Texas/24-008749-003/2024(H5N1)	502	5622
NA|PP755591.1|A/cattle/Texas/24-008749-003/2024(H5N1)	503	5687
NA|PP755591.1|A/cattle/Texas/24-008749-003/2024(H5N1)	504	5601
NA|PP755591.1|A/cattle/Texas/24-008749-003/2024(H5N1)	505	5596
NA|PP755591.1|A/cattle/Texas/24-008749-003/2024(H5N1)	506	5483
NA|PP755591.1|A/cattle/Texas/24-008749-003/2024(H5N1)	507	5518
NA|PP755591.1|A/cattle/Texas/24-008749-003/2024(H5N1)	508	5513
NA|PP755591.1|A/cattle/Texas/24-008749-003/2024(H5N1)	509	5521
NA|PP755591.1|A/cattle/Texas/24-008749-003/2024(H5N1)	510	5497
NA|PP755591.1|A/cattle/Texas/24-008749-003/2024(H5N1)	511	5287
NA|PP755591.1|A/cattle/Texas/24-008749-003/2024(H5N1)	512	5331
NA|PP755591.1|A/cattle/Texas/24-008749-003/2024(H5N1)	513	5328
NA|PP755591.1|A/cattle/Texas/24-008749-003/2024(H5N1)	514	5314
NA|PP755591.1|A/cattle/Texas/24-008749-003/2024(H5N1)	515	5301
NA|PP755591.1|A/cattle/Texas/24-008749-003/2024(H5N1)	516	5262
NA|PP755591.1|A/cattle/Texas/24-008749-003/2024(H5N1)	517	5294
NA|PP755591.1|A/cattle/Texas/24-008749-003/2024(H5N1)	518	5304
NA|PP755591.1|A/cattle/Texas/24-008749-003/2024(H5N1)	519	5325
NA|PP755591.1|A/cattle/Texas/24-008749-003/2024(H5N1)	520	5326
NA|PP755591.1|A/cattle/Texas/24-008749-003/2024(H5N1)	521	5268
NA|PP755591.1|A/cattle/Texas/24-008749-003/2024(H5N1)	522	5274
NA|PP755591.1|A/cattle/Texas/24-008749-003/2024(H5N1)	523	5254
NA|PP755591.1|A/cattle/Texas/24-008749-003/2024(H5N1)	524	5268
NA|PP755591.1|A/cattle/Texas/24-008749-003/2024(H5N1)	525	5280
NA|PP755591.1|A/cattle/Texas/24-008749-003/2024(H5N1)	526	5260
NA|PP755591.1|A/cattle/Texas/24-008749-003/2024(H5N1)	527	5204
NA|PP755591.1|A/cattle/Texas/24-008749-003/2024(H5N1)	528	5146
NA|PP755591.1|A/cattle/Texas/24-008749-003/2024(H5N1)	529	5192
NA|PP755591.1|A/cattle/Texas/24-008749-003/2024(H5N1)	530	5192
NA|PP755591.1|A/cattle/Texas/24-008749-003/2024(H5N1)	531	5192
NA|PP755591.1|A/cattle/Texas/24-008749-003/2024(H5N1)	532	5198
NA|PP755591.1|A/cattle/Texas/24-008749-003/2024(H5N1)	533	5171
NA|PP755591.1|A/cattle/Texas/24-008749-003/2024(H5N1)	534	5161
NA|PP755591.1|A/cattle/Texas/24-008749-003/2024(H5N1)	535	5169
NA|PP755591.1|A/cattle/Texas/24-008749-003/2024(H5N1)	536	5126
NA|PP755591.1|A/cattle/Texas/24-008749-003/2024(H5N1)	537	5227
NA|PP755591.1|A/cattle/Texas/24-008749-003/2024(H5N1)	538	5182
NA|PP755591.1|A/cattle/Texas/24-008749-003/2024(H5N1)	539	5181
NA|PP755591.1|A/cattle/Texas/24-008749-003/2024(H5N1)	540	5228
NA|PP755591.1|A/cattle/Texas/24-008749-003/2024(H5N1)	541	5247
NA|PP755591.1|A/cattle/Texas/24-008749-003/2024(H5N1)	542	5250
NA|PP755591.1|A/cattle/Texas/24-008749-003/2024(H5N1)	543	5251
NA|PP755591.1|A/cattle/Texas/24-008749-003/2024(H5N1)	544	5249
NA|PP755591.1|A/cattle/Texas/24-008749-003/2024(H5N1)	545	5387
NA|PP755591.1|A/cattle/Texas/24-008749-003/2024(H5N1)	546	5413
NA|PP755591.1|A/cattle/Texas/24-008749-003/2024(H5N1)	547	5428
NA|PP755591.1|A/cattle/Texas/24-008749-003/2024(H5N1)	548	5439
NA|PP755591.1|A/cattle/Texas/24-008749-003/2024(H5N1)	549	5380
NA|PP755591.1|A/cattle/Texas/24-008749-003/2024(H5N1)	550	5408
NA|PP755591.1|A/cattle/Texas/24-008749-003/2024(H5N1)	551	5489
NA|PP755591.1|A/cattle/Texas/24-008749-003/2024(H5N1)	552	5506
NA|PP755591.1|A/cattle/Texas/24-008749-003/2024(H5N1)	553	5451
NA|PP755591.1|A/cattle/Texas/24-008749-003/2024(H5N1)	554	5329
NA|PP755591.1|A/cattle/Texas/24-008749-003/2024(H5N1)	555	5310
NA|PP755591.1|A/cattle/Texas/24-008749-003/2024(H5N1)	556	5303
NA|PP755591.1|A/cattle/Texas/24-008749-003/2024(H5N1)	557	5297
NA|PP755591.1|A/cattle/Texas/24-008749-003/2024(H5N1)	558	5276
NA|PP755591.1|A/cattle/Texas/24-008749-003/2024(H5N1)	559	5328
NA|PP755591.1|A/cattle/Texas/24-008749-003/2024(H5N1)	560	5273
NA|PP755591.1|A/cattle/Texas/24-008749-003/2024(H5N1)	561	5238
NA|PP755591.1|A/cattle/Texas/24-008749-003/2024(H5N1)	562	5240
NA|PP755591.1|A/cattle/Texas/24-008749-003/2024(H5N1)	563	5160
NA|PP755591.1|A/cattle/Texas/24-008749-003/2024(H5N1)	564	5162
NA|PP755591.1|A/cattle/Texas/24-008749-003/2024(H5N1)	565	5155
NA|PP755591.1|A/cattle/Texas/24-008749-003/2024(H5N1)	566	5138
NA|PP755591.1|A/cattle/Texas/24-008749-003/2024(H5N1)	567	5173
NA|PP755591.1|A/cattle/Texas/24-008749-003/2024(H5N1)	568	5058
NA|PP755591.1|A/cattle/Texas/24-008749-003/2024(H5N1)	569	5062
NA|PP755591.1|A/cattle/Texas/24-008749-003/2024(H5N1)	570	5091
NA|PP755591.1|A/cattle/Texas/24-008749-003/2024(H5N1)	571	5085
NA|PP755591.1|A/cattle/Texas/24-008749-003/2024(H5N1)	572	5093
NA|PP755591.1|A/cattle/Texas/24-008749-003/2024(H5N1)	573	5069
NA|PP755591.1|A/cattle/Texas/24-008749-003/2024(H5N1)	574	5105
NA|PP755591.1|A/cattle/Texas/24-008749-003/2024(H5N1)	575	5118
NA|PP755591.1|A/cattle/Texas/24-008749-003/2024(H5N1)	576	5057
NA|PP755591.1|A/cattle/Texas/24-008749-003/2024(H5N1)	577	5071
NA|PP755591.1|A/cattle/Texas/24-008749-003/2024(H5N1)	578	5119
NA|PP755591.1|A/cattle/Texas/24-008749-003/2024(H5N1)	579	5244
NA|PP755591.1|A/cattle/Texas/24-008749-003/2024(H5N1)	580	5244
NA|PP755591.1|A/cattle/Texas/24-008749-003/2024(H5N1)	581	5233
NA|PP755591.1|A/cattle/Texas/24-008749-003/2024(H5N1)	582	5231
NA|PP755591.1|A/cattle/Texas/24-008749-003/2024(H5N1)	583	5207
NA|PP755591.1|A/cattle/Texas/24-008749-003/2024(H5N1)	584	5215
NA|PP755591.1|A/cattle/Texas/24-008749-003/2024(H5N1)	585	5223
NA|PP755591.1|A/cattle/Texas/24-008749-003/2024(H5N1)	586	5361
NA|PP755591.1|A/cattle/Texas/24-008749-003/2024(H5N1)	587	5351
NA|PP755591.1|A/cattle/Texas/24-008749-003/2024(H5N1)	588	5249
NA|PP755591.1|A/cattle/Texas/24-008749-003/2024(H5N1)	589	5384
NA|PP755591.1|A/cattle/Texas/24-008749-003/2024(H5N1)	590	5377
NA|PP755591.1|A/cattle/Texas/24-008749-003/2024(H5N1)	591	5369
NA|PP755591.1|A/cattle/Texas/24-008749-003/2024(H5N1)	592	5383
NA|PP755591.1|A/cattle/Texas/24-008749-003/2024(H5N1)	593	5329
NA|PP755591.1|A/cattle/Texas/24-008749-003/2024(H5N1)	594	5416
NA|PP755591.1|A/cattle/Texas/24-008749-003/2024(H5N1)	595	5430
NA|PP755591.1|A/cattle/Texas/24-008749-003/2024(H5N1)	596	5253
NA|PP755591.1|A/cattle/Texas/24-008749-003/2024(H5N1)	597	5510
NA|PP755591.1|A/cattle/Texas/24-008749-003/2024(H5N1)	598	5476
NA|PP755591.1|A/cattle/Texas/24-008749-003/2024(H5N1)	599	5554
NA|PP755591.1|A/cattle/Texas/24-008749-003/2024(H5N1)	600	5553
NA|PP755591.1|A/cattle/Texas/24-008749-003/2024(H5N1)	601	5383
NA|PP755591.1|A/cattle/Texas/24-008749-003/2024(H5N1)	602	5413
NA|PP755591.1|A/cattle/Texas/24-008749-003/2024(H5N1)	603	5325
NA|PP755591.1|A/cattle/Texas/24-008749-003/2024(H5N1)	604	5343
NA|PP755591.1|A/cattle/Texas/24-008749-003/2024(H5N1)	605	5453
NA|PP755591.1|A/cattle/Texas/24-008749-003/2024(H5N1)	606	5182
NA|PP755591.1|A/cattle/Texas/24-008749-003/2024(H5N1)	607	5200
NA|PP755591.1|A/cattle/Texas/24-008749-003/2024(H5N1)	608	5138
NA|PP755591.1|A/cattle/Texas/24-008749-003/2024(H5N1)	609	5146
NA|PP755591.1|A/cattle/Texas/24-008749-003/2024(H5N1)	610	5257
NA|PP755591.1|A/cattle/Texas/24-008749-003/2024(H5N1)	611	5111
NA|PP755591.1|A/cattle/Texas/24-008749-003/2024(H5N1)	612	5015
NA|PP755591.1|A/cattle/Texas/24-008749-003/2024(H5N1)	613	5227
NA|PP755591.1|A/cattle/Texas/24-008749-003/2024(H5N1)	614	5355
NA|PP755591.1|A/cattle/Texas/24-008749-003/2024(H5N1)	615	5381
NA|PP755591.1|A/cattle/Texas/24-008749-003/2024(H5N1)	616	5421
NA|PP755591.1|A/cattle/Texas/24-008749-003/2024(H5N1)	617	5395
NA|PP755591.1|A/cattle/Texas/24-008749-003/2024(H5N1)	618	5453
NA|PP755591.1|A/cattle/Texas/24-008749-003/2024(H5N1)	619	5443
NA|PP755591.1|A/cattle/Texas/24-008749-003/2024(H5N1)	620	5416
NA|PP755591.1|A/cattle/Texas/24-008749-003/2024(H5N1)	621	5566
NA|PP755591.1|A/cattle/Texas/24-008749-003/2024(H5N1)	622	5382
NA|PP755591.1|A/cattle/Texas/24-008749-003/2024(H5N1)	623	5449
NA|PP755591.1|A/cattle/Texas/24-008749-003/2024(H5N1)	624	5465
NA|PP755591.1|A/cattle/Texas/24-008749-003/2024(H5N1)	625	5411
NA|PP755591.1|A/cattle/Texas/24-008749-003/2024(H5N1)	626	5415
NA|PP755591.1|A/cattle/Texas/24-008749-003/2024(H5N1)	627	5390
NA|PP755591.1|A/cattle/Texas/24-008749-003/2024(H5N1)	628	5354
NA|PP755591.1|A/cattle/Texas/24-008749-003/2024(H5N1)	629	5454
NA|PP755591.1|A/cattle/Texas/24-008749-003/2024(H5N1)	630	5265
NA|PP755591.1|A/cattle/Texas/24-008749-003/2024(H5N1)	631	5260
NA|PP755591.1|A/cattle/Texas/24-008749-003/2024(H5N1)	632	5305
NA|PP755591.1|A/cattle/Texas/24-008749-003/2024(H5N1)	633	5267
NA|PP755591.1|A/cattle/Texas/24-008749-003/2024(H5N1)	634	5269
NA|PP755591.1|A/cattle/Texas/24-008749-003/2024(H5N1)	635	5267
NA|PP755591.1|A/cattle/Texas/24-008749-003/2024(H5N1)	636	5294
NA|PP755591.1|A/cattle/Texas/24-008749-003/2024(H5N1)	637	5302
NA|PP755591.1|A/cattle/Texas/24-008749-003/2024(H5N1)	638	5246
NA|PP755591.1|A/cattle/Texas/24-008749-003/2024(H5N1)	639	5264
NA|PP755591.1|A/cattle/Texas/24-008749-003/2024(H5N1)	640	5234
NA|PP755591.1|A/cattle/Texas/24-008749-003/2024(H5N1)	641	5182
NA|PP755591.1|A/cattle/Texas/24-008749-003/2024(H5N1)	642	5186
NA|PP755591.1|A/cattle/Texas/24-008749-003/2024(H5N1)	643	5199
NA|PP755591.1|A/cattle/Texas/24-008749-003/2024(H5N1)	644	5254
NA|PP755591.1|A/cattle/Texas/24-008749-003/2024(H5N1)	645	5247
NA|PP755591.1|A/cattle/Texas/24-008749-003/2024(H5N1)	646	5357
NA|PP755591.1|A/cattle/Texas/24-008749-003/2024(H5N1)	647	5349
NA|PP755591.1|A/cattle/Texas/24-008749-003/2024(H5N1)	648	5292
NA|PP755591.1|A/cattle/Texas/24-008749-003/2024(H5N1)	649	5291
NA|PP755591.1|A/cattle/Texas/24-008749-003/2024(H5N1)	650	5268
NA|PP755591.1|A/cattle/Texas/24-008749-003/2024(H5N1)	651	5347
NA|PP755591.1|A/cattle/Texas/24-008749-003/2024(H5N1)	652	5305
NA|PP755591.1|A/cattle/Texas/24-008749-003/2024(H5N1)	653	5154
NA|PP755591.1|A/cattle/Texas/24-008749-003/2024(H5N1)	654	5043
NA|PP755591.1|A/cattle/Texas/24-008749-003/2024(H5N1)	655	4935
NA|PP755591.1|A/cattle/Texas/24-008749-003/2024(H5N1)	656	4936
NA|PP755591.1|A/cattle/Texas/24-008749-003/2024(H5N1)	657	4935
NA|PP755591.1|A/cattle/Texas/24-008749-003/2024(H5N1)	658	4983
NA|PP755591.1|A/cattle/Texas/24-008749-003/2024(H5N1)	659	4988
NA|PP755591.1|A/cattle/Texas/24-008749-003/2024(H5N1)	660	4942
NA|PP755591.1|A/cattle/Texas/24-008749-003/2024(H5N1)	661	4935
NA|PP755591.1|A/cattle/Texas/24-008749-003/2024(H5N1)	662	4944
NA|PP755591.1|A/cattle/Texas/24-008749-003/2024(H5N1)	663	4914
NA|PP755591.1|A/cattle/Texas/24-008749-003/2024(H5N1)	664	4913
NA|PP755591.1|A/cattle/Texas/24-008749-003/2024(H5N1)	665	4924
NA|PP755591.1|A/cattle/Texas/24-008749-003/2024(H5N1)	666	4954
NA|PP755591.1|A/cattle/Texas/24-008749-003/2024(H5N1)	667	4949
NA|PP755591.1|A/cattle/Texas/24-008749-003/2024(H5N1)	668	4934
NA|PP755591.1|A/cattle/Texas/24-008749-003/2024(H5N1)	669	4927
NA|PP755591.1|A/cattle/Texas/24-008749-003/2024(H5N1)	670	4980
NA|PP755591.1|A/cattle/Texas/24-008749-003/2024(H5N1)	671	4977
NA|PP755591.1|A/cattle/Texas/24-008749-003/2024(H5N1)	672	4975
NA|PP755591.1|A/cattle/Texas/24-008749-003/2024(H5N1)	673	4972
NA|PP755591.1|A/cattle/Texas/24-008749-003/2024(H5N1)	674	4991
NA|PP755591.1|A/cattle/Texas/24-008749-003/2024(H5N1)	675	5067
NA|PP755591.1|A/cattle/Texas/24-008749-003/2024(H5N1)	676	5054
NA|PP755591.1|A/cattle/Texas/24-008749-003/2024(H5N1)	677	5066
NA|PP755591.1|A/cattle/Texas/24-008749-003/2024(H5N1)	678	5065
NA|PP755591.1|A/cattle/Texas/24-008749-003/2024(H5N1)	679	5044
NA|PP755591.1|A/cattle/Texas/24-008749-003/2024(H5N1)	680	5060
NA|PP755591.1|A/cattle/Texas/24-008749-003/2024(H5N1)	681	5062
NA|PP755591.1|A/cattle/Texas/24-008749-003/2024(H5N1)	682	5082
NA|PP755591.1|A/cattle/Texas/24-008749-003/2024(H5N1)	683	5130
NA|PP755591.1|A/cattle/Texas/24-008749-003/2024(H5N1)	684	5206
NA|PP755591.1|A/cattle/Texas/24-008749-003/2024(H5N1)	685	5194
NA|PP755591.1|A/cattle/Texas/24-008749-003/2024(H5N1)	686	5134
NA|PP755591.1|A/cattle/Texas/24-008749-003/2024(H5N1)	687	5132
NA|PP755591.1|A/cattle/Texas/24-008749-003/2024(H5N1)	688	5320
NA|PP755591.1|A/cattle/Texas/24-008749-003/2024(H5N1)	689	5333
NA|PP755591.1|A/cattle/Texas/24-008749-003/2024(H5N1)	690	5368
NA|PP755591.1|A/cattle/Texas/24-008749-003/2024(H5N1)	691	5318
NA|PP755591.1|A/cattle/Texas/24-008749-003/2024(H5N1)	692	5295
NA|PP755591.1|A/cattle/Texas/24-008749-003/2024(H5N1)	693	5227
NA|PP755591.1|A/cattle/Texas/24-008749-003/2024(H5N1)	694	4972
NA|PP755591.1|A/cattle/Texas/24-008749-003/2024(H5N1)	695	4876
NA|PP755591.1|A/cattle/Texas/24-008749-003/2024(H5N1)	696	4881
NA|PP755591.1|A/cattle/Texas/24-008749-003/2024(H5N1)	697	5040
NA|PP755591.1|A/cattle/Texas/24-008749-003/2024(H5N1)	698	5054
NA|PP755591.1|A/cattle/Texas/24-008749-003/2024(H5N1)	699	5191
NA|PP755591.1|A/cattle/Texas/24-008749-003/2024(H5N1)	700	5204
NA|PP755591.1|A/cattle/Texas/24-008749-003/2024(H5N1)	701	5196
NA|PP755591.1|A/cattle/Texas/24-008749-003/2024(H5N1)	702	5157
NA|PP755591.1|A/cattle/Texas/24-008749-003/2024(H5N1)	703	5204
NA|PP755591.1|A/cattle/Texas/24-008749-003/2024(H5N1)	704	5214
NA|PP755591.1|A/cattle/Texas/24-008749-003/2024(H5N1)	705	5215
NA|PP755591.1|A/cattle/Texas/24-008749-003/2024(H5N1)	706	5203
NA|PP755591.1|A/cattle/Texas/24-008749-003/2024(H5N1)	707	5238
NA|PP755591.1|A/cattle/Texas/24-008749-003/2024(H5N1)	708	5158
NA|PP755591.1|A/cattle/Texas/24-008749-003/2024(H5N1)	709	5165
NA|PP755591.1|A/cattle/Texas/24-008749-003/2024(H5N1)	710	5158
NA|PP755591.1|A/cattle/Texas/24-008749-003/2024(H5N1)	711	5162
NA|PP755591.1|A/cattle/Texas/24-008749-003/2024(H5N1)	712	5171
NA|PP755591.1|A/cattle/Texas/24-008749-003/2024(H5N1)	713	5224
NA|PP755591.1|A/cattle/Texas/24-008749-003/2024(H5N1)	714	5273
NA|PP755591.1|A/cattle/Texas/24-008749-003/2024(H5N1)	715	5252
NA|PP755591.1|A/cattle/Texas/24-008749-003/2024(H5N1)	716	5276
NA|PP755591.1|A/cattle/Texas/24-008749-003/2024(H5N1)	717	5260
NA|PP755591.1|A/cattle/Texas/24-008749-003/2024(H5N1)	718	5274
NA|PP755591.1|A/cattle/Texas/24-008749-003/2024(H5N1)	719	5600
NA|PP755591.1|A/cattle/Texas/24-008749-003/2024(H5N1)	720	5583
NA|PP755591.1|A/cattle/Texas/24-008749-003/2024(H5N1)	721	5825
NA|PP755591.1|A/cattle/Texas/24-008749-003/2024(H5N1)	722	5813
NA|PP755591.1|A/cattle/Texas/24-008749-003/2024(H5N1)	723	5828
NA|PP755591.1|A/cattle/Texas/24-008749-003/2024(H5N1)	724	5832
NA|PP755591.1|A/cattle/Texas/24-008749-003/2024(H5N1)	725	5783
NA|PP755591.1|A/cattle/Texas/24-008749-003/2024(H5N1)	726	5796
NA|PP755591.1|A/cattle/Texas/24-008749-003/2024(H5N1)	727	5833
NA|PP755591.1|A/cattle/Texas/24-008749-003/2024(H5N1)	728	5950
NA|PP755591.1|A/cattle/Texas/24-008749-003/2024(H5N1)	729	5856
NA|PP755591.1|A/cattle/Texas/24-008749-003/2024(H5N1)	730	5655
NA|PP755591.1|A/cattle/Texas/24-008749-003/2024(H5N1)	731	5695
NA|PP755591.1|A/cattle/Texas/24-008749-003/2024(H5N1)	732	5704
NA|PP755591.1|A/cattle/Texas/24-008749-003/2024(H5N1)	733	5744
NA|PP755591.1|A/cattle/Texas/24-008749-003/2024(H5N1)	734	5755
NA|PP755591.1|A/cattle/Texas/24-008749-003/2024(H5N1)	735	5785
NA|PP755591.1|A/cattle/Texas/24-008749-003/2024(H5N1)	736	5786
NA|PP755591.1|A/cattle/Texas/24-008749-003/2024(H5N1)	737	5527
NA|PP755591.1|A/cattle/Texas/24-008749-003/2024(H5N1)	738	5539
NA|PP755591.1|A/cattle/Texas/24-008749-003/2024(H5N1)	739	5547
NA|PP755591.1|A/cattle/Texas/24-008749-003/2024(H5N1)	740	5662
NA|PP755591.1|A/cattle/Texas/24-008749-003/2024(H5N1)	741	5740
NA|PP755591.1|A/cattle/Texas/24-008749-003/2024(H5N1)	742	5657
NA|PP755591.1|A/cattle/Texas/24-008749-003/2024(H5N1)	743	5637
NA|PP755591.1|A/cattle/Texas/24-008749-003/2024(H5N1)	744	5553
NA|PP755591.1|A/cattle/Texas/24-008749-003/2024(H5N1)	745	5677
NA|PP755591.1|A/cattle/Texas/24-008749-003/2024(H5N1)	746	5694
NA|PP755591.1|A/cattle/Texas/24-008749-003/2024(H5N1)	747	5687
NA|PP755591.1|A/cattle/Texas/24-008749-003/2024(H5N1)	748	5515
NA|PP755591.1|A/cattle/Texas/24-008749-003/2024(H5N1)	749	5340
NA|PP755591.1|A/cattle/Texas/24-008749-003/2024(H5N1)	750	5329
NA|PP755591.1|A/cattle/Texas/24-008749-003/2024(H5N1)	751	5636
NA|PP755591.1|A/cattle/Texas/24-008749-003/2024(H5N1)	752	5658
NA|PP755591.1|A/cattle/Texas/24-008749-003/2024(H5N1)	753	5650
NA|PP755591.1|A/cattle/Texas/24-008749-003/2024(H5N1)	754	5455
NA|PP755591.1|A/cattle/Texas/24-008749-003/2024(H5N1)	755	5621
NA|PP755591.1|A/cattle/Texas/24-008749-003/2024(H5N1)	756	5686
NA|PP755591.1|A/cattle/Texas/24-008749-003/2024(H5N1)	757	5710
NA|PP755591.1|A/cattle/Texas/24-008749-003/2024(H5N1)	758	5704
NA|PP755591.1|A/cattle/Texas/24-008749-003/2024(H5N1)	759	5684
NA|PP755591.1|A/cattle/Texas/24-008749-003/2024(H5N1)	760	5461
NA|PP755591.1|A/cattle/Texas/24-008749-003/2024(H5N1)	761	5448
NA|PP755591.1|A/cattle/Texas/24-008749-003/2024(H5N1)	762	5472
NA|PP755591.1|A/cattle/Texas/24-008749-003/2024(H5N1)	763	5491
NA|PP755591.1|A/cattle/Texas/24-008749-003/2024(H5N1)	764	5191
NA|PP755591.1|A/cattle/Texas/24-008749-003/2024(H5N1)	765	5281
NA|PP755591.1|A/cattle/Texas/24-008749-003/2024(H5N1)	766	5288
NA|PP755591.1|A/cattle/Texas/24-008749-003/2024(H5N1)	767	5313
NA|PP755591.1|A/cattle/Texas/24-008749-003/2024(H5N1)	768	5282
NA|PP755591.1|A/cattle/Texas/24-008749-003/2024(H5N1)	769	5279
NA|PP755591.1|A/cattle/Texas/24-008749-003/2024(H5N1)	770	5308
NA|PP755591.1|A/cattle/Texas/24-008749-003/2024(H5N1)	771	5315
NA|PP755591.1|A/cattle/Texas/24-008749-003/2024(H5N1)	772	5217
NA|PP755591.1|A/cattle/Texas/24-008749-003/2024(H5N1)	773	5215
NA|PP755591.1|A/cattle/Texas/24-008749-003/2024(H5N1)	774	5081
NA|PP755591.1|A/cattle/Texas/24-008749-003/2024(H5N1)	775	5082
NA|PP755591.1|A/cattle/Texas/24-008749-003/2024(H5N1)	776	5074
NA|PP755591.1|A/cattle/Texas/24-008749-003/2024(H5N1)	777	5075
NA|PP755591.1|A/cattle/Texas/24-008749-003/2024(H5N1)	778	5062
NA|PP755591.1|A/cattle/Texas/24-008749-003/2024(H5N1)	779	5039
NA|PP755591.1|A/cattle/Texas/24-008749-003/2024(H5N1)	780	5017
NA|PP755591.1|A/cattle/Texas/24-008749-003/2024(H5N1)	781	5006
NA|PP755591.1|A/cattle/Texas/24-008749-003/2024(H5N1)	782	5027
NA|PP755591.1|A/cattle/Texas/24-008749-003/2024(H5N1)	783	5019
NA|PP755591.1|A/cattle/Texas/24-008749-003/2024(H5N1)	784	5002
NA|PP755591.1|A/cattle/Texas/24-008749-003/2024(H5N1)	785	4987
NA|PP755591.1|A/cattle/Texas/24-008749-003/2024(H5N1)	786	4977
NA|PP755591.1|A/cattle/Texas/24-008749-003/2024(H5N1)	787	4969
NA|PP755591.1|A/cattle/Texas/24-008749-003/2024(H5N1)	788	4956
NA|PP755591.1|A/cattle/Texas/24-008749-003/2024(H5N1)	789	4970
NA|PP755591.1|A/cattle/Texas/24-008749-003/2024(H5N1)	790	4959
NA|PP755591.1|A/cattle/Texas/24-008749-003/2024(H5N1)	791	4985
NA|PP755591.1|A/cattle/Texas/24-008749-003/2024(H5N1)	792	4980
NA|PP755591.1|A/cattle/Texas/24-008749-003/2024(H5N1)	793	5004
NA|PP755591.1|A/cattle/Texas/24-008749-003/2024(H5N1)	794	4990
NA|PP755591.1|A/cattle/Texas/24-008749-003/2024(H5N1)	795	4912
NA|PP755591.1|A/cattle/Texas/24-008749-003/2024(H5N1)	796	4895
NA|PP755591.1|A/cattle/Texas/24-008749-003/2024(H5N1)	797	4854
NA|PP755591.1|A/cattle/Texas/24-008749-003/2024(H5N1)	798	4816
NA|PP755591.1|A/cattle/Texas/24-008749-003/2024(H5N1)	799	4877
NA|PP755591.1|A/cattle/Texas/24-008749-003/2024(H5N1)	800	4888
NA|PP755591.1|A/cattle/Texas/24-008749-003/2024(H5N1)	801	5049
NA|PP755591.1|A/cattle/Texas/24-008749-003/2024(H5N1)	802	5050
NA|PP755591.1|A/cattle/Texas/24-008749-003/2024(H5N1)	803	5063
NA|PP755591.1|A/cattle/Texas/24-008749-003/2024(H5N1)	804	5202
NA|PP755591.1|A/cattle/Texas/24-008749-003/2024(H5N1)	805	5202
NA|PP755591.1|A/cattle/Texas/24-008749-003/2024(H5N1)	806	5271
NA|PP755591.1|A/cattle/Texas/24-008749-003/2024(H5N1)	807	5299
NA|PP755591.1|A/cattle/Texas/24-008749-003/2024(H5N1)	808	5238
NA|PP755591.1|A/cattle/Texas/24-008749-003/2024(H5N1)	809	5267
NA|PP755591.1|A/cattle/Texas/24-008749-003/2024(H5N1)	810	5267
NA|PP755591.1|A/cattle/Texas/24-008749-003/2024(H5N1)	811	5216
NA|PP755591.1|A/cattle/Texas/24-008749-003/2024(H5N1)	812	5378
NA|PP755591.1|A/cattle/Texas/24-008749-003/2024(H5N1)	813	5369
NA|PP755591.1|A/cattle/Texas/24-008749-003/2024(H5N1)	814	5412
NA|PP755591.1|A/cattle/Texas/24-008749-003/2024(H5N1)	815	5411
NA|PP755591.1|A/cattle/Texas/24-008749-003/2024(H5N1)	816	5412
NA|PP755591.1|A/cattle/Texas/24-008749-003/2024(H5N1)	817	5591
NA|PP755591.1|A/cattle/Texas/24-008749-003/2024(H5N1)	818	5609
NA|PP755591.1|A/cattle/Texas/24-008749-003/2024(H5N1)	819	5624
NA|PP755591.1|A/cattle/Texas/24-008749-003/2024(H5N1)	820	5612
NA|PP755591.1|A/cattle/Texas/24-008749-003/2024(H5N1)	821	5477
NA|PP755591.1|A/cattle/Texas/24-008749-003/2024(H5N1)	822	5524
NA|PP755591.1|A/cattle/Texas/24-008749-003/2024(H5N1)	823	5512
NA|PP755591.1|A/cattle/Texas/24-008749-003/2024(H5N1)	824	5555
NA|PP755591.1|A/cattle/Texas/24-008749-003/2024(H5N1)	825	5610
NA|PP755591.1|A/cattle/Texas/24-008749-003/2024(H5N1)	826	5460
NA|PP755591.1|A/cattle/Texas/24-008749-003/2024(H5N1)	827	5471
NA|PP755591.1|A/cattle/Texas/24-008749-003/2024(H5N1)	828	5455
NA|PP755591.1|A/cattle/Texas/24-008749-003/2024(H5N1)	829	5503
NA|PP755591.1|A/cattle/Texas/24-008749-003/2024(H5N1)	830	5498
NA|PP755591.1|A/cattle/Texas/24-008749-003/2024(H5N1)	831	5496
NA|PP755591.1|A/cattle/Texas/24-008749-003/2024(H5N1)	832	5514
NA|PP755591.1|A/cattle/Texas/24-008749-003/2024(H5N1)	833	5457
NA|PP755591.1|A/cattle/Texas/24-008749-003/2024(H5N1)	834	5468
NA|PP755591.1|A/cattle/Texas/24-008749-003/2024(H5N1)	835	5416
NA|PP755591.1|A/cattle/Texas/24-008749-003/2024(H5N1)	836	5410
NA|PP755591.1|A/cattle/Texas/24-008749-003/2024(H5N1)	837	5291
NA|PP755591.1|A/cattle/Texas/24-008749-003/2024(H5N1)	838	5249
NA|PP755591.1|A/cattle/Texas/24-008749-003/2024(H5N1)	839	5398
NA|PP755591.1|A/cattle/Texas/24-008749-003/2024(H5N1)	840	5457
NA|PP755591.1|A/cattle/Texas/24-008749-003/2024(H5N1)	841	5436
NA|PP755591.1|A/cattle/Texas/24-008749-003/2024(H5N1)	842	5454
NA|PP755591.1|A/cattle/Texas/24-008749-003/2024(H5N1)	843	5411
NA|PP755591.1|A/cattle/Texas/24-008749-003/2024(H5N1)	844	5416
NA|PP755591.1|A/cattle/Texas/24-008749-003/2024(H5N1)	845	5556
NA|PP755591.1|A/cattle/Texas/24-008749-003/2024(H5N1)	846	5562
NA|PP755591.1|A/cattle/Texas/24-008749-003/2024(H5N1)	847	5546
NA|PP755591.1|A/cattle/Texas/24-008749-003/2024(H5N1)	848	5458
NA|PP755591.1|A/cattle/Texas/24-008749-003/2024(H5N1)	849	5280
NA|PP755591.1|A/cattle/Texas/24-008749-003/2024(H5N1)	850	5303
NA|PP755591.1|A/cattle/Texas/24-008749-003/2024(H5N1)	851	5336
NA|PP755591.1|A/cattle/Texas/24-008749-003/2024(H5N1)	852	5322
NA|PP755591.1|A/cattle/Texas/24-008749-003/2024(H5N1)	853	5316
NA|PP755591.1|A/cattle/Texas/24-008749-003/2024(H5N1)	854	5216
NA|PP755591.1|A/cattle/Texas/24-008749-003/2024(H5N1)	855	5258
NA|PP755591.1|A/cattle/Texas/24-008749-003/2024(H5N1)	856	5374
NA|PP755591.1|A/cattle/Texas/24-008749-003/2024(H5N1)	857	5363
NA|PP755591.1|A/cattle/Texas/24-008749-003/2024(H5N1)	858	5353
NA|PP755591.1|A/cattle/Texas/24-008749-003/2024(H5N1)	859	5379
NA|PP755591.1|A/cattle/Texas/24-008749-003/2024(H5N1)	860	5400
NA|PP755591.1|A/cattle/Texas/24-008749-003/2024(H5N1)	861	5845
NA|PP755591.1|A/cattle/Texas/24-008749-003/2024(H5N1)	862	5879
NA|PP755591.1|A/cattle/Texas/24-008749-003/2024(H5N1)	863	5919
NA|PP755591.1|A/cattle/Texas/24-008749-003/2024(H5N1)	864	5818
NA|PP755591.1|A/cattle/Texas/24-008749-003/2024(H5N1)	865	5982
NA|PP755591.1|A/cattle/Texas/24-008749-003/2024(H5N1)	866	5969
NA|PP755591.1|A/cattle/Texas/24-008749-003/2024(H5N1)	867	5956
NA|PP755591.1|A/cattle/Texas/24-008749-003/2024(H5N1)	868	6009
NA|PP755591.1|A/cattle/Texas/24-008749-003/2024(H5N1)	869	6009
NA|PP755591.1|A/cattle/Texas/24-008749-003/2024(H5N1)	870	5482
NA|PP755591.1|A/cattle/Texas/24-008749-003/2024(H5N1)	871	5507
NA|PP755591.1|A/cattle/Texas/24-008749-003/2024(H5N1)	872	5405
NA|PP755591.1|A/cattle/Texas/24-008749-003/2024(H5N1)	873	5557
NA|PP755591.1|A/cattle/Texas/24-008749-003/2024(H5N1)	874	5578
NA|PP755591.1|A/cattle/Texas/24-008749-003/2024(H5N1)	875	5586
NA|PP755591.1|A/cattle/Texas/24-008749-003/2024(H5N1)	876	5591
NA|PP755591.1|A/cattle/Texas/24-008749-003/2024(H5N1)	877	5530
NA|PP755591.1|A/cattle/Texas/24-008749-003/2024(H5N1)	878	5528
NA|PP755591.1|A/cattle/Texas/24-008749-003/2024(H5N1)	879	5441
NA|PP755591.1|A/cattle/Texas/24-008749-003/2024(H5N1)	880	5460
NA|PP755591.1|A/cattle/Texas/24-008749-003/2024(H5N1)	881	5449
NA|PP755591.1|A/cattle/Texas/24-008749-003/2024(H5N1)	882	5496
NA|PP755591.1|A/cattle/Texas/24-008749-003/2024(H5N1)	883	5532
NA|PP755591.1|A/cattle/Texas/24-008749-003/2024(H5N1)	884	5529
NA|PP755591.1|A/cattle/Texas/24-008749-003/2024(H5N1)	885	5529
NA|PP755591.1|A/cattle/Texas/24-008749-003/2024(H5N1)	886	5514
NA|PP755591.1|A/cattle/Texas/24-008749-003/2024(H5N1)	887	5544
NA|PP755591.1|A/cattle/Texas/24-008749-003/2024(H5N1)	888	5549
NA|PP755591.1|A/cattle/Texas/24-008749-003/2024(H5N1)	889	5527
NA|PP755591.1|A/cattle/Texas/24-008749-003/2024(H5N1)	890	5505
NA|PP755591.1|A/cattle/Texas/24-008749-003/2024(H5N1)	891	5297
NA|PP755591.1|A/cattle/Texas/24-008749-003/2024(H5N1)	892	5509
NA|PP755591.1|A/cattle/Texas/24-008749-003/2024(H5N1)	893	5685
NA|PP755591.1|A/cattle/Texas/24-008749-003/2024(H5N1)	894	5669
NA|PP755591.1|A/cattle/Texas/24-008749-003/2024(H5N1)	895	5669
NA|PP755591.1|A/cattle/Texas/24-008749-003/2024(H5N1)	896	5616
NA|PP755591.1|A/cattle/Texas/24-008749-003/2024(H5N1)	897	5617
NA|PP755591.1|A/cattle/Texas/24-008749-003/2024(H5N1)	898	5675
NA|PP755591.1|A/cattle/Texas/24-008749-003/2024(H5N1)	899	5677
NA|PP755591.1|A/cattle/Texas/24-008749-003/2024(H5N1)	900	5659
NA|PP755591.1|A/cattle/Texas/24-008749-003/2024(H5N1)	901	5367
NA|PP755591.1|A/cattle/Texas/24-008749-003/2024(H5N1)	902	5358
NA|PP755591.1|A/cattle/Texas/24-008749-003/2024(H5N1)	903	5405
NA|PP755591.1|A/cattle/Texas/24-008749-003/2024(H5N1)	904	5387
NA|PP755591.1|A/cattle/Texas/24-008749-003/2024(H5N1)	905	5301
NA|PP755591.1|A/cattle/Texas/24-008749-003/2024(H5N1)	906	5317
NA|PP755591.1|A/cattle/Texas/24-008749-003/2024(H5N1)	907	5273
NA|PP755591.1|A/cattle/Texas/24-008749-003/2024(H5N1)	908	5318
NA|PP755591.1|A/cattle/Texas/24-008749-003/2024(H5N1)	909	5357
NA|PP755591.1|A/cattle/Texas/24-008749-003/2024(H5N1)	910	5366
NA|PP755591.1|A/cattle/Texas/24-008749-003/2024(H5N1)	911	5326
NA|PP755591.1|A/cattle/Texas/24-008749-003/2024(H5N1)	912	5305
NA|PP755591.1|A/cattle/Texas/24-008749-003/2024(H5N1)	913	5306
NA|PP755591.1|A/cattle/Texas/24-008749-003/2024(H5N1)	914	5280
NA|PP755591.1|A/cattle/Texas/24-008749-003/2024(H5N1)	915	5270
NA|PP755591.1|A/cattle/Texas/24-008749-003/2024(H5N1)	916	5257
NA|PP755591.1|A/cattle/Texas/24-008749-003/2024(H5N1)	917	5263
NA|PP755591.1|A/cattle/Texas/24-008749-003/2024(H5N1)	918	5224
NA|PP755591.1|A/cattle/Texas/24-008749-003/2024(H5N1)	919	5455
NA|PP755591.1|A/cattle/Texas/24-008749-003/2024(H5N1)	920	5461
NA|PP755591.1|A/cattle/Texas/24-008749-003/2024(H5N1)	921	5441
NA|PP755591.1|A/cattle/Texas/24-008749-003/2024(H5N1)	922	5435
NA|PP755591.1|A/cattle/Texas/24-008749-003/2024(H5N1)	923	5407
NA|PP755591.1|A/cattle/Texas/24-008749-003/2024(H5N1)	924	5410
NA|PP755591.1|A/cattle/Texas/24-008749-003/2024(H5N1)	925	5451
NA|PP755591.1|A/cattle/Texas/24-008749-003/2024(H5N1)	926	5508
NA|PP755591.1|A/cattle/Texas/24-008749-003/2024(H5N1)	927	5514
NA|PP755591.1|A/cattle/Texas/24-008749-003/2024(H5N1)	928	5501
NA|PP755591.1|A/cattle/Texas/24-008749-003/2024(H5N1)	929	5496
NA|PP755591.1|A/cattle/Texas/24-008749-003/2024(H5N1)	930	5500
NA|PP755591.1|A/cattle/Texas/24-008749-003/2024(H5N1)	931	5505
NA|PP755591.1|A/cattle/Texas/24-008749-003/2024(H5N1)	932	5504
NA|PP755591.1|A/cattle/Texas/24-008749-003/2024(H5N1)	933	5601
NA|PP755591.1|A/cattle/Texas/24-008749-003/2024(H5N1)	934	5578
NA|PP755591.1|A/cattle/Texas/24-008749-003/2024(H5N1)	935	5622
NA|PP755591.1|A/cattle/Texas/24-008749-003/2024(H5N1)	936	5624
NA|PP755591.1|A/cattle/Texas/24-008749-003/2024(H5N1)	937	5617
NA|PP755591.1|A/cattle/Texas/24-008749-003/2024(H5N1)	938	5637
NA|PP755591.1|A/cattle/Texas/24-008749-003/2024(H5N1)	939	5632
NA|PP755591.1|A/cattle/Texas/24-008749-003/2024(H5N1)	940	5605
NA|PP755591.1|A/cattle/Texas/24-008749-003/2024(H5N1)	941	5624
NA|PP755591.1|A/cattle/Texas/24-008749-003/2024(H5N1)	942	5556
NA|PP755591.1|A/cattle/Texas/24-008749-003/2024(H5N1)	943	5901
NA|PP755591.1|A/cattle/Texas/24-008749-003/2024(H5N1)	944	5894
NA|PP755591.1|A/cattle/Texas/24-008749-003/2024(H5N1)	945	5925
NA|PP755591.1|A/cattle/Texas/24-008749-003/2024(H5N1)	946	6138
NA|PP755591.1|A/cattle/Texas/24-008749-003/2024(H5N1)	947	6169
NA|PP755591.1|A/cattle/Texas/24-008749-003/2024(H5N1)	948	6364
NA|PP755591.1|A/cattle/Texas/24-008749-003/2024(H5N1)	949	6390
NA|PP755591.1|A/cattle/Texas/24-008749-003/2024(H5N1)	950	6358
NA|PP755591.1|A/cattle/Texas/24-008749-003/2024(H5N1)	951	6373
NA|PP755591.1|A/cattle/Texas/24-008749-003/2024(H5N1)	952	6088
NA|PP755591.1|A/cattle/Texas/24-008749-003/2024(H5N1)	953	6098
NA|PP755591.1|A/cattle/Texas/24-008749-003/2024(H5N1)	954	6079
NA|PP755591.1|A/cattle/Texas/24-008749-003/2024(H5N1)	955	5811
NA|PP755591.1|A/cattle/Texas/24-008749-003/2024(H5N1)	956	5825
NA|PP755591.1|A/cattle/Texas/24-008749-003/2024(H5N1)	957	5789
NA|PP755591.1|A/cattle/Texas/24-008749-003/2024(H5N1)	958	5767
NA|PP755591.1|A/cattle/Texas/24-008749-003/2024(H5N1)	959	5753
NA|PP755591.1|A/cattle/Texas/24-008749-003/2024(H5N1)	960	5735
NA|PP755591.1|A/cattle/Texas/24-008749-003/2024(H5N1)	961	5731
NA|PP755591.1|A/cattle/Texas/24-008749-003/2024(H5N1)	962	5682
NA|PP755591.1|A/cattle/Texas/24-008749-003/2024(H5N1)	963	5605
NA|PP755591.1|A/cattle/Texas/24-008749-003/2024(H5N1)	964	5626
NA|PP755591.1|A/cattle/Texas/24-008749-003/2024(H5N1)	965	5598
NA|PP755591.1|A/cattle/Texas/24-008749-003/2024(H5N1)	966	5588
NA|PP755591.1|A/cattle/Texas/24-008749-003/2024(H5N1)	967	5583
NA|PP755591.1|A/cattle/Texas/24-008749-003/2024(H5N1)	968	5568
NA|PP755591.1|A/cattle/Texas/24-008749-003/2024(H5N1)	969	5523
NA|PP755591.1|A/cattle/Texas/24-008749-003/2024(H5N1)	970	5575
NA|PP755591.1|A/cattle/Texas/24-008749-003/2024(H5N1)	971	5572
NA|PP755591.1|A/cattle/Texas/24-008749-003/2024(H5N1)	972	5556
NA|PP755591.1|A/cattle/Texas/24-008749-003/2024(H5N1)	973	5517
NA|PP755591.1|A/cattle/Texas/24-008749-003/2024(H5N1)	974	5570
NA|PP755591.1|A/cattle/Texas/24-008749-003/2024(H5N1)	975	5536
NA|PP755591.1|A/cattle/Texas/24-008749-003/2024(H5N1)	976	5546
NA|PP755591.1|A/cattle/Texas/24-008749-003/2024(H5N1)	977	5576
NA|PP755591.1|A/cattle/Texas/24-008749-003/2024(H5N1)	978	5574
NA|PP755591.1|A/cattle/Texas/24-008749-003/2024(H5N1)	979	5496
NA|PP755591.1|A/cattle/Texas/24-008749-003/2024(H5N1)	980	5499
NA|PP755591.1|A/cattle/Texas/24-008749-003/2024(H5N1)	981	5559
NA|PP755591.1|A/cattle/Texas/24-008749-003/2024(H5N1)	982	5544
NA|PP755591.1|A/cattle/Texas/24-008749-003/2024(H5N1)	983	5515
NA|PP755591.1|A/cattle/Texas/24-008749-003/2024(H5N1)	984	5441
NA|PP755591.1|A/cattle/Texas/24-008749-003/2024(H5N1)	985	5448
NA|PP755591.1|A/cattle/Texas/24-008749-003/2024(H5N1)	986	5466
NA|PP755591.1|A/cattle/Texas/24-008749-003/2024(H5N1)	987	5537
NA|PP755591.1|A/cattle/Texas/24-008749-003/2024(H5N1)	988	5526
NA|PP755591.1|A/cattle/Texas/24-008749-003/2024(H5N1)	989	5531
NA|PP755591.1|A/cattle/Texas/24-008749-003/2024(H5N1)	990	5399
NA|PP755591.1|A/cattle/Texas/24-008749-003/2024(H5N1)	991	5370
NA|PP755591.1|A/cattle/Texas/24-008749-003/2024(H5N1)	992	5402
NA|PP755591.1|A/cattle/Texas/24-008749-003/2024(H5N1)	993	5512
NA|PP755591.1|A/cattle/Texas/24-008749-003/2024(H5N1)	994	5514
NA|PP755591.1|A/cattle/Texas/24-008749-003/2024(H5N1)	995	5420
NA|PP755591.1|A/cattle/Texas/24-008749-003/2024(H5N1)	996	5342
NA|PP755591.1|A/cattle/Texas/24-008749-003/2024(H5N1)	997	5460
NA|PP755591.1|A/cattle/Texas/24-008749-003/2024(H5N1)	998	5539
NA|PP755591.1|A/cattle/Texas/24-008749-003/2024(H5N1)	999	5609
NA|PP755591.1|A/cattle/Texas/24-008749-003/2024(H5N1)	1000	5572
NA|PP755591.1|A/cattle/Texas/24-008749-003/2024(H5N1)	1001	5593
NA|PP755591.1|A/cattle/Texas/24-008749-003/2024(H5N1)	1002	5695
NA|PP755591.1|A/cattle/Texas/24-008749-003/2024(H5N1)	1003	5694
NA|PP755591.1|A/cattle/Texas/24-008749-003/2024(H5N1)	1004	5698
NA|PP755591.1|A/cattle/Texas/24-008749-003/2024(H5N1)	1005	5655
NA|PP755591.1|A/cattle/Texas/24-008749-003/2024(H5N1)	1006	5518
NA|PP755591.1|A/cattle/Texas/24-008749-003/2024(H5N1)	1007	5797
NA|PP755591.1|A/cattle/Texas/24-008749-003/2024(H5N1)	1008	5858
NA|PP755591.1|A/cattle/Texas/24-008749-003/2024(H5N1)	1009	5941
NA|PP755591.1|A/cattle/Texas/24-008749-003/2024(H5N1)	1010	5907
NA|PP755591.1|A/cattle/Texas/24-008749-003/2024(H5N1)	1011	5873
NA|PP755591.1|A/cattle/Texas/24-008749-003/2024(H5N1)	1012	5610
NA|PP755591.1|A/cattle/Texas/24-008749-003/2024(H5N1)	1013	5635
NA|PP755591.1|A/cattle/Texas/24-008749-003/2024(H5N1)	1014	5738
NA|PP755591.1|A/cattle/Texas/24-008749-003/2024(H5N1)	1015	5733
NA|PP755591.1|A/cattle/Texas/24-008749-003/2024(H5N1)	1016	5554
NA|PP755591.1|A/cattle/Texas/24-008749-003/2024(H5N1)	1017	5573
NA|PP755591.1|A/cattle/Texas/24-008749-003/2024(H5N1)	1018	5488
NA|PP755591.1|A/cattle/Texas/24-008749-003/2024(H5N1)	1019	5494
NA|PP755591.1|A/cattle/Texas/24-008749-003/2024(H5N1)	1020	5489
NA|PP755591.1|A/cattle/Texas/24-008749-003/2024(H5N1)	1021	5517
NA|PP755591.1|A/cattle/Texas/24-008749-003/2024(H5N1)	1022	5501
NA|PP755591.1|A/cattle/Texas/24-008749-003/2024(H5N1)	1023	5346
NA|PP755591.1|A/cattle/Texas/24-008749-003/2024(H5N1)	1024	5343
NA|PP755591.1|A/cattle/Texas/24-008749-003/2024(H5N1)	1025	5464
NA|PP755591.1|A/cattle/Texas/24-008749-003/2024(H5N1)	1026	5452
NA|PP755591.1|A/cattle/Texas/24-008749-003/2024(H5N1)	1027	5594
NA|PP755591.1|A/cattle/Texas/24-008749-003/2024(H5N1)	1028	5590
NA|PP755591.1|A/cattle/Texas/24-008749-003/2024(H5N1)	1029	5618
NA|PP755591.1|A/cattle/Texas/24-008749-003/2024(H5N1)	1030	5592
NA|PP755591.1|A/cattle/Texas/24-008749-003/2024(H5N1)	1031	5592
NA|PP755591.1|A/cattle/Texas/24-008749-003/2024(H5N1)	1032	5595
NA|PP755591.1|A/cattle/Texas/24-008749-003/2024(H5N1)	1033	5543
NA|PP755591.1|A/cattle/Texas/24-008749-003/2024(H5N1)	1034	5618
NA|PP755591.1|A/cattle/Texas/24-008749-003/2024(H5N1)	1035	5673
NA|PP755591.1|A/cattle/Texas/24-008749-003/2024(H5N1)	1036	5763
NA|PP755591.1|A/cattle/Texas/24-008749-003/2024(H5N1)	1037	5763
NA|PP755591.1|A/cattle/Texas/24-008749-003/2024(H5N1)	1038	5700
NA|PP755591.1|A/cattle/Texas/24-008749-003/2024(H5N1)	1039	5695
NA|PP755591.1|A/cattle/Texas/24-008749-003/2024(H5N1)	1040	5708
NA|PP755591.1|A/cattle/Texas/24-008749-003/2024(H5N1)	1041	5710
NA|PP755591.1|A/cattle/Texas/24-008749-003/2024(H5N1)	1042	5724
NA|PP755591.1|A/cattle/Texas/24-008749-003/2024(H5N1)	1043	5438
NA|PP755591.1|A/cattle/Texas/24-008749-003/2024(H5N1)	1044	5407
NA|PP755591.1|A/cattle/Texas/24-008749-003/2024(H5N1)	1045	5461
NA|PP755591.1|A/cattle/Texas/24-008749-003/2024(H5N1)	1046	5476
NA|PP755591.1|A/cattle/Texas/24-008749-003/2024(H5N1)	1047	5477
NA|PP755591.1|A/cattle/Texas/24-008749-003/2024(H5N1)	1048	5482
NA|PP755591.1|A/cattle/Texas/24-008749-003/2024(H5N1)	1049	5493
NA|PP755591.1|A/cattle/Texas/24-008749-003/2024(H5N1)	1050	5501
NA|PP755591.1|A/cattle/Texas/24-008749-003/2024(H5N1)	1051	5518
NA|PP755591.1|A/cattle/Texas/24-008749-003/2024(H5N1)	1052	5512
NA|PP755591.1|A/cattle/Texas/24-008749-003/2024(H5N1)	1053	5486
NA|PP755591.1|A/cattle/Texas/24-008749-003/2024(H5N1)	1054	5573
NA|PP755591.1|A/cattle/Texas/24-008749-003/2024(H5N1)	1055	5577
NA|PP755591.1|A/cattle/Texas/24-008749-003/2024(H5N1)	1056	5681
NA|PP755591.1|A/cattle/Texas/24-008749-003/2024(H5N1)	1057	5699
NA|PP755591.1|A/cattle/Texas/24-008749-003/2024(H5N1)	1058	5698
NA|PP755591.1|A/cattle/Texas/24-008749-003/2024(H5N1)	1059	6020
NA|PP755591.1|A/cattle/Texas/24-008749-003/2024(H5N1)	1060	6011
NA|PP755591.1|A/cattle/Texas/24-008749-003/2024(H5N1)	1061	6524
NA|PP755591.1|A/cattle/Texas/24-008749-003/2024(H5N1)	1062	6554
NA|PP755591.1|A/cattle/Texas/24-008749-003/2024(H5N1)	1063	6555
NA|PP755591.1|A/cattle/Texas/24-008749-003/2024(H5N1)	1064	6582
NA|PP755591.1|A/cattle/Texas/24-008749-003/2024(H5N1)	1065	6539
NA|PP755591.1|A/cattle/Texas/24-008749-003/2024(H5N1)	1066	6546
NA|PP755591.1|A/cattle/Texas/24-008749-003/2024(H5N1)	1067	6570
NA|PP755591.1|A/cattle/Texas/24-008749-003/2024(H5N1)	1068	6598
NA|PP755591.1|A/cattle/Texas/24-008749-003/2024(H5N1)	1069	6607
NA|PP755591.1|A/cattle/Texas/24-008749-003/2024(H5N1)	1070	6212
NA|PP755591.1|A/cattle/Texas/24-008749-003/2024(H5N1)	1071	6219
NA|PP755591.1|A/cattle/Texas/24-008749-003/2024(H5N1)	1072	6261
NA|PP755591.1|A/cattle/Texas/24-008749-003/2024(H5N1)	1073	6272
NA|PP755591.1|A/cattle/Texas/24-008749-003/2024(H5N1)	1074	6309
NA|PP755591.1|A/cattle/Texas/24-008749-003/2024(H5N1)	1075	6315
NA|PP755591.1|A/cattle/Texas/24-008749-003/2024(H5N1)	1076	6295
NA|PP755591.1|A/cattle/Texas/24-008749-003/2024(H5N1)	1077	6262
NA|PP755591.1|A/cattle/Texas/24-008749-003/2024(H5N1)	1078	6259
NA|PP755591.1|A/cattle/Texas/24-008749-003/2024(H5N1)	1079	6279
NA|PP755591.1|A/cattle/Texas/24-008749-003/2024(H5N1)	1080	6292
NA|PP755591.1|A/cattle/Texas/24-008749-003/2024(H5N1)	1081	6292
NA|PP755591.1|A/cattle/Texas/24-008749-003/2024(H5N1)	1082	6309
NA|PP755591.1|A/cattle/Texas/24-008749-003/2024(H5N1)	1083	6341
NA|PP755591.1|A/cattle/Texas/24-008749-003/2024(H5N1)	1084	6430
NA|PP755591.1|A/cattle/Texas/24-008749-003/2024(H5N1)	1085	6413
NA|PP755591.1|A/cattle/Texas/24-008749-003/2024(H5N1)	1086	6415
NA|PP755591.1|A/cattle/Texas/24-008749-003/2024(H5N1)	1087	6432
NA|PP755591.1|A/cattle/Texas/24-008749-003/2024(H5N1)	1088	6419
NA|PP755591.1|A/cattle/Texas/24-008749-003/2024(H5N1)	1089	6503
NA|PP755591.1|A/cattle/Texas/24-008749-003/2024(H5N1)	1090	6502
NA|PP755591.1|A/cattle/Texas/24-008749-003/2024(H5N1)	1091	6529
NA|PP755591.1|A/cattle/Texas/24-008749-003/2024(H5N1)	1092	6500
NA|PP755591.1|A/cattle/Texas/24-008749-003/2024(H5N1)	1093	6481
NA|PP755591.1|A/cattle/Texas/24-008749-003/2024(H5N1)	1094	6265
NA|PP755591.1|A/cattle/Texas/24-008749-003/2024(H5N1)	1095	6255
NA|PP755591.1|A/cattle/Texas/24-008749-003/2024(H5N1)	1096	6363
NA|PP755591.1|A/cattle/Texas/24-008749-003/2024(H5N1)	1097	6242
NA|PP755591.1|A/cattle/Texas/24-008749-003/2024(H5N1)	1098	6530
NA|PP755591.1|A/cattle/Texas/24-008749-003/2024(H5N1)	1099	6425
NA|PP755591.1|A/cattle/Texas/24-008749-003/2024(H5N1)	1100	6385
NA|PP755591.1|A/cattle/Texas/24-008749-003/2024(H5N1)	1101	6340
NA|PP755591.1|A/cattle/Texas/24-008749-003/2024(H5N1)	1102	6339
NA|PP755591.1|A/cattle/Texas/24-008749-003/2024(H5N1)	1103	6342
NA|PP755591.1|A/cattle/Texas/24-008749-003/2024(H5N1)	1104	6334
NA|PP755591.1|A/cattle/Texas/24-008749-003/2024(H5N1)	1105	6223
NA|PP755591.1|A/cattle/Texas/24-008749-003/2024(H5N1)	1106	6217
NA|PP755591.1|A/cattle/Texas/24-008749-003/2024(H5N1)	1107	6103
NA|PP755591.1|A/cattle/Texas/24-008749-003/2024(H5N1)	1108	6106
NA|PP755591.1|A/cattle/Texas/24-008749-003/2024(H5N1)	1109	6330
NA|PP755591.1|A/cattle/Texas/24-008749-003/2024(H5N1)	1110	6301
NA|PP755591.1|A/cattle/Texas/24-008749-003/2024(H5N1)	1111	6300
NA|PP755591.1|A/cattle/Texas/24-008749-003/2024(H5N1)	1112	6300
NA|PP755591.1|A/cattle/Texas/24-008749-003/2024(H5N1)	1113	6306
NA|PP755591.1|A/cattle/Texas/24-008749-003/2024(H5N1)	1114	6316
NA|PP755591.1|A/cattle/Texas/24-008749-003/2024(H5N1)	1115	6312
NA|PP755591.1|A/cattle/Texas/24-008749-003/2024(H5N1)	1116	6319
NA|PP755591.1|A/cattle/Texas/24-008749-003/2024(H5N1)	1117	6356
NA|PP755591.1|A/cattle/Texas/24-008749-003/2024(H5N1)	1118	6234
NA|PP755591.1|A/cattle/Texas/24-008749-003/2024(H5N1)	1119	6333
NA|PP755591.1|A/cattle/Texas/24-008749-003/2024(H5N1)	1120	6359
NA|PP755591.1|A/cattle/Texas/24-008749-003/2024(H5N1)	1121	6444
NA|PP755591.1|A/cattle/Texas/24-008749-003/2024(H5N1)	1122	6444
NA|PP755591.1|A/cattle/Texas/24-008749-003/2024(H5N1)	1123	6427
NA|PP755591.1|A/cattle/Texas/24-008749-003/2024(H5N1)	1124	6423
NA|PP755591.1|A/cattle/Texas/24-008749-003/2024(H5N1)	1125	6397
NA|PP755591.1|A/cattle/Texas/24-008749-003/2024(H5N1)	1126	6376
NA|PP755591.1|A/cattle/Texas/24-008749-003/2024(H5N1)	1127	6415
NA|PP755591.1|A/cattle/Texas/24-008749-003/2024(H5N1)	1128	6333
NA|PP755591.1|A/cattle/Texas/24-008749-003/2024(H5N1)	1129	6370
NA|PP755591.1|A/cattle/Texas/24-008749-003/2024(H5N1)	1130	6352
NA|PP755591.1|A/cattle/Texas/24-008749-003/2024(H5N1)	1131	6366
NA|PP755591.1|A/cattle/Texas/24-008749-003/2024(H5N1)	1132	6381
NA|PP755591.1|A/cattle/Texas/24-008749-003/2024(H5N1)	1133	6393
NA|PP755591.1|A/cattle/Texas/24-008749-003/2024(H5N1)	1134	6495
NA|PP755591.1|A/cattle/Texas/24-008749-003/2024(H5N1)	1135	6505
NA|PP755591.1|A/cattle/Texas/24-008749-003/2024(H5N1)	1136	6598
NA|PP755591.1|A/cattle/Texas/24-008749-003/2024(H5N1)	1137	6825
NA|PP755591.1|A/cattle/Texas/24-008749-003/2024(H5N1)	1138	6792
NA|PP755591.1|A/cattle/Texas/24-008749-003/2024(H5N1)	1139	6894
NA|PP755591.1|A/cattle/Texas/24-008749-003/2024(H5N1)	1140	6957
NA|PP755591.1|A/cattle/Texas/24-008749-003/2024(H5N1)	1141	6962
NA|PP755591.1|A/cattle/Texas/24-008749-003/2024(H5N1)	1142	6927
NA|PP755591.1|A/cattle/Texas/24-008749-003/2024(H5N1)	1143	6719
NA|PP755591.1|A/cattle/Texas/24-008749-003/2024(H5N1)	1144	6870
NA|PP755591.1|A/cattle/Texas/24-008749-003/2024(H5N1)	1145	6782
NA|PP755591.1|A/cattle/Texas/24-008749-003/2024(H5N1)	1146	6799
NA|PP755591.1|A/cattle/Texas/24-008749-003/2024(H5N1)	1147	6870
NA|PP755591.1|A/cattle/Texas/24-008749-003/2024(H5N1)	1148	6689
NA|PP755591.1|A/cattle/Texas/24-008749-003/2024(H5N1)	1149	6810
NA|PP755591.1|A/cattle/Texas/24-008749-003/2024(H5N1)	1150	6852
NA|PP755591.1|A/cattle/Texas/24-008749-003/2024(H5N1)	1151	6849
NA|PP755591.1|A/cattle/Texas/24-008749-003/2024(H5N1)	1152	6819
NA|PP755591.1|A/cattle/Texas/24-008749-003/2024(H5N1)	1153	6698
NA|PP755591.1|A/cattle/Texas/24-008749-003/2024(H5N1)	1154	6815
NA|PP755591.1|A/cattle/Texas/24-008749-003/2024(H5N1)	1155	6907
NA|PP755591.1|A/cattle/Texas/24-008749-003/2024(H5N1)	1156	6900
NA|PP755591.1|A/cattle/Texas/24-008749-003/2024(H5N1)	1157	6924
NA|PP755591.1|A/cattle/Texas/24-008749-003/2024(H5N1)	1158	6579
NA|PP755591.1|A/cattle/Texas/24-008749-003/2024(H5N1)	1159	6555
NA|PP755591.1|A/cattle/Texas/24-008749-003/2024(H5N1)	1160	6507
NA|PP755591.1|A/cattle/Texas/24-008749-003/2024(H5N1)	1161	6457
NA|PP755591.1|A/cattle/Texas/24-008749-003/2024(H5N1)	1162	6415
NA|PP755591.1|A/cattle/Texas/24-008749-003/2024(H5N1)	1163	6436
NA|PP755591.1|A/cattle/Texas/24-008749-003/2024(H5N1)	1164	6340
NA|PP755591.1|A/cattle/Texas/24-008749-003/2024(H5N1)	1165	6270
NA|PP755591.1|A/cattle/Texas/24-008749-003/2024(H5N1)	1166	6380
NA|PP755591.1|A/cattle/Texas/24-008749-003/2024(H5N1)	1167	6336
NA|PP755591.1|A/cattle/Texas/24-008749-003/2024(H5N1)	1168	6533
NA|PP755591.1|A/cattle/Texas/24-008749-003/2024(H5N1)	1169	6536
NA|PP755591.1|A/cattle/Texas/24-008749-003/2024(H5N1)	1170	6573
NA|PP755591.1|A/cattle/Texas/24-008749-003/2024(H5N1)	1171	6564
NA|PP755591.1|A/cattle/Texas/24-008749-003/2024(H5N1)	1172	6530
NA|PP755591.1|A/cattle/Texas/24-008749-003/2024(H5N1)	1173	6559
NA|PP755591.1|A/cattle/Texas/24-008749-003/2024(H5N1)	1174	6537
NA|PP755591.1|A/cattle/Texas/24-008749-003/2024(H5N1)	1175	6601
NA|PP755591.1|A/cattle/Texas/24-008749-003/2024(H5N1)	1176	6501
NA|PP755591.1|A/cattle/Texas/24-008749-003/2024(H5N1)	1177	6339
NA|PP755591.1|A/cattle/Texas/24-008749-003/2024(H5N1)	1178	6375
NA|PP755591.1|A/cattle/Texas/24-008749-003/2024(H5N1)	1179	6315
NA|PP755591.1|A/cattle/Texas/24-008749-003/2024(H5N1)	1180	6309
NA|PP755591.1|A/cattle/Texas/24-008749-003/2024(H5N1)	1181	6329
NA|PP755591.1|A/cattle/Texas/24-008749-003/2024(H5N1)	1182	6331
NA|PP755591.1|A/cattle/Texas/24-008749-003/2024(H5N1)	1183	6346
NA|PP755591.1|A/cattle/Texas/24-008749-003/2024(H5N1)	1184	6381
NA|PP755591.1|A/cattle/Texas/24-008749-003/2024(H5N1)	1185	6313
NA|PP755591.1|A/cattle/Texas/24-008749-003/2024(H5N1)	1186	6321
NA|PP755591.1|A/cattle/Texas/24-008749-003/2024(H5N1)	1187	6241
NA|PP755591.1|A/cattle/Texas/24-008749-003/2024(H5N1)	1188	6267
NA|PP755591.1|A/cattle/Texas/24-008749-003/2024(H5N1)	1189	6271
NA|PP755591.1|A/cattle/Texas/24-008749-003/2024(H5N1)	1190	6305
NA|PP755591.1|A/cattle/Texas/24-008749-003/2024(H5N1)	1191	6277
NA|PP755591.1|A/cattle/Texas/24-008749-003/2024(H5N1)	1192	6288
NA|PP755591.1|A/cattle/Texas/24-008749-003/2024(H5N1)	1193	6270
NA|PP755591.1|A/cattle/Texas/24-008749-003/2024(H5N1)	1194	6267
NA|PP755591.1|A/cattle/Texas/24-008749-003/2024(H5N1)	1195	6240
NA|PP755591.1|A/cattle/Texas/24-008749-003/2024(H5N1)	1196	6176
NA|PP755591.1|A/cattle/Texas/24-008749-003/2024(H5N1)	1197	6202
NA|PP755591.1|A/cattle/Texas/24-008749-003/2024(H5N1)	1198	6251
NA|PP755591.1|A/cattle/Texas/24-008749-003/2024(H5N1)	1199	6222
NA|PP755591.1|A/cattle/Texas/24-008749-003/2024(H5N1)	1200	6226
NA|PP755591.1|A/cattle/Texas/24-008749-003/2024(H5N1)	1201	6691
NA|PP755591.1|A/cattle/Texas/24-008749-003/2024(H5N1)	1202	6751
NA|PP755591.1|A/cattle/Texas/24-008749-003/2024(H5N1)	1203	6823
NA|PP755591.1|A/cattle/Texas/24-008749-003/2024(H5N1)	1204	6824
NA|PP755591.1|A/cattle/Texas/24-008749-003/2024(H5N1)	1205	6836
NA|PP755591.1|A/cattle/Texas/24-008749-003/2024(H5N1)	1206	6867
NA|PP755591.1|A/cattle/Texas/24-008749-003/2024(H5N1)	1207	6812
NA|PP755591.1|A/cattle/Texas/24-008749-003/2024(H5N1)	1208	6827
NA|PP755591.1|A/cattle/Texas/24-008749-003/2024(H5N1)	1209	6802
NA|PP755591.1|A/cattle/Texas/24-008749-003/2024(H5N1)	1210	6350
NA|PP755591.1|A/cattle/Texas/24-008749-003/2024(H5N1)	1211	6339
NA|PP755591.1|A/cattle/Texas/24-008749-003/2024(H5N1)	1212	5995
NA|PP755591.1|A/cattle/Texas/24-008749-003/2024(H5N1)	1213	5913
NA|PP755591.1|A/cattle/Texas/24-008749-003/2024(H5N1)	1214	5965
NA|PP755591.1|A/cattle/Texas/24-008749-003/2024(H5N1)	1215	6119
NA|PP755591.1|A/cattle/Texas/24-008749-003/2024(H5N1)	1216	6148
NA|PP755591.1|A/cattle/Texas/24-008749-003/2024(H5N1)	1217	6227
NA|PP755591.1|A/cattle/Texas/24-008749-003/2024(H5N1)	1218	6254
NA|PP755591.1|A/cattle/Texas/24-008749-003/2024(H5N1)	1219	6308
NA|PP755591.1|A/cattle/Texas/24-008749-003/2024(H5N1)	1220	6299
NA|PP755591.1|A/cattle/Texas/24-008749-003/2024(H5N1)	1221	6304
NA|PP755591.1|A/cattle/Texas/24-008749-003/2024(H5N1)	1222	6301
NA|PP755591.1|A/cattle/Texas/24-008749-003/2024(H5N1)	1223	6227
NA|PP755591.1|A/cattle/Texas/24-008749-003/2024(H5N1)	1224	6262
NA|PP755591.1|A/cattle/Texas/24-008749-003/2024(H5N1)	1225	6422
NA|PP755591.1|A/cattle/Texas/24-008749-003/2024(H5N1)	1226	6667
NA|PP755591.1|A/cattle/Texas/24-008749-003/2024(H5N1)	1227	6723
NA|PP755591.1|A/cattle/Texas/24-008749-003/2024(H5N1)	1228	6653
NA|PP755591.1|A/cattle/Texas/24-008749-003/2024(H5N1)	1229	6629
NA|PP755591.1|A/cattle/Texas/24-008749-003/2024(H5N1)	1230	6611
NA|PP755591.1|A/cattle/Texas/24-008749-003/2024(H5N1)	1231	6723
NA|PP755591.1|A/cattle/Texas/24-008749-003/2024(H5N1)	1232	6757
NA|PP755591.1|A/cattle/Texas/24-008749-003/2024(H5N1)	1233	6721
NA|PP755591.1|A/cattle/Texas/24-008749-003/2024(H5N1)	1234	6701
NA|PP755591.1|A/cattle/Texas/24-008749-003/2024(H5N1)	1235	6497
NA|PP755591.1|A/cattle/Texas/24-008749-003/2024(H5N1)	1236	6522
NA|PP755591.1|A/cattle/Texas/24-008749-003/2024(H5N1)	1237	6538
NA|PP755591.1|A/cattle/Texas/24-008749-003/2024(H5N1)	1238	6548
NA|PP755591.1|A/cattle/Texas/24-008749-003/2024(H5N1)	1239	6543
NA|PP755591.1|A/cattle/Texas/24-008749-003/2024(H5N1)	1240	6948
NA|PP755591.1|A/cattle/Texas/24-008749-003/2024(H5N1)	1241	7356
NA|PP755591.1|A/cattle/Texas/24-008749-003/2024(H5N1)	1242	7377
NA|PP755591.1|A/cattle/Texas/24-008749-003/2024(H5N1)	1243	7375
NA|PP755591.1|A/cattle/Texas/24-008749-003/2024(H5N1)	1244	7381
NA|PP755591.1|A/cattle/Texas/24-008749-003/2024(H5N1)	1245	7395
NA|PP755591.1|A/cattle/Texas/24-008749-003/2024(H5N1)	1246	7427
NA|PP755591.1|A/cattle/Texas/24-008749-003/2024(H5N1)	1247	7389
NA|PP755591.1|A/cattle/Texas/24-008749-003/2024(H5N1)	1248	7407
NA|PP755591.1|A/cattle/Texas/24-008749-003/2024(H5N1)	1249	7002
NA|PP755591.1|A/cattle/Texas/24-008749-003/2024(H5N1)	1250	7118
NA|PP755591.1|A/cattle/Texas/24-008749-003/2024(H5N1)	1251	7157
NA|PP755591.1|A/cattle/Texas/24-008749-003/2024(H5N1)	1252	7163
NA|PP755591.1|A/cattle/Texas/24-008749-003/2024(H5N1)	1253	7168
NA|PP755591.1|A/cattle/Texas/24-008749-003/2024(H5N1)	1254	7136
NA|PP755591.1|A/cattle/Texas/24-008749-003/2024(H5N1)	1255	7136
NA|PP755591.1|A/cattle/Texas/24-008749-003/2024(H5N1)	1256	7170
NA|PP755591.1|A/cattle/Texas/24-008749-003/2024(H5N1)	1257	7296
NA|PP755591.1|A/cattle/Texas/24-008749-003/2024(H5N1)	1258	7347
NA|PP755591.1|A/cattle/Texas/24-008749-003/2024(H5N1)	1259	7160
NA|PP755591.1|A/cattle/Texas/24-008749-003/2024(H5N1)	1260	7207
NA|PP755591.1|A/cattle/Texas/24-008749-003/2024(H5N1)	1261	7209
NA|PP755591.1|A/cattle/Texas/24-008749-003/2024(H5N1)	1262	7319
NA|PP755591.1|A/cattle/Texas/24-008749-003/2024(H5N1)	1263	7515
NA|PP755591.1|A/cattle/Texas/24-008749-003/2024(H5N1)	1264	7518
NA|PP755591.1|A/cattle/Texas/24-008749-003/2024(H5N1)	1265	7494
NA|PP755591.1|A/cattle/Texas/24-008749-003/2024(H5N1)	1266	7457
NA|PP755591.1|A/cattle/Texas/24-008749-003/2024(H5N1)	1267	7419
NA|PP755591.1|A/cattle/Texas/24-008749-003/2024(H5N1)	1268	7459
NA|PP755591.1|A/cattle/Texas/24-008749-003/2024(H5N1)	1269	7447
NA|PP755591.1|A/cattle/Texas/24-008749-003/2024(H5N1)	1270	7395
NA|PP755591.1|A/cattle/Texas/24-008749-003/2024(H5N1)	1271	7348
NA|PP755591.1|A/cattle/Texas/24-008749-003/2024(H5N1)	1272	7220
NA|PP755591.1|A/cattle/Texas/24-008749-003/2024(H5N1)	1273	7295
NA|PP755591.1|A/cattle/Texas/24-008749-003/2024(H5N1)	1274	7297
NA|PP755591.1|A/cattle/Texas/24-008749-003/2024(H5N1)	1275	7360
NA|PP755591.1|A/cattle/Texas/24-008749-003/2024(H5N1)	1276	7345
NA|PP755591.1|A/cattle/Texas/24-008749-003/2024(H5N1)	1277	7282
NA|PP755591.1|A/cattle/Texas/24-008749-003/2024(H5N1)	1278	7670
NA|PP755591.1|A/cattle/Texas/24-008749-003/2024(H5N1)	1279	7731
NA|PP755591.1|A/cattle/Texas/24-008749-003/2024(H5N1)	1280	7720
NA|PP755591.1|A/cattle/Texas/24-008749-003/2024(H5N1)	1281	7725
NA|PP755591.1|A/cattle/Texas/24-008749-003/2024(H5N1)	1282	7635
NA|PP755591.1|A/cattle/Texas/24-008749-003/2024(H5N1)	1283	7654
NA|PP755591.1|A/cattle/Texas/24-008749-003/2024(H5N1)	1284	7662
NA|PP755591.1|A/cattle/Texas/24-008749-003/2024(H5N1)	1285	7601
NA|PP755591.1|A/cattle/Texas/24-008749-003/2024(H5N1)	1286	7604
NA|PP755591.1|A/cattle/Texas/24-008749-003/2024(H5N1)	1287	7132
NA|PP755591.1|A/cattle/Texas/24-008749-003/2024(H5N1)	1288	7096
NA|PP755591.1|A/cattle/Texas/24-008749-003/2024(H5N1)	1289	7285
NA|PP755591.1|A/cattle/Texas/24-008749-003/2024(H5N1)	1290	7522
NA|PP755591.1|A/cattle/Texas/24-008749-003/2024(H5N1)	1291	7634
NA|PP755591.1|A/cattle/Texas/24-008749-003/2024(H5N1)	1292	7612
NA|PP755591.1|A/cattle/Texas/24-008749-003/2024(H5N1)	1293	7673
NA|PP755591.1|A/cattle/Texas/24-008749-003/2024(H5N1)	1294	7687
NA|PP755591.1|A/cattle/Texas/24-008749-003/2024(H5N1)	1295	7610
NA|PP755591.1|A/cattle/Texas/24-008749-003/2024(H5N1)	1296	7665
NA|PP755591.1|A/cattle/Texas/24-008749-003/2024(H5N1)	1297	7665
NA|PP755591.1|A/cattle/Texas/24-008749-003/2024(H5N1)	1298	7550
NA|PP755591.1|A/cattle/Texas/24-008749-003/2024(H5N1)	1299	7571
NA|PP755591.1|A/cattle/Texas/24-008749-003/2024(H5N1)	1300	7393
NA|PP755591.1|A/cattle/Texas/24-008749-003/2024(H5N1)	1301	7387
NA|PP755591.1|A/cattle/Texas/24-008749-003/2024(H5N1)	1302	7348
NA|PP755591.1|A/cattle/Texas/24-008749-003/2024(H5N1)	1303	7314
NA|PP755591.1|A/cattle/Texas/24-008749-003/2024(H5N1)	1304	7284
NA|PP755591.1|A/cattle/Texas/24-008749-003/2024(H5N1)	1305	7183
NA|PP755591.1|A/cattle/Texas/24-008749-003/2024(H5N1)	1306	7357
NA|PP755591.1|A/cattle/Texas/24-008749-003/2024(H5N1)	1307	7368
NA|PP755591.1|A/cattle/Texas/24-008749-003/2024(H5N1)	1308	7334
NA|PP755591.1|A/cattle/Texas/24-008749-003/2024(H5N1)	1309	7341
NA|PP755591.1|A/cattle/Texas/24-008749-003/2024(H5N1)	1310	7360
NA|PP755591.1|A/cattle/Texas/24-008749-003/2024(H5N1)	1311	7355
NA|PP755591.1|A/cattle/Texas/24-008749-003/2024(H5N1)	1312	7355
NA|PP755591.1|A/cattle/Texas/24-008749-003/2024(H5N1)	1313	7331
NA|PP755591.1|A/cattle/Texas/24-008749-003/2024(H5N1)	1314	7284
NA|PP755591.1|A/cattle/Texas/24-008749-003/2024(H5N1)	1315	7101
NA|PP755591.1|A/cattle/Texas/24-008749-003/2024(H5N1)	1316	7095
NA|PP755591.1|A/cattle/Texas/24-008749-003/2024(H5N1)	1317	7076
NA|PP755591.1|A/cattle/Texas/24-008749-003/2024(H5N1)	1318	7081
NA|PP755591.1|A/cattle/Texas/24-008749-003/2024(H5N1)	1319	6923
NA|PP755591.1|A/cattle/Texas/24-008749-003/2024(H5N1)	1320	6926
NA|PP755591.1|A/cattle/Texas/24-008749-003/2024(H5N1)	1321	6897
NA|PP755591.1|A/cattle/Texas/24-008749-003/2024(H5N1)	1322	6900
NA|PP755591.1|A/cattle/Texas/24-008749-003/2024(H5N1)	1323	6885
NA|PP755591.1|A/cattle/Texas/24-008749-003/2024(H5N1)	1324	6779
NA|PP755591.1|A/cattle/Texas/24-008749-003/2024(H5N1)	1325	6917
NA|PP755591.1|A/cattle/Texas/24-008749-003/2024(H5N1)	1326	6887
NA|PP755591.1|A/cattle/Texas/24-008749-003/2024(H5N1)	1327	6887
NA|PP755591.1|A/cattle/Texas/24-008749-003/2024(H5N1)	1328	6882
NA|PP755591.1|A/cattle/Texas/24-008749-003/2024(H5N1)	1329	6833
NA|PP755591.1|A/cattle/Texas/24-008749-003/2024(H5N1)	1330	6845
NA|PP755591.1|A/cattle/Texas/24-008749-003/2024(H5N1)	1331	6844
NA|PP755591.1|A/cattle/Texas/24-008749-003/2024(H5N1)	1332	6804
NA|PP755591.1|A/cattle/Texas/24-008749-003/2024(H5N1)	1333	6759
NA|PP755591.1|A/cattle/Texas/24-008749-003/2024(H5N1)	1334	6499
NA|PP755591.1|A/cattle/Texas/24-008749-003/2024(H5N1)	1335	6476
NA|PP755591.1|A/cattle/Texas/24-008749-003/2024(H5N1)	1336	6464
NA|PP755591.1|A/cattle/Texas/24-008749-003/2024(H5N1)	1337	6448
NA|PP755591.1|A/cattle/Texas/24-008749-003/2024(H5N1)	1338	6393
NA|PP755591.1|A/cattle/Texas/24-008749-003/2024(H5N1)	1339	6347
NA|PP755591.1|A/cattle/Texas/24-008749-003/2024(H5N1)	1340	6391
NA|PP755591.1|A/cattle/Texas/24-008749-003/2024(H5N1)	1341	6276
NA|PP755591.1|A/cattle/Texas/24-008749-003/2024(H5N1)	1342	6283
NA|PP755591.1|A/cattle/Texas/24-008749-003/2024(H5N1)	1343	6274
NA|PP755591.1|A/cattle/Texas/24-008749-003/2024(H5N1)	1344	6273
NA|PP755591.1|A/cattle/Texas/24-008749-003/2024(H5N1)	1345	6280
NA|PP755591.1|A/cattle/Texas/24-008749-003/2024(H5N1)	1346	6261
NA|PP755591.1|A/cattle/Texas/24-008749-003/2024(H5N1)	1347	6237
NA|PP755591.1|A/cattle/Texas/24-008749-003/2024(H5N1)	1348	6136
NA|PP755591.1|A/cattle/Texas/24-008749-003/2024(H5N1)	1349	6130
NA|PP755591.1|A/cattle/Texas/24-008749-003/2024(H5N1)	1350	5989
NA|PP755591.1|A/cattle/Texas/24-008749-003/2024(H5N1)	1351	5973
NA|PP755591.1|A/cattle/Texas/24-008749-003/2024(H5N1)	1352	5711
NA|PP755591.1|A/cattle/Texas/24-008749-003/2024(H5N1)	1353	5671
NA|PP755591.1|A/cattle/Texas/24-008749-003/2024(H5N1)	1354	5628
NA|PP755591.1|A/cattle/Texas/24-008749-003/2024(H5N1)	1355	5592
NA|PP755591.1|A/cattle/Texas/24-008749-003/2024(H5N1)	1356	5353
NA|PP755591.1|A/cattle/Texas/24-008749-003/2024(H5N1)	1357	5364
NA|PP755591.1|A/cattle/Texas/24-008749-003/2024(H5N1)	1358	5335
NA|PP755591.1|A/cattle/Texas/24-008749-003/2024(H5N1)	1359	5354
NA|PP755591.1|A/cattle/Texas/24-008749-003/2024(H5N1)	1360	5359
NA|PP755591.1|A/cattle/Texas/24-008749-003/2024(H5N1)	1361	5356
NA|PP755591.1|A/cattle/Texas/24-008749-003/2024(H5N1)	1362	5272
NA|PP755591.1|A/cattle/Texas/24-008749-003/2024(H5N1)	1363	5218
NA|PP755591.1|A/cattle/Texas/24-008749-003/2024(H5N1)	1364	5118
NA|PP755591.1|A/cattle/Texas/24-008749-003/2024(H5N1)	1365	5130
NA|PP755591.1|A/cattle/Texas/24-008749-003/2024(H5N1)	1366	5075
NA|PP755591.1|A/cattle/Texas/24-008749-003/2024(H5N1)	1367	5051
NA|PP755591.1|A/cattle/Texas/24-008749-003/2024(H5N1)	1368	4904
NA|PP755591.1|A/cattle/Texas/24-008749-003/2024(H5N1)	1369	4893
NA|PP755591.1|A/cattle/Texas/24-008749-003/2024(H5N1)	1370	4830
NA|PP755591.1|A/cattle/Texas/24-008749-003/2024(H5N1)	1371	4829
NA|PP755591.1|A/cattle/Texas/24-008749-003/2024(H5N1)	1372	4825
NA|PP755591.1|A/cattle/Texas/24-008749-003/2024(H5N1)	1373	4797
NA|PP755591.1|A/cattle/Texas/24-008749-003/2024(H5N1)	1374	4420
NA|PP755591.1|A/cattle/Texas/24-008749-003/2024(H5N1)	1375	4402
NA|PP755591.1|A/cattle/Texas/24-008749-003/2024(H5N1)	1376	4402
NA|PP755591.1|A/cattle/Texas/24-008749-003/2024(H5N1)	1377	4289
NA|PP755591.1|A/cattle/Texas/24-008749-003/2024(H5N1)	1378	4219
NA|PP755591.1|A/cattle/Texas/24-008749-003/2024(H5N1)	1379	4219
NA|PP755591.1|A/cattle/Texas/24-008749-003/2024(H5N1)	1380	4164
NA|PP755591.1|A/cattle/Texas/24-008749-003/2024(H5N1)	1381	4159
NA|PP755591.1|A/cattle/Texas/24-008749-003/2024(H5N1)	1382	4095
NA|PP755591.1|A/cattle/Texas/24-008749-003/2024(H5N1)	1383	4074
NA|PP755591.1|A/cattle/Texas/24-008749-003/2024(H5N1)	1384	4080
NA|PP755591.1|A/cattle/Texas/24-008749-003/2024(H5N1)	1385	4051
NA|PP755591.1|A/cattle/Texas/24-008749-003/2024(H5N1)	1386	4048
NA|PP755591.1|A/cattle/Texas/24-008749-003/2024(H5N1)	1387	4025
NA|PP755591.1|A/cattle/Texas/24-008749-003/2024(H5N1)	1388	3122
NA|PP755591.1|A/cattle/Texas/24-008749-003/2024(H5N1)	1389	3120
NA|PP755591.1|A/cattle/Texas/24-008749-003/2024(H5N1)	1390	2948
NA|PP755591.1|A/cattle/Texas/24-008749-003/2024(H5N1)	1391	2943
NA|PP755591.1|A/cattle/Texas/24-008749-003/2024(H5N1)	1392	2946
NA|PP755591.1|A/cattle/Texas/24-008749-003/2024(H5N1)	1393	2834
NA|PP755591.1|A/cattle/Texas/24-008749-003/2024(H5N1)	1394	2829
NA|PP755591.1|A/cattle/Texas/24-008749-003/2024(H5N1)	1395	2815
NA|PP755591.1|A/cattle/Texas/24-008749-003/2024(H5N1)	1396	2795
NA|PP755591.1|A/cattle/Texas/24-008749-003/2024(H5N1)	1397	2780
NA|PP755591.1|A/cattle/Texas/24-008749-003/2024(H5N1)	1398	2723
NA|PP755591.1|A/cattle/Texas/24-008749-003/2024(H5N1)	1399	2688
NA|PP755591.1|A/cattle/Texas/24-008749-003/2024(H5N1)	1400	2688
NA|PP755591.1|A/cattle/Texas/24-008749-003/2024(H5N1)	1401	2602
NA|PP755591.1|A/cattle/Texas/24-008749-003/2024(H5N1)	1402	2596
NA|PP755591.1|A/cattle/Texas/24-008749-003/2024(H5N1)	1403	2592
NA|PP755591.1|A/cattle/Texas/24-008749-003/2024(H5N1)	1404	2585
NA|PP755591.1|A/cattle/Texas/24-008749-003/2024(H5N1)	1405	2560
NA|PP755591.1|A/cattle/Texas/24-008749-003/2024(H5N1)	1406	2350
NA|PP755591.1|A/cattle/Texas/24-008749-003/2024(H5N1)	1407	2307
NA|PP755591.1|A/cattle/Texas/24-008749-003/2024(H5N1)	1408	2288
NA|PP755591.1|A/cattle/Texas/24-008749-003/2024(H5N1)	1409	2194
NA|PP755591.1|A/cattle/Texas/24-008749-003/2024(H5N1)	1410	2191
