PB1|PP755595.1|A/cattle/Texas/24-008749-003/2024(H5N1)	1	4596
PB1|PP755595.1|A/cattle/Texas/24-008749-003/2024(H5N1)	2	4611
PB1|PP755595.1|A/cattle/Texas/24-008749-003/2024(H5N1)	3	4644
PB1|PP755595.1|A/cattle/Texas/24-008749-003/2024(H5N1)	4	4760
PB1|PP755595.1|A/cattle/Texas/24-008749-003/2024(H5N1)	5	4907
PB1|PP755595.1|A/cattle/Texas/24-008749-003/2024(H5N1)	6	4980
PB1|PP755595.1|A/cattle/Texas/24-008749-003/2024(H5N1)	7	4985
PB1|PP755595.1|A/cattle/Texas/24-008749-003/2024(H5N1)	8	5028
PB1|PP755595.1|A/cattle/Texas/24-008749-003/2024(H5N1)	9	5127
PB1|PP755595.1|A/cattle/Texas/24-008749-003/2024(H5N1)	10	5168
PB1|PP755595.1|A/cattle/Texas/24-008749-003/2024(H5N1)	11	5190
PB1|PP755595.1|A/cattle/Texas/24-008749-003/2024(H5N1)	12	5197
PB1|PP755595.1|A/cattle/Texas/24-008749-003/2024(H5N1)	13	5209
PB1|PP755595.1|A/cattle/Texas/24-008749-003/2024(H5N1)	14	5232
PB1|PP755595.1|A/cattle/Texas/24-008749-003/2024(H5N1)	15	5275
PB1|PP755595.1|A/cattle/Texas/24-008749-003/2024(H5N1)	16	5377
PB1|PP755595.1|A/cattle/Texas/24-008749-003/2024(H5N1)	17	5383
PB1|PP755595.1|A/cattle/Texas/24-008749-003/2024(H5N1)	18	5387
PB1|PP755595.1|A/cattle/Texas/24-008749-003/2024(H5N1)	19	5421
PB1|PP755595.1|A/cattle/Texas/24-008749-003/2024(H5N1)	20	5432
PB1|PP755595.1|A/cattle/Texas/24-008749-003/2024(H5N1)	21	5442
PB1|PP755595.1|A/cattle/Texas/24-008749-003/2024(H5N1)	22	5458
PB1|PP755595.1|A/cattle/Texas/24-008749-003/2024(H5N1)	23	5463
PB1|PP755595.1|A/cattle/Texas/24-008749-003/2024(H5N1)	24	5497
PB1|PP755595.1|A/cattle/Texas/24-008749-003/2024(H5N1)	25	5511
PB1|PP755595.1|A/cattle/Texas/24-008749-003/2024(H5N1)	26	5652
PB1|PP755595.1|A/cattle/Texas/24-008749-003/2024(H5N1)	27	5675
PB1|PP755595.1|A/cattle/Texas/24-008749-003/2024(H5N1)	28	5696
PB1|PP755595.1|A/cattle/Texas/24-008749-003/2024(H5N1)	29	5706
PB1|PP755595.1|A/cattle/Texas/24-008749-003/2024(H5N1)	30	5726
PB1|PP755595.1|A/cattle/Texas/24-008749-003/2024(H5N1)	31	5758
PB1|PP755595.1|A/cattle/Texas/24-008749-003/2024(H5N1)	32	5788
PB1|PP755595.1|A/cattle/Texas/24-008749-003/2024(H5N1)	33	5793
PB1|PP755595.1|A/cattle/Texas/24-008749-003/2024(H5N1)	34	5860
PB1|PP755595.1|A/cattle/Texas/24-008749-003/2024(H5N1)	35	5905
PB1|PP755595.1|A/cattle/Texas/24-008749-003/2024(H5N1)	36	5838
PB1|PP755595.1|A/cattle/Texas/24-008749-003/2024(H5N1)	37	5961
PB1|PP755595.1|A/cattle/Texas/24-008749-003/2024(H5N1)	38	5967
PB1|PP755595.1|A/cattle/Texas/24-008749-003/2024(H5N1)	39	5973
PB1|PP755595.1|A/cattle/Texas/24-008749-003/2024(H5N1)	40	6135
PB1|PP755595.1|A/cattle/Texas/24-008749-003/2024(H5N1)	41	6305
PB1|PP755595.1|A/cattle/Texas/24-008749-003/2024(H5N1)	42	6379
PB1|PP755595.1|A/cattle/Texas/24-008749-003/2024(H5N1)	43	6424
PB1|PP755595.1|A/cattle/Texas/24-008749-003/2024(H5N1)	44	6434
PB1|PP755595.1|A/cattle/Texas/24-008749-003/2024(H5N1)	45	6446
PB1|PP755595.1|A/cattle/Texas/24-008749-003/2024(H5N1)	46	6510
PB1|PP755595.1|A/cattle/Texas/24-008749-003/2024(H5N1)	47	7277
PB1|PP755595.1|A/cattle/Texas/24-008749-003/2024(H5N1)	48	7417
PB1|PP755595.1|A/cattle/Texas/24-008749-003/2024(H5N1)	49	7588
PB1|PP755595.1|A/cattle/Texas/24-008749-003/2024(H5N1)	50	7642
PB1|PP755595.1|A/cattle/Texas/24-008749-003/2024(H5N1)	51	7713
PB1|PP755595.1|A/cattle/Texas/24-008749-003/2024(H5N1)	52	7750
PB1|PP755595.1|A/cattle/Texas/24-008749-003/2024(H5N1)	53	7773
PB1|PP755595.1|A/cattle/Texas/24-008749-003/2024(H5N1)	54	7997
PB1|PP755595.1|A/cattle/Texas/24-008749-003/2024(H5N1)	55	7998
PB1|PP755595.1|A/cattle/Texas/24-008749-003/2024(H5N1)	56	8164
PB1|PP755595.1|A/cattle/Texas/24-008749-003/2024(H5N1)	57	8215
PB1|PP755595.1|A/cattle/Texas/24-008749-003/2024(H5N1)	58	8304
PB1|PP755595.1|A/cattle/Texas/24-008749-003/2024(H5N1)	59	8461
PB1|PP755595.1|A/cattle/Texas/24-008749-003/2024(H5N1)	60	8515
PB1|PP755595.1|A/cattle/Texas/24-008749-003/2024(H5N1)	61	8581
PB1|PP755595.1|A/cattle/Texas/24-008749-003/2024(H5N1)	62	8680
PB1|PP755595.1|A/cattle/Texas/24-008749-003/2024(H5N1)	63	8702
PB1|PP755595.1|A/cattle/Texas/24-008749-003/2024(H5N1)	64	8805
PB1|PP755595.1|A/cattle/Texas/24-008749-003/2024(H5N1)	65	8833
PB1|PP755595.1|A/cattle/Texas/24-008749-003/2024(H5N1)	66	9654
PB1|PP755595.1|A/cattle/Texas/24-008749-003/2024(H5N1)	67	9671
PB1|PP755595.1|A/cattle/Texas/24-008749-003/2024(H5N1)	68	9671
PB1|PP755595.1|A/cattle/Texas/24-008749-003/2024(H5N1)	69	9670
PB1|PP755595.1|A/cattle/Texas/24-008749-003/2024(H5N1)	70	9707
PB1|PP755595.1|A/cattle/Texas/24-008749-003/2024(H5N1)	71	9938
PB1|PP755595.1|A/cattle/Texas/24-008749-003/2024(H5N1)	72	10033
PB1|PP755595.1|A/cattle/Texas/24-008749-003/2024(H5N1)	73	10165
PB1|PP755595.1|A/cattle/Texas/24-008749-003/2024(H5N1)	74	10255
PB1|PP755595.1|A/cattle/Texas/24-008749-003/2024(H5N1)	75	10296
PB1|PP755595.1|A/cattle/Texas/24-008749-003/2024(H5N1)	76	10364
PB1|PP755595.1|A/cattle/Texas/24-008749-003/2024(H5N1)	77	10410
PB1|PP755595.1|A/cattle/Texas/24-008749-003/2024(H5N1)	78	10434
PB1|PP755595.1|A/cattle/Texas/24-008749-003/2024(H5N1)	79	10444
PB1|PP755595.1|A/cattle/Texas/24-008749-003/2024(H5N1)	80	10538
PB1|PP755595.1|A/cattle/Texas/24-008749-003/2024(H5N1)	81	10572
PB1|PP755595.1|A/cattle/Texas/24-008749-003/2024(H5N1)	82	10841
PB1|PP755595.1|A/cattle/Texas/24-008749-003/2024(H5N1)	83	10870
PB1|PP755595.1|A/cattle/Texas/24-008749-003/2024(H5N1)	84	10900
PB1|PP755595.1|A/cattle/Texas/24-008749-003/2024(H5N1)	85	11183
PB1|PP755595.1|A/cattle/Texas/24-008749-003/2024(H5N1)	86	11215
PB1|PP755595.1|A/cattle/Texas/24-008749-003/2024(H5N1)	87	11232
PB1|PP755595.1|A/cattle/Texas/24-008749-003/2024(H5N1)	88	11239
PB1|PP755595.1|A/cattle/Texas/24-008749-003/2024(H5N1)	89	11240
PB1|PP755595.1|A/cattle/Texas/24-008749-003/2024(H5N1)	90	11243
PB1|PP755595.1|A/cattle/Texas/24-008749-003/2024(H5N1)	91	11243
PB1|PP755595.1|A/cattle/Texas/24-008749-003/2024(H5N1)	92	11268
PB1|PP755595.1|A/cattle/Texas/24-008749-003/2024(H5N1)	93	11298
PB1|PP755595.1|A/cattle/Texas/24-008749-003/2024(H5N1)	94	11263
PB1|PP755595.1|A/cattle/Texas/24-008749-003/2024(H5N1)	95	11297
PB1|PP755595.1|A/cattle/Texas/24-008749-003/2024(H5N1)	96	11293
PB1|PP755595.1|A/cattle/Texas/24-008749-003/2024(H5N1)	97	11294
PB1|PP755595.1|A/cattle/Texas/24-008749-003/2024(H5N1)	98	11318
PB1|PP755595.1|A/cattle/Texas/24-008749-003/2024(H5N1)	99	11343
PB1|PP755595.1|A/cattle/Texas/24-008749-003/2024(H5N1)	100	11295
PB1|PP755595.1|A/cattle/Texas/24-008749-003/2024(H5N1)	101	11153
PB1|PP755595.1|A/cattle/Texas/24-008749-003/2024(H5N1)	102	11086
PB1|PP755595.1|A/cattle/Texas/24-008749-003/2024(H5N1)	103	11083
PB1|PP755595.1|A/cattle/Texas/24-008749-003/2024(H5N1)	104	11068
PB1|PP755595.1|A/cattle/Texas/24-008749-003/2024(H5N1)	105	11020
PB1|PP755595.1|A/cattle/Texas/24-008749-003/2024(H5N1)	106	11175
PB1|PP755595.1|A/cattle/Texas/24-008749-003/2024(H5N1)	107	11170
PB1|PP755595.1|A/cattle/Texas/24-008749-003/2024(H5N1)	108	11111
PB1|PP755595.1|A/cattle/Texas/24-008749-003/2024(H5N1)	109	11108
PB1|PP755595.1|A/cattle/Texas/24-008749-003/2024(H5N1)	110	11108
PB1|PP755595.1|A/cattle/Texas/24-008749-003/2024(H5N1)	111	11100
PB1|PP755595.1|A/cattle/Texas/24-008749-003/2024(H5N1)	112	11058
PB1|PP755595.1|A/cattle/Texas/24-008749-003/2024(H5N1)	113	11015
PB1|PP755595.1|A/cattle/Texas/24-008749-003/2024(H5N1)	114	9561
PB1|PP755595.1|A/cattle/Texas/24-008749-003/2024(H5N1)	115	9561
PB1|PP755595.1|A/cattle/Texas/24-008749-003/2024(H5N1)	116	9561
PB1|PP755595.1|A/cattle/Texas/24-008749-003/2024(H5N1)	117	9420
PB1|PP755595.1|A/cattle/Texas/24-008749-003/2024(H5N1)	118	9715
PB1|PP755595.1|A/cattle/Texas/24-008749-003/2024(H5N1)	119	9723
PB1|PP755595.1|A/cattle/Texas/24-008749-003/2024(H5N1)	120	9727
PB1|PP755595.1|A/cattle/Texas/24-008749-003/2024(H5N1)	121	9741
PB1|PP755595.1|A/cattle/Texas/24-008749-003/2024(H5N1)	122	9739
PB1|PP755595.1|A/cattle/Texas/24-008749-003/2024(H5N1)	123	9763
PB1|PP755595.1|A/cattle/Texas/24-008749-003/2024(H5N1)	124	9713
PB1|PP755595.1|A/cattle/Texas/24-008749-003/2024(H5N1)	125	9618
PB1|PP755595.1|A/cattle/Texas/24-008749-003/2024(H5N1)	126	9492
PB1|PP755595.1|A/cattle/Texas/24-008749-003/2024(H5N1)	127	7892
PB1|PP755595.1|A/cattle/Texas/24-008749-003/2024(H5N1)	128	7596
PB1|PP755595.1|A/cattle/Texas/24-008749-003/2024(H5N1)	129	7219
PB1|PP755595.1|A/cattle/Texas/24-008749-003/2024(H5N1)	130	7401
PB1|PP755595.1|A/cattle/Texas/24-008749-003/2024(H5N1)	131	7380
PB1|PP755595.1|A/cattle/Texas/24-008749-003/2024(H5N1)	132	7320
PB1|PP755595.1|A/cattle/Texas/24-008749-003/2024(H5N1)	133	7312
PB1|PP755595.1|A/cattle/Texas/24-008749-003/2024(H5N1)	134	7322
PB1|PP755595.1|A/cattle/Texas/24-008749-003/2024(H5N1)	135	6741
PB1|PP755595.1|A/cattle/Texas/24-008749-003/2024(H5N1)	136	6421
PB1|PP755595.1|A/cattle/Texas/24-008749-003/2024(H5N1)	137	6267
PB1|PP755595.1|A/cattle/Texas/24-008749-003/2024(H5N1)	138	6203
PB1|PP755595.1|A/cattle/Texas/24-008749-003/2024(H5N1)	139	6275
PB1|PP755595.1|A/cattle/Texas/24-008749-003/2024(H5N1)	140	6235
PB1|PP755595.1|A/cattle/Texas/24-008749-003/2024(H5N1)	141	6252
PB1|PP755595.1|A/cattle/Texas/24-008749-003/2024(H5N1)	142	6199
PB1|PP755595.1|A/cattle/Texas/24-008749-003/2024(H5N1)	143	6132
PB1|PP755595.1|A/cattle/Texas/24-008749-003/2024(H5N1)	144	5877
PB1|PP755595.1|A/cattle/Texas/24-008749-003/2024(H5N1)	145	5852
PB1|PP755595.1|A/cattle/Texas/24-008749-003/2024(H5N1)	146	5772
PB1|PP755595.1|A/cattle/Texas/24-008749-003/2024(H5N1)	147	5481
PB1|PP755595.1|A/cattle/Texas/24-008749-003/2024(H5N1)	148	5375
PB1|PP755595.1|A/cattle/Texas/24-008749-003/2024(H5N1)	149	5307
PB1|PP755595.1|A/cattle/Texas/24-008749-003/2024(H5N1)	150	5256
PB1|PP755595.1|A/cattle/Texas/24-008749-003/2024(H5N1)	151	5253
PB1|PP755595.1|A/cattle/Texas/24-008749-003/2024(H5N1)	152	5220
PB1|PP755595.1|A/cattle/Texas/24-008749-003/2024(H5N1)	153	4318
PB1|PP755595.1|A/cattle/Texas/24-008749-003/2024(H5N1)	154	4282
PB1|PP755595.1|A/cattle/Texas/24-008749-003/2024(H5N1)	155	4090
PB1|PP755595.1|A/cattle/Texas/24-008749-003/2024(H5N1)	156	4041
PB1|PP755595.1|A/cattle/Texas/24-008749-003/2024(H5N1)	157	4074
PB1|PP755595.1|A/cattle/Texas/24-008749-003/2024(H5N1)	158	4081
PB1|PP755595.1|A/cattle/Texas/24-008749-003/2024(H5N1)	159	4072
PB1|PP755595.1|A/cattle/Texas/24-008749-003/2024(H5N1)	160	4330
PB1|PP755595.1|A/cattle/Texas/24-008749-003/2024(H5N1)	161	4340
PB1|PP755595.1|A/cattle/Texas/24-008749-003/2024(H5N1)	162	4346
PB1|PP755595.1|A/cattle/Texas/24-008749-003/2024(H5N1)	163	4355
PB1|PP755595.1|A/cattle/Texas/24-008749-003/2024(H5N1)	164	4351
PB1|PP755595.1|A/cattle/Texas/24-008749-003/2024(H5N1)	165	4352
PB1|PP755595.1|A/cattle/Texas/24-008749-003/2024(H5N1)	166	4395
PB1|PP755595.1|A/cattle/Texas/24-008749-003/2024(H5N1)	167	4450
PB1|PP755595.1|A/cattle/Texas/24-008749-003/2024(H5N1)	168	4445
PB1|PP755595.1|A/cattle/Texas/24-008749-003/2024(H5N1)	169	4441
PB1|PP755595.1|A/cattle/Texas/24-008749-003/2024(H5N1)	170	4418
PB1|PP755595.1|A/cattle/Texas/24-008749-003/2024(H5N1)	171	4416
PB1|PP755595.1|A/cattle/Texas/24-008749-003/2024(H5N1)	172	4310
PB1|PP755595.1|A/cattle/Texas/24-008749-003/2024(H5N1)	173	4300
PB1|PP755595.1|A/cattle/Texas/24-008749-003/2024(H5N1)	174	4297
PB1|PP755595.1|A/cattle/Texas/24-008749-003/2024(H5N1)	175	4236
PB1|PP755595.1|A/cattle/Texas/24-008749-003/2024(H5N1)	176	4198
PB1|PP755595.1|A/cattle/Texas/24-008749-003/2024(H5N1)	177	4176
PB1|PP755595.1|A/cattle/Texas/24-008749-003/2024(H5N1)	178	4181
PB1|PP755595.1|A/cattle/Texas/24-008749-003/2024(H5N1)	179	4192
PB1|PP755595.1|A/cattle/Texas/24-008749-003/2024(H5N1)	180	4204
PB1|PP755595.1|A/cattle/Texas/24-008749-003/2024(H5N1)	181	4184
PB1|PP755595.1|A/cattle/Texas/24-008749-003/2024(H5N1)	182	4186
PB1|PP755595.1|A/cattle/Texas/24-008749-003/2024(H5N1)	183	4163
PB1|PP755595.1|A/cattle/Texas/24-008749-003/2024(H5N1)	184	4148
PB1|PP755595.1|A/cattle/Texas/24-008749-003/2024(H5N1)	185	3532
PB1|PP755595.1|A/cattle/Texas/24-008749-003/2024(H5N1)	186	3270
PB1|PP755595.1|A/cattle/Texas/24-008749-003/2024(H5N1)	187	3273
PB1|PP755595.1|A/cattle/Texas/24-008749-003/2024(H5N1)	188	3291
PB1|PP755595.1|A/cattle/Texas/24-008749-003/2024(H5N1)	189	3273
PB1|PP755595.1|A/cattle/Texas/24-008749-003/2024(H5N1)	190	3283
PB1|PP755595.1|A/cattle/Texas/24-008749-003/2024(H5N1)	191	3241
PB1|PP755595.1|A/cattle/Texas/24-008749-003/2024(H5N1)	192	3173
PB1|PP755595.1|A/cattle/Texas/24-008749-003/2024(H5N1)	193	3170
PB1|PP755595.1|A/cattle/Texas/24-008749-003/2024(H5N1)	194	3157
PB1|PP755595.1|A/cattle/Texas/24-008749-003/2024(H5N1)	195	3185
PB1|PP755595.1|A/cattle/Texas/24-008749-003/2024(H5N1)	196	3170
PB1|PP755595.1|A/cattle/Texas/24-008749-003/2024(H5N1)	197	3130
PB1|PP755595.1|A/cattle/Texas/24-008749-003/2024(H5N1)	198	3135
PB1|PP755595.1|A/cattle/Texas/24-008749-003/2024(H5N1)	199	3025
PB1|PP755595.1|A/cattle/Texas/24-008749-003/2024(H5N1)	200	2974
PB1|PP755595.1|A/cattle/Texas/24-008749-003/2024(H5N1)	201	2912
PB1|PP755595.1|A/cattle/Texas/24-008749-003/2024(H5N1)	202	2906
PB1|PP755595.1|A/cattle/Texas/24-008749-003/2024(H5N1)	203	2902
PB1|PP755595.1|A/cattle/Texas/24-008749-003/2024(H5N1)	204	2894
PB1|PP755595.1|A/cattle/Texas/24-008749-003/2024(H5N1)	205	2851
PB1|PP755595.1|A/cattle/Texas/24-008749-003/2024(H5N1)	206	2858
PB1|PP755595.1|A/cattle/Texas/24-008749-003/2024(H5N1)	207	2799
PB1|PP755595.1|A/cattle/Texas/24-008749-003/2024(H5N1)	208	2725
PB1|PP755595.1|A/cattle/Texas/24-008749-003/2024(H5N1)	209	2423
PB1|PP755595.1|A/cattle/Texas/24-008749-003/2024(H5N1)	210	2248
PB1|PP755595.1|A/cattle/Texas/24-008749-003/2024(H5N1)	211	2193
PB1|PP755595.1|A/cattle/Texas/24-008749-003/2024(H5N1)	212	2151
PB1|PP755595.1|A/cattle/Texas/24-008749-003/2024(H5N1)	213	1516
PB1|PP755595.1|A/cattle/Texas/24-008749-003/2024(H5N1)	214	1507
PB1|PP755595.1|A/cattle/Texas/24-008749-003/2024(H5N1)	215	1503
PB1|PP755595.1|A/cattle/Texas/24-008749-003/2024(H5N1)	216	1488
PB1|PP755595.1|A/cattle/Texas/24-008749-003/2024(H5N1)	217	1351
PB1|PP755595.1|A/cattle/Texas/24-008749-003/2024(H5N1)	218	1354
PB1|PP755595.1|A/cattle/Texas/24-008749-003/2024(H5N1)	219	1368
PB1|PP755595.1|A/cattle/Texas/24-008749-003/2024(H5N1)	220	1395
PB1|PP755595.1|A/cattle/Texas/24-008749-003/2024(H5N1)	221	1403
PB1|PP755595.1|A/cattle/Texas/24-008749-003/2024(H5N1)	222	1403
PB1|PP755595.1|A/cattle/Texas/24-008749-003/2024(H5N1)	223	1406
PB1|PP755595.1|A/cattle/Texas/24-008749-003/2024(H5N1)	224	1405
PB1|PP755595.1|A/cattle/Texas/24-008749-003/2024(H5N1)	225	1393
PB1|PP755595.1|A/cattle/Texas/24-008749-003/2024(H5N1)	226	1402
PB1|PP755595.1|A/cattle/Texas/24-008749-003/2024(H5N1)	227	1402
PB1|PP755595.1|A/cattle/Texas/24-008749-003/2024(H5N1)	228	1409
PB1|PP755595.1|A/cattle/Texas/24-008749-003/2024(H5N1)	229	1389
PB1|PP755595.1|A/cattle/Texas/24-008749-003/2024(H5N1)	230	1389
PB1|PP755595.1|A/cattle/Texas/24-008749-003/2024(H5N1)	231	1382
PB1|PP755595.1|A/cattle/Texas/24-008749-003/2024(H5N1)	232	1383
PB1|PP755595.1|A/cattle/Texas/24-008749-003/2024(H5N1)	233	1400
PB1|PP755595.1|A/cattle/Texas/24-008749-003/2024(H5N1)	234	1405
PB1|PP755595.1|A/cattle/Texas/24-008749-003/2024(H5N1)	235	1478
PB1|PP755595.1|A/cattle/Texas/24-008749-003/2024(H5N1)	236	1484
PB1|PP755595.1|A/cattle/Texas/24-008749-003/2024(H5N1)	237	1486
PB1|PP755595.1|A/cattle/Texas/24-008749-003/2024(H5N1)	238	1486
PB1|PP755595.1|A/cattle/Texas/24-008749-003/2024(H5N1)	239	1489
PB1|PP755595.1|A/cattle/Texas/24-008749-003/2024(H5N1)	240	1505
PB1|PP755595.1|A/cattle/Texas/24-008749-003/2024(H5N1)	241	1510
PB1|PP755595.1|A/cattle/Texas/24-008749-003/2024(H5N1)	242	1537
PB1|PP755595.1|A/cattle/Texas/24-008749-003/2024(H5N1)	243	1545
PB1|PP755595.1|A/cattle/Texas/24-008749-003/2024(H5N1)	244	1545
PB1|PP755595.1|A/cattle/Texas/24-008749-003/2024(H5N1)	245	1588
PB1|PP755595.1|A/cattle/Texas/24-008749-003/2024(H5N1)	246	1609
PB1|PP755595.1|A/cattle/Texas/24-008749-003/2024(H5N1)	247	1612
PB1|PP755595.1|A/cattle/Texas/24-008749-003/2024(H5N1)	248	1612
PB1|PP755595.1|A/cattle/Texas/24-008749-003/2024(H5N1)	249	1610
PB1|PP755595.1|A/cattle/Texas/24-008749-003/2024(H5N1)	250	1610
PB1|PP755595.1|A/cattle/Texas/24-008749-003/2024(H5N1)	251	1563
PB1|PP755595.1|A/cattle/Texas/24-008749-003/2024(H5N1)	252	1561
PB1|PP755595.1|A/cattle/Texas/24-008749-003/2024(H5N1)	253	1554
PB1|PP755595.1|A/cattle/Texas/24-008749-003/2024(H5N1)	254	1529
PB1|PP755595.1|A/cattle/Texas/24-008749-003/2024(H5N1)	255	1176
PB1|PP755595.1|A/cattle/Texas/24-008749-003/2024(H5N1)	256	1176
PB1|PP755595.1|A/cattle/Texas/24-008749-003/2024(H5N1)	257	1177
PB1|PP755595.1|A/cattle/Texas/24-008749-003/2024(H5N1)	258	1177
PB1|PP755595.1|A/cattle/Texas/24-008749-003/2024(H5N1)	259	1177
PB1|PP755595.1|A/cattle/Texas/24-008749-003/2024(H5N1)	260	1177
PB1|PP755595.1|A/cattle/Texas/24-008749-003/2024(H5N1)	261	1177
PB1|PP755595.1|A/cattle/Texas/24-008749-003/2024(H5N1)	262	1177
PB1|PP755595.1|A/cattle/Texas/24-008749-003/2024(H5N1)	263	1177
PB1|PP755595.1|A/cattle/Texas/24-008749-003/2024(H5N1)	264	1177
PB1|PP755595.1|A/cattle/Texas/24-008749-003/2024(H5N1)	265	1177
PB1|PP755595.1|A/cattle/Texas/24-008749-003/2024(H5N1)	266	1180
PB1|PP755595.1|A/cattle/Texas/24-008749-003/2024(H5N1)	267	1181
PB1|PP755595.1|A/cattle/Texas/24-008749-003/2024(H5N1)	268	1334
PB1|PP755595.1|A/cattle/Texas/24-008749-003/2024(H5N1)	269	1343
PB1|PP755595.1|A/cattle/Texas/24-008749-003/2024(H5N1)	270	1345
PB1|PP755595.1|A/cattle/Texas/24-008749-003/2024(H5N1)	271	1351
PB1|PP755595.1|A/cattle/Texas/24-008749-003/2024(H5N1)	272	1368
PB1|PP755595.1|A/cattle/Texas/24-008749-003/2024(H5N1)	273	1369
PB1|PP755595.1|A/cattle/Texas/24-008749-003/2024(H5N1)	274	1371
PB1|PP755595.1|A/cattle/Texas/24-008749-003/2024(H5N1)	275	1372
PB1|PP755595.1|A/cattle/Texas/24-008749-003/2024(H5N1)	276	1379
PB1|PP755595.1|A/cattle/Texas/24-008749-003/2024(H5N1)	277	1383
PB1|PP755595.1|A/cattle/Texas/24-008749-003/2024(H5N1)	278	1403
PB1|PP755595.1|A/cattle/Texas/24-008749-003/2024(H5N1)	279	1403
PB1|PP755595.1|A/cattle/Texas/24-008749-003/2024(H5N1)	280	1403
PB1|PP755595.1|A/cattle/Texas/24-008749-003/2024(H5N1)	281	1443
PB1|PP755595.1|A/cattle/Texas/24-008749-003/2024(H5N1)	282	1447
PB1|PP755595.1|A/cattle/Texas/24-008749-003/2024(H5N1)	283	1430
PB1|PP755595.1|A/cattle/Texas/24-008749-003/2024(H5N1)	284	1427
PB1|PP755595.1|A/cattle/Texas/24-008749-003/2024(H5N1)	285	1421
PB1|PP755595.1|A/cattle/Texas/24-008749-003/2024(H5N1)	286	1418
PB1|PP755595.1|A/cattle/Texas/24-008749-003/2024(H5N1)	287	1417
PB1|PP755595.1|A/cattle/Texas/24-008749-003/2024(H5N1)	288	1345
PB1|PP755595.1|A/cattle/Texas/24-008749-003/2024(H5N1)	289	1361
PB1|PP755595.1|A/cattle/Texas/24-008749-003/2024(H5N1)	290	1270
PB1|PP755595.1|A/cattle/Texas/24-008749-003/2024(H5N1)	291	1284
PB1|PP755595.1|A/cattle/Texas/24-008749-003/2024(H5N1)	292	1324
PB1|PP755595.1|A/cattle/Texas/24-008749-003/2024(H5N1)	293	1324
PB1|PP755595.1|A/cattle/Texas/24-008749-003/2024(H5N1)	294	1311
PB1|PP755595.1|A/cattle/Texas/24-008749-003/2024(H5N1)	295	1351
PB1|PP755595.1|A/cattle/Texas/24-008749-003/2024(H5N1)	296	1356
PB1|PP755595.1|A/cattle/Texas/24-008749-003/2024(H5N1)	297	1357
PB1|PP755595.1|A/cattle/Texas/24-008749-003/2024(H5N1)	298	1360
PB1|PP755595.1|A/cattle/Texas/24-008749-003/2024(H5N1)	299	1356
PB1|PP755595.1|A/cattle/Texas/24-008749-003/2024(H5N1)	300	1305
PB1|PP755595.1|A/cattle/Texas/24-008749-003/2024(H5N1)	301	1304
PB1|PP755595.1|A/cattle/Texas/24-008749-003/2024(H5N1)	302	1301
PB1|PP755595.1|A/cattle/Texas/24-008749-003/2024(H5N1)	303	1300
PB1|PP755595.1|A/cattle/Texas/24-008749-003/2024(H5N1)	304	1304
PB1|PP755595.1|A/cattle/Texas/24-008749-003/2024(H5N1)	305	1296
PB1|PP755595.1|A/cattle/Texas/24-008749-003/2024(H5N1)	306	1284
PB1|PP755595.1|A/cattle/Texas/24-008749-003/2024(H5N1)	307	1267
PB1|PP755595.1|A/cattle/Texas/24-008749-003/2024(H5N1)	308	1268
PB1|PP755595.1|A/cattle/Texas/24-008749-003/2024(H5N1)	309	1213
PB1|PP755595.1|A/cattle/Texas/24-008749-003/2024(H5N1)	310	1209
PB1|PP755595.1|A/cattle/Texas/24-008749-003/2024(H5N1)	311	895
PB1|PP755595.1|A/cattle/Texas/24-008749-003/2024(H5N1)	312	890
PB1|PP755595.1|A/cattle/Texas/24-008749-003/2024(H5N1)	313	882
PB1|PP755595.1|A/cattle/Texas/24-008749-003/2024(H5N1)	314	881
PB1|PP755595.1|A/cattle/Texas/24-008749-003/2024(H5N1)	315	888
PB1|PP755595.1|A/cattle/Texas/24-008749-003/2024(H5N1)	316	811
PB1|PP755595.1|A/cattle/Texas/24-008749-003/2024(H5N1)	317	814
PB1|PP755595.1|A/cattle/Texas/24-008749-003/2024(H5N1)	318	705
PB1|PP755595.1|A/cattle/Texas/24-008749-003/2024(H5N1)	319	736
PB1|PP755595.1|A/cattle/Texas/24-008749-003/2024(H5N1)	320	738
PB1|PP755595.1|A/cattle/Texas/24-008749-003/2024(H5N1)	321	740
PB1|PP755595.1|A/cattle/Texas/24-008749-003/2024(H5N1)	322	742
PB1|PP755595.1|A/cattle/Texas/24-008749-003/2024(H5N1)	323	744
PB1|PP755595.1|A/cattle/Texas/24-008749-003/2024(H5N1)	324	737
PB1|PP755595.1|A/cattle/Texas/24-008749-003/2024(H5N1)	325	738
PB1|PP755595.1|A/cattle/Texas/24-008749-003/2024(H5N1)	326	740
PB1|PP755595.1|A/cattle/Texas/24-008749-003/2024(H5N1)	327	741
PB1|PP755595.1|A/cattle/Texas/24-008749-003/2024(H5N1)	328	741
PB1|PP755595.1|A/cattle/Texas/24-008749-003/2024(H5N1)	329	732
PB1|PP755595.1|A/cattle/Texas/24-008749-003/2024(H5N1)	330	732
PB1|PP755595.1|A/cattle/Texas/24-008749-003/2024(H5N1)	331	729
PB1|PP755595.1|A/cattle/Texas/24-008749-003/2024(H5N1)	332	729
PB1|PP755595.1|A/cattle/Texas/24-008749-003/2024(H5N1)	333	726
PB1|PP755595.1|A/cattle/Texas/24-008749-003/2024(H5N1)	334	729
PB1|PP755595.1|A/cattle/Texas/24-008749-003/2024(H5N1)	335	731
PB1|PP755595.1|A/cattle/Texas/24-008749-003/2024(H5N1)	336	728
PB1|PP755595.1|A/cattle/Texas/24-008749-003/2024(H5N1)	337	727
PB1|PP755595.1|A/cattle/Texas/24-008749-003/2024(H5N1)	338	726
PB1|PP755595.1|A/cattle/Texas/24-008749-003/2024(H5N1)	339	714
PB1|PP755595.1|A/cattle/Texas/24-008749-003/2024(H5N1)	340	713
PB1|PP755595.1|A/cattle/Texas/24-008749-003/2024(H5N1)	341	688
PB1|PP755595.1|A/cattle/Texas/24-008749-003/2024(H5N1)	342	688
PB1|PP755595.1|A/cattle/Texas/24-008749-003/2024(H5N1)	343	665
PB1|PP755595.1|A/cattle/Texas/24-008749-003/2024(H5N1)	344	651
PB1|PP755595.1|A/cattle/Texas/24-008749-003/2024(H5N1)	345	651
PB1|PP755595.1|A/cattle/Texas/24-008749-003/2024(H5N1)	346	661
PB1|PP755595.1|A/cattle/Texas/24-008749-003/2024(H5N1)	347	662
PB1|PP755595.1|A/cattle/Texas/24-008749-003/2024(H5N1)	348	662
PB1|PP755595.1|A/cattle/Texas/24-008749-003/2024(H5N1)	349	658
PB1|PP755595.1|A/cattle/Texas/24-008749-003/2024(H5N1)	350	654
PB1|PP755595.1|A/cattle/Texas/24-008749-003/2024(H5N1)	351	655
PB1|PP755595.1|A/cattle/Texas/24-008749-003/2024(H5N1)	352	655
PB1|PP755595.1|A/cattle/Texas/24-008749-003/2024(H5N1)	353	655
PB1|PP755595.1|A/cattle/Texas/24-008749-003/2024(H5N1)	354	645
PB1|PP755595.1|A/cattle/Texas/24-008749-003/2024(H5N1)	355	645
PB1|PP755595.1|A/cattle/Texas/24-008749-003/2024(H5N1)	356	633
PB1|PP755595.1|A/cattle/Texas/24-008749-003/2024(H5N1)	357	631
PB1|PP755595.1|A/cattle/Texas/24-008749-003/2024(H5N1)	358	629
PB1|PP755595.1|A/cattle/Texas/24-008749-003/2024(H5N1)	359	621
PB1|PP755595.1|A/cattle/Texas/24-008749-003/2024(H5N1)	360	617
PB1|PP755595.1|A/cattle/Texas/24-008749-003/2024(H5N1)	361	593
PB1|PP755595.1|A/cattle/Texas/24-008749-003/2024(H5N1)	362	592
PB1|PP755595.1|A/cattle/Texas/24-008749-003/2024(H5N1)	363	369
PB1|PP755595.1|A/cattle/Texas/24-008749-003/2024(H5N1)	364	364
PB1|PP755595.1|A/cattle/Texas/24-008749-003/2024(H5N1)	365	364
PB1|PP755595.1|A/cattle/Texas/24-008749-003/2024(H5N1)	366	364
PB1|PP755595.1|A/cattle/Texas/24-008749-003/2024(H5N1)	367	366
PB1|PP755595.1|A/cattle/Texas/24-008749-003/2024(H5N1)	368	367
PB1|PP755595.1|A/cattle/Texas/24-008749-003/2024(H5N1)	369	367
PB1|PP755595.1|A/cattle/Texas/24-008749-003/2024(H5N1)	370	367
PB1|PP755595.1|A/cattle/Texas/24-008749-003/2024(H5N1)	371	367
PB1|PP755595.1|A/cattle/Texas/24-008749-003/2024(H5N1)	372	367
PB1|PP755595.1|A/cattle/Texas/24-008749-003/2024(H5N1)	373	367
PB1|PP755595.1|A/cattle/Texas/24-008749-003/2024(H5N1)	374	367
PB1|PP755595.1|A/cattle/Texas/24-008749-003/2024(H5N1)	375	367
PB1|PP755595.1|A/cattle/Texas/24-008749-003/2024(H5N1)	376	368
PB1|PP755595.1|A/cattle/Texas/24-008749-003/2024(H5N1)	377	368
PB1|PP755595.1|A/cattle/Texas/24-008749-003/2024(H5N1)	378	369
PB1|PP755595.1|A/cattle/Texas/24-008749-003/2024(H5N1)	379	389
PB1|PP755595.1|A/cattle/Texas/24-008749-003/2024(H5N1)	380	389
PB1|PP755595.1|A/cattle/Texas/24-008749-003/2024(H5N1)	381	390
PB1|PP755595.1|A/cattle/Texas/24-008749-003/2024(H5N1)	382	397
PB1|PP755595.1|A/cattle/Texas/24-008749-003/2024(H5N1)	383	397
PB1|PP755595.1|A/cattle/Texas/24-008749-003/2024(H5N1)	384	398
PB1|PP755595.1|A/cattle/Texas/24-008749-003/2024(H5N1)	385	398
PB1|PP755595.1|A/cattle/Texas/24-008749-003/2024(H5N1)	386	398
PB1|PP755595.1|A/cattle/Texas/24-008749-003/2024(H5N1)	387	399
PB1|PP755595.1|A/cattle/Texas/24-008749-003/2024(H5N1)	388	399
PB1|PP755595.1|A/cattle/Texas/24-008749-003/2024(H5N1)	389	400
PB1|PP755595.1|A/cattle/Texas/24-008749-003/2024(H5N1)	390	400
PB1|PP755595.1|A/cattle/Texas/24-008749-003/2024(H5N1)	391	400
PB1|PP755595.1|A/cattle/Texas/24-008749-003/2024(H5N1)	392	400
PB1|PP755595.1|A/cattle/Texas/24-008749-003/2024(H5N1)	393	400
PB1|PP755595.1|A/cattle/Texas/24-008749-003/2024(H5N1)	394	400
PB1|PP755595.1|A/cattle/Texas/24-008749-003/2024(H5N1)	395	398
PB1|PP755595.1|A/cattle/Texas/24-008749-003/2024(H5N1)	396	391
PB1|PP755595.1|A/cattle/Texas/24-008749-003/2024(H5N1)	397	378
PB1|PP755595.1|A/cattle/Texas/24-008749-003/2024(H5N1)	398	378
PB1|PP755595.1|A/cattle/Texas/24-008749-003/2024(H5N1)	399	378
PB1|PP755595.1|A/cattle/Texas/24-008749-003/2024(H5N1)	400	375
PB1|PP755595.1|A/cattle/Texas/24-008749-003/2024(H5N1)	401	370
PB1|PP755595.1|A/cattle/Texas/24-008749-003/2024(H5N1)	402	370
PB1|PP755595.1|A/cattle/Texas/24-008749-003/2024(H5N1)	403	369
PB1|PP755595.1|A/cattle/Texas/24-008749-003/2024(H5N1)	404	369
PB1|PP755595.1|A/cattle/Texas/24-008749-003/2024(H5N1)	405	362
PB1|PP755595.1|A/cattle/Texas/24-008749-003/2024(H5N1)	406	360
PB1|PP755595.1|A/cattle/Texas/24-008749-003/2024(H5N1)	407	357
PB1|PP755595.1|A/cattle/Texas/24-008749-003/2024(H5N1)	408	356
PB1|PP755595.1|A/cattle/Texas/24-008749-003/2024(H5N1)	409	354
PB1|PP755595.1|A/cattle/Texas/24-008749-003/2024(H5N1)	410	352
PB1|PP755595.1|A/cattle/Texas/24-008749-003/2024(H5N1)	411	348
PB1|PP755595.1|A/cattle/Texas/24-008749-003/2024(H5N1)	412	348
PB1|PP755595.1|A/cattle/Texas/24-008749-003/2024(H5N1)	413	348
PB1|PP755595.1|A/cattle/Texas/24-008749-003/2024(H5N1)	414	342
PB1|PP755595.1|A/cattle/Texas/24-008749-003/2024(H5N1)	415	342
PB1|PP755595.1|A/cattle/Texas/24-008749-003/2024(H5N1)	416	342
PB1|PP755595.1|A/cattle/Texas/24-008749-003/2024(H5N1)	417	342
PB1|PP755595.1|A/cattle/Texas/24-008749-003/2024(H5N1)	418	342
PB1|PP755595.1|A/cattle/Texas/24-008749-003/2024(H5N1)	419	342
PB1|PP755595.1|A/cattle/Texas/24-008749-003/2024(H5N1)	420	342
PB1|PP755595.1|A/cattle/Texas/24-008749-003/2024(H5N1)	421	342
PB1|PP755595.1|A/cattle/Texas/24-008749-003/2024(H5N1)	422	340
PB1|PP755595.1|A/cattle/Texas/24-008749-003/2024(H5N1)	423	328
PB1|PP755595.1|A/cattle/Texas/24-008749-003/2024(H5N1)	424	327
PB1|PP755595.1|A/cattle/Texas/24-008749-003/2024(H5N1)	425	324
PB1|PP755595.1|A/cattle/Texas/24-008749-003/2024(H5N1)	426	135
PB1|PP755595.1|A/cattle/Texas/24-008749-003/2024(H5N1)	427	133
PB1|PP755595.1|A/cattle/Texas/24-008749-003/2024(H5N1)	428	133
PB1|PP755595.1|A/cattle/Texas/24-008749-003/2024(H5N1)	429	133
PB1|PP755595.1|A/cattle/Texas/24-008749-003/2024(H5N1)	430	135
PB1|PP755595.1|A/cattle/Texas/24-008749-003/2024(H5N1)	431	135
PB1|PP755595.1|A/cattle/Texas/24-008749-003/2024(H5N1)	432	135
PB1|PP755595.1|A/cattle/Texas/24-008749-003/2024(H5N1)	433	137
PB1|PP755595.1|A/cattle/Texas/24-008749-003/2024(H5N1)	434	148
PB1|PP755595.1|A/cattle/Texas/24-008749-003/2024(H5N1)	435	149
PB1|PP755595.1|A/cattle/Texas/24-008749-003/2024(H5N1)	436	206
PB1|PP755595.1|A/cattle/Texas/24-008749-003/2024(H5N1)	437	217
PB1|PP755595.1|A/cattle/Texas/24-008749-003/2024(H5N1)	438	217
PB1|PP755595.1|A/cattle/Texas/24-008749-003/2024(H5N1)	439	220
PB1|PP755595.1|A/cattle/Texas/24-008749-003/2024(H5N1)	440	224
PB1|PP755595.1|A/cattle/Texas/24-008749-003/2024(H5N1)	441	225
PB1|PP755595.1|A/cattle/Texas/24-008749-003/2024(H5N1)	442	226
PB1|PP755595.1|A/cattle/Texas/24-008749-003/2024(H5N1)	443	226
PB1|PP755595.1|A/cattle/Texas/24-008749-003/2024(H5N1)	444	227
PB1|PP755595.1|A/cattle/Texas/24-008749-003/2024(H5N1)	445	227
PB1|PP755595.1|A/cattle/Texas/24-008749-003/2024(H5N1)	446	227
PB1|PP755595.1|A/cattle/Texas/24-008749-003/2024(H5N1)	447	226
PB1|PP755595.1|A/cattle/Texas/24-008749-003/2024(H5N1)	448	220
PB1|PP755595.1|A/cattle/Texas/24-008749-003/2024(H5N1)	449	220
PB1|PP755595.1|A/cattle/Texas/24-008749-003/2024(H5N1)	450	220
PB1|PP755595.1|A/cattle/Texas/24-008749-003/2024(H5N1)	451	218
PB1|PP755595.1|A/cattle/Texas/24-008749-003/2024(H5N1)	452	220
PB1|PP755595.1|A/cattle/Texas/24-008749-003/2024(H5N1)	453	223
PB1|PP755595.1|A/cattle/Texas/24-008749-003/2024(H5N1)	454	223
PB1|PP755595.1|A/cattle/Texas/24-008749-003/2024(H5N1)	455	221
PB1|PP755595.1|A/cattle/Texas/24-008749-003/2024(H5N1)	456	161
PB1|PP755595.1|A/cattle/Texas/24-008749-003/2024(H5N1)	457	161
PB1|PP755595.1|A/cattle/Texas/24-008749-003/2024(H5N1)	458	161
PB1|PP755595.1|A/cattle/Texas/24-008749-003/2024(H5N1)	459	162
PB1|PP755595.1|A/cattle/Texas/24-008749-003/2024(H5N1)	460	158
PB1|PP755595.1|A/cattle/Texas/24-008749-003/2024(H5N1)	461	163
PB1|PP755595.1|A/cattle/Texas/24-008749-003/2024(H5N1)	462	168
PB1|PP755595.1|A/cattle/Texas/24-008749-003/2024(H5N1)	463	168
PB1|PP755595.1|A/cattle/Texas/24-008749-003/2024(H5N1)	464	168
PB1|PP755595.1|A/cattle/Texas/24-008749-003/2024(H5N1)	465	168
PB1|PP755595.1|A/cattle/Texas/24-008749-003/2024(H5N1)	466	168
PB1|PP755595.1|A/cattle/Texas/24-008749-003/2024(H5N1)	467	168
PB1|PP755595.1|A/cattle/Texas/24-008749-003/2024(H5N1)	468	168
PB1|PP755595.1|A/cattle/Texas/24-008749-003/2024(H5N1)	469	167
PB1|PP755595.1|A/cattle/Texas/24-008749-003/2024(H5N1)	470	167
PB1|PP755595.1|A/cattle/Texas/24-008749-003/2024(H5N1)	471	166
PB1|PP755595.1|A/cattle/Texas/24-008749-003/2024(H5N1)	472	166
PB1|PP755595.1|A/cattle/Texas/24-008749-003/2024(H5N1)	473	164
PB1|PP755595.1|A/cattle/Texas/24-008749-003/2024(H5N1)	474	166
PB1|PP755595.1|A/cattle/Texas/24-008749-003/2024(H5N1)	475	167
PB1|PP755595.1|A/cattle/Texas/24-008749-003/2024(H5N1)	476	166
PB1|PP755595.1|A/cattle/Texas/24-008749-003/2024(H5N1)	477	166
PB1|PP755595.1|A/cattle/Texas/24-008749-003/2024(H5N1)	478	164
PB1|PP755595.1|A/cattle/Texas/24-008749-003/2024(H5N1)	479	162
PB1|PP755595.1|A/cattle/Texas/24-008749-003/2024(H5N1)	480	157
PB1|PP755595.1|A/cattle/Texas/24-008749-003/2024(H5N1)	481	157
PB1|PP755595.1|A/cattle/Texas/24-008749-003/2024(H5N1)	482	156
PB1|PP755595.1|A/cattle/Texas/24-008749-003/2024(H5N1)	483	156
PB1|PP755595.1|A/cattle/Texas/24-008749-003/2024(H5N1)	484	156
PB1|PP755595.1|A/cattle/Texas/24-008749-003/2024(H5N1)	485	158
PB1|PP755595.1|A/cattle/Texas/24-008749-003/2024(H5N1)	486	159
PB1|PP755595.1|A/cattle/Texas/24-008749-003/2024(H5N1)	487	162
PB1|PP755595.1|A/cattle/Texas/24-008749-003/2024(H5N1)	488	162
PB1|PP755595.1|A/cattle/Texas/24-008749-003/2024(H5N1)	489	164
PB1|PP755595.1|A/cattle/Texas/24-008749-003/2024(H5N1)	490	164
PB1|PP755595.1|A/cattle/Texas/24-008749-003/2024(H5N1)	491	165
PB1|PP755595.1|A/cattle/Texas/24-008749-003/2024(H5N1)	492	165
PB1|PP755595.1|A/cattle/Texas/24-008749-003/2024(H5N1)	493	165
PB1|PP755595.1|A/cattle/Texas/24-008749-003/2024(H5N1)	494	163
PB1|PP755595.1|A/cattle/Texas/24-008749-003/2024(H5N1)	495	164
PB1|PP755595.1|A/cattle/Texas/24-008749-003/2024(H5N1)	496	159
PB1|PP755595.1|A/cattle/Texas/24-008749-003/2024(H5N1)	497	160
PB1|PP755595.1|A/cattle/Texas/24-008749-003/2024(H5N1)	498	159
PB1|PP755595.1|A/cattle/Texas/24-008749-003/2024(H5N1)	499	159
PB1|PP755595.1|A/cattle/Texas/24-008749-003/2024(H5N1)	500	159
PB1|PP755595.1|A/cattle/Texas/24-008749-003/2024(H5N1)	501	159
PB1|PP755595.1|A/cattle/Texas/24-008749-003/2024(H5N1)	502	159
PB1|PP755595.1|A/cattle/Texas/24-008749-003/2024(H5N1)	503	158
PB1|PP755595.1|A/cattle/Texas/24-008749-003/2024(H5N1)	504	157
PB1|PP755595.1|A/cattle/Texas/24-008749-003/2024(H5N1)	505	159
PB1|PP755595.1|A/cattle/Texas/24-008749-003/2024(H5N1)	506	158
PB1|PP755595.1|A/cattle/Texas/24-008749-003/2024(H5N1)	507	157
PB1|PP755595.1|A/cattle/Texas/24-008749-003/2024(H5N1)	508	159
PB1|PP755595.1|A/cattle/Texas/24-008749-003/2024(H5N1)	509	161
PB1|PP755595.1|A/cattle/Texas/24-008749-003/2024(H5N1)	510	161
PB1|PP755595.1|A/cattle/Texas/24-008749-003/2024(H5N1)	511	127
PB1|PP755595.1|A/cattle/Texas/24-008749-003/2024(H5N1)	512	127
PB1|PP755595.1|A/cattle/Texas/24-008749-003/2024(H5N1)	513	124
PB1|PP755595.1|A/cattle/Texas/24-008749-003/2024(H5N1)	514	123
PB1|PP755595.1|A/cattle/Texas/24-008749-003/2024(H5N1)	515	120
PB1|PP755595.1|A/cattle/Texas/24-008749-003/2024(H5N1)	516	119
PB1|PP755595.1|A/cattle/Texas/24-008749-003/2024(H5N1)	517	113
PB1|PP755595.1|A/cattle/Texas/24-008749-003/2024(H5N1)	518	113
PB1|PP755595.1|A/cattle/Texas/24-008749-003/2024(H5N1)	519	110
PB1|PP755595.1|A/cattle/Texas/24-008749-003/2024(H5N1)	520	113
PB1|PP755595.1|A/cattle/Texas/24-008749-003/2024(H5N1)	521	113
PB1|PP755595.1|A/cattle/Texas/24-008749-003/2024(H5N1)	522	112
PB1|PP755595.1|A/cattle/Texas/24-008749-003/2024(H5N1)	523	109
PB1|PP755595.1|A/cattle/Texas/24-008749-003/2024(H5N1)	524	107
PB1|PP755595.1|A/cattle/Texas/24-008749-003/2024(H5N1)	525	107
PB1|PP755595.1|A/cattle/Texas/24-008749-003/2024(H5N1)	526	107
PB1|PP755595.1|A/cattle/Texas/24-008749-003/2024(H5N1)	527	106
PB1|PP755595.1|A/cattle/Texas/24-008749-003/2024(H5N1)	528	106
PB1|PP755595.1|A/cattle/Texas/24-008749-003/2024(H5N1)	529	106
PB1|PP755595.1|A/cattle/Texas/24-008749-003/2024(H5N1)	530	102
PB1|PP755595.1|A/cattle/Texas/24-008749-003/2024(H5N1)	531	101
PB1|PP755595.1|A/cattle/Texas/24-008749-003/2024(H5N1)	532	100
PB1|PP755595.1|A/cattle/Texas/24-008749-003/2024(H5N1)	533	97
PB1|PP755595.1|A/cattle/Texas/24-008749-003/2024(H5N1)	534	97
PB1|PP755595.1|A/cattle/Texas/24-008749-003/2024(H5N1)	535	97
PB1|PP755595.1|A/cattle/Texas/24-008749-003/2024(H5N1)	536	97
PB1|PP755595.1|A/cattle/Texas/24-008749-003/2024(H5N1)	537	97
PB1|PP755595.1|A/cattle/Texas/24-008749-003/2024(H5N1)	538	97
PB1|PP755595.1|A/cattle/Texas/24-008749-003/2024(H5N1)	539	97
PB1|PP755595.1|A/cattle/Texas/24-008749-003/2024(H5N1)	540	97
PB1|PP755595.1|A/cattle/Texas/24-008749-003/2024(H5N1)	541	97
PB1|PP755595.1|A/cattle/Texas/24-008749-003/2024(H5N1)	542	98
PB1|PP755595.1|A/cattle/Texas/24-008749-003/2024(H5N1)	543	98
PB1|PP755595.1|A/cattle/Texas/24-008749-003/2024(H5N1)	544	98
PB1|PP755595.1|A/cattle/Texas/24-008749-003/2024(H5N1)	545	97
PB1|PP755595.1|A/cattle/Texas/24-008749-003/2024(H5N1)	546	97
PB1|PP755595.1|A/cattle/Texas/24-008749-003/2024(H5N1)	547	98
PB1|PP755595.1|A/cattle/Texas/24-008749-003/2024(H5N1)	548	99
PB1|PP755595.1|A/cattle/Texas/24-008749-003/2024(H5N1)	549	99
PB1|PP755595.1|A/cattle/Texas/24-008749-003/2024(H5N1)	550	96
PB1|PP755595.1|A/cattle/Texas/24-008749-003/2024(H5N1)	551	94
PB1|PP755595.1|A/cattle/Texas/24-008749-003/2024(H5N1)	552	93
PB1|PP755595.1|A/cattle/Texas/24-008749-003/2024(H5N1)	553	93
PB1|PP755595.1|A/cattle/Texas/24-008749-003/2024(H5N1)	554	92
PB1|PP755595.1|A/cattle/Texas/24-008749-003/2024(H5N1)	555	92
PB1|PP755595.1|A/cattle/Texas/24-008749-003/2024(H5N1)	556	89
PB1|PP755595.1|A/cattle/Texas/24-008749-003/2024(H5N1)	557	89
PB1|PP755595.1|A/cattle/Texas/24-008749-003/2024(H5N1)	558	79
PB1|PP755595.1|A/cattle/Texas/24-008749-003/2024(H5N1)	559	81
PB1|PP755595.1|A/cattle/Texas/24-008749-003/2024(H5N1)	560	81
PB1|PP755595.1|A/cattle/Texas/24-008749-003/2024(H5N1)	561	80
PB1|PP755595.1|A/cattle/Texas/24-008749-003/2024(H5N1)	562	80
PB1|PP755595.1|A/cattle/Texas/24-008749-003/2024(H5N1)	563	80
PB1|PP755595.1|A/cattle/Texas/24-008749-003/2024(H5N1)	564	81
PB1|PP755595.1|A/cattle/Texas/24-008749-003/2024(H5N1)	565	84
PB1|PP755595.1|A/cattle/Texas/24-008749-003/2024(H5N1)	566	84
PB1|PP755595.1|A/cattle/Texas/24-008749-003/2024(H5N1)	567	84
PB1|PP755595.1|A/cattle/Texas/24-008749-003/2024(H5N1)	568	84
PB1|PP755595.1|A/cattle/Texas/24-008749-003/2024(H5N1)	569	90
PB1|PP755595.1|A/cattle/Texas/24-008749-003/2024(H5N1)	570	89
PB1|PP755595.1|A/cattle/Texas/24-008749-003/2024(H5N1)	571	90
PB1|PP755595.1|A/cattle/Texas/24-008749-003/2024(H5N1)	572	90
PB1|PP755595.1|A/cattle/Texas/24-008749-003/2024(H5N1)	573	90
PB1|PP755595.1|A/cattle/Texas/24-008749-003/2024(H5N1)	574	90
PB1|PP755595.1|A/cattle/Texas/24-008749-003/2024(H5N1)	575	90
PB1|PP755595.1|A/cattle/Texas/24-008749-003/2024(H5N1)	576	90
PB1|PP755595.1|A/cattle/Texas/24-008749-003/2024(H5N1)	577	91
PB1|PP755595.1|A/cattle/Texas/24-008749-003/2024(H5N1)	578	91
PB1|PP755595.1|A/cattle/Texas/24-008749-003/2024(H5N1)	579	92
PB1|PP755595.1|A/cattle/Texas/24-008749-003/2024(H5N1)	580	93
PB1|PP755595.1|A/cattle/Texas/24-008749-003/2024(H5N1)	581	95
PB1|PP755595.1|A/cattle/Texas/24-008749-003/2024(H5N1)	582	95
PB1|PP755595.1|A/cattle/Texas/24-008749-003/2024(H5N1)	583	95
PB1|PP755595.1|A/cattle/Texas/24-008749-003/2024(H5N1)	584	94
PB1|PP755595.1|A/cattle/Texas/24-008749-003/2024(H5N1)	585	89
PB1|PP755595.1|A/cattle/Texas/24-008749-003/2024(H5N1)	586	91
PB1|PP755595.1|A/cattle/Texas/24-008749-003/2024(H5N1)	587	87
PB1|PP755595.1|A/cattle/Texas/24-008749-003/2024(H5N1)	588	86
PB1|PP755595.1|A/cattle/Texas/24-008749-003/2024(H5N1)	589	86
PB1|PP755595.1|A/cattle/Texas/24-008749-003/2024(H5N1)	590	84
PB1|PP755595.1|A/cattle/Texas/24-008749-003/2024(H5N1)	591	84
PB1|PP755595.1|A/cattle/Texas/24-008749-003/2024(H5N1)	592	87
PB1|PP755595.1|A/cattle/Texas/24-008749-003/2024(H5N1)	593	86
PB1|PP755595.1|A/cattle/Texas/24-008749-003/2024(H5N1)	594	86
PB1|PP755595.1|A/cattle/Texas/24-008749-003/2024(H5N1)	595	86
PB1|PP755595.1|A/cattle/Texas/24-008749-003/2024(H5N1)	596	86
PB1|PP755595.1|A/cattle/Texas/24-008749-003/2024(H5N1)	597	86
PB1|PP755595.1|A/cattle/Texas/24-008749-003/2024(H5N1)	598	86
PB1|PP755595.1|A/cattle/Texas/24-008749-003/2024(H5N1)	599	86
PB1|PP755595.1|A/cattle/Texas/24-008749-003/2024(H5N1)	600	86
PB1|PP755595.1|A/cattle/Texas/24-008749-003/2024(H5N1)	601	86
PB1|PP755595.1|A/cattle/Texas/24-008749-003/2024(H5N1)	602	83
PB1|PP755595.1|A/cattle/Texas/24-008749-003/2024(H5N1)	603	83
PB1|PP755595.1|A/cattle/Texas/24-008749-003/2024(H5N1)	604	83
PB1|PP755595.1|A/cattle/Texas/24-008749-003/2024(H5N1)	605	83
PB1|PP755595.1|A/cattle/Texas/24-008749-003/2024(H5N1)	606	83
PB1|PP755595.1|A/cattle/Texas/24-008749-003/2024(H5N1)	607	66
PB1|PP755595.1|A/cattle/Texas/24-008749-003/2024(H5N1)	608	66
PB1|PP755595.1|A/cattle/Texas/24-008749-003/2024(H5N1)	609	66
PB1|PP755595.1|A/cattle/Texas/24-008749-003/2024(H5N1)	610	66
PB1|PP755595.1|A/cattle/Texas/24-008749-003/2024(H5N1)	611	65
PB1|PP755595.1|A/cattle/Texas/24-008749-003/2024(H5N1)	612	65
PB1|PP755595.1|A/cattle/Texas/24-008749-003/2024(H5N1)	613	74
PB1|PP755595.1|A/cattle/Texas/24-008749-003/2024(H5N1)	614	74
PB1|PP755595.1|A/cattle/Texas/24-008749-003/2024(H5N1)	615	74
PB1|PP755595.1|A/cattle/Texas/24-008749-003/2024(H5N1)	616	74
PB1|PP755595.1|A/cattle/Texas/24-008749-003/2024(H5N1)	617	74
PB1|PP755595.1|A/cattle/Texas/24-008749-003/2024(H5N1)	618	74
PB1|PP755595.1|A/cattle/Texas/24-008749-003/2024(H5N1)	619	74
PB1|PP755595.1|A/cattle/Texas/24-008749-003/2024(H5N1)	620	72
PB1|PP755595.1|A/cattle/Texas/24-008749-003/2024(H5N1)	621	72
PB1|PP755595.1|A/cattle/Texas/24-008749-003/2024(H5N1)	622	72
PB1|PP755595.1|A/cattle/Texas/24-008749-003/2024(H5N1)	623	72
PB1|PP755595.1|A/cattle/Texas/24-008749-003/2024(H5N1)	624	72
PB1|PP755595.1|A/cattle/Texas/24-008749-003/2024(H5N1)	625	71
PB1|PP755595.1|A/cattle/Texas/24-008749-003/2024(H5N1)	626	70
PB1|PP755595.1|A/cattle/Texas/24-008749-003/2024(H5N1)	627	70
PB1|PP755595.1|A/cattle/Texas/24-008749-003/2024(H5N1)	628	70
PB1|PP755595.1|A/cattle/Texas/24-008749-003/2024(H5N1)	629	70
PB1|PP755595.1|A/cattle/Texas/24-008749-003/2024(H5N1)	630	70
PB1|PP755595.1|A/cattle/Texas/24-008749-003/2024(H5N1)	631	70
PB1|PP755595.1|A/cattle/Texas/24-008749-003/2024(H5N1)	632	69
PB1|PP755595.1|A/cattle/Texas/24-008749-003/2024(H5N1)	633	69
PB1|PP755595.1|A/cattle/Texas/24-008749-003/2024(H5N1)	634	67
PB1|PP755595.1|A/cattle/Texas/24-008749-003/2024(H5N1)	635	67
PB1|PP755595.1|A/cattle/Texas/24-008749-003/2024(H5N1)	636	67
PB1|PP755595.1|A/cattle/Texas/24-008749-003/2024(H5N1)	637	67
PB1|PP755595.1|A/cattle/Texas/24-008749-003/2024(H5N1)	638	67
PB1|PP755595.1|A/cattle/Texas/24-008749-003/2024(H5N1)	639	67
PB1|PP755595.1|A/cattle/Texas/24-008749-003/2024(H5N1)	640	65
PB1|PP755595.1|A/cattle/Texas/24-008749-003/2024(H5N1)	641	63
PB1|PP755595.1|A/cattle/Texas/24-008749-003/2024(H5N1)	642	62
PB1|PP755595.1|A/cattle/Texas/24-008749-003/2024(H5N1)	643	62
PB1|PP755595.1|A/cattle/Texas/24-008749-003/2024(H5N1)	644	62
PB1|PP755595.1|A/cattle/Texas/24-008749-003/2024(H5N1)	645	60
PB1|PP755595.1|A/cattle/Texas/24-008749-003/2024(H5N1)	646	59
PB1|PP755595.1|A/cattle/Texas/24-008749-003/2024(H5N1)	647	59
PB1|PP755595.1|A/cattle/Texas/24-008749-003/2024(H5N1)	648	58
PB1|PP755595.1|A/cattle/Texas/24-008749-003/2024(H5N1)	649	58
PB1|PP755595.1|A/cattle/Texas/24-008749-003/2024(H5N1)	650	58
PB1|PP755595.1|A/cattle/Texas/24-008749-003/2024(H5N1)	651	54
PB1|PP755595.1|A/cattle/Texas/24-008749-003/2024(H5N1)	652	54
PB1|PP755595.1|A/cattle/Texas/24-008749-003/2024(H5N1)	653	54
PB1|PP755595.1|A/cattle/Texas/24-008749-003/2024(H5N1)	654	54
PB1|PP755595.1|A/cattle/Texas/24-008749-003/2024(H5N1)	655	62
PB1|PP755595.1|A/cattle/Texas/24-008749-003/2024(H5N1)	656	63
PB1|PP755595.1|A/cattle/Texas/24-008749-003/2024(H5N1)	657	63
PB1|PP755595.1|A/cattle/Texas/24-008749-003/2024(H5N1)	658	63
PB1|PP755595.1|A/cattle/Texas/24-008749-003/2024(H5N1)	659	63
PB1|PP755595.1|A/cattle/Texas/24-008749-003/2024(H5N1)	660	63
PB1|PP755595.1|A/cattle/Texas/24-008749-003/2024(H5N1)	661	63
PB1|PP755595.1|A/cattle/Texas/24-008749-003/2024(H5N1)	662	63
PB1|PP755595.1|A/cattle/Texas/24-008749-003/2024(H5N1)	663	63
PB1|PP755595.1|A/cattle/Texas/24-008749-003/2024(H5N1)	664	62
PB1|PP755595.1|A/cattle/Texas/24-008749-003/2024(H5N1)	665	67
PB1|PP755595.1|A/cattle/Texas/24-008749-003/2024(H5N1)	666	69
PB1|PP755595.1|A/cattle/Texas/24-008749-003/2024(H5N1)	667	69
PB1|PP755595.1|A/cattle/Texas/24-008749-003/2024(H5N1)	668	69
PB1|PP755595.1|A/cattle/Texas/24-008749-003/2024(H5N1)	669	69
PB1|PP755595.1|A/cattle/Texas/24-008749-003/2024(H5N1)	670	68
PB1|PP755595.1|A/cattle/Texas/24-008749-003/2024(H5N1)	671	65
PB1|PP755595.1|A/cattle/Texas/24-008749-003/2024(H5N1)	672	65
PB1|PP755595.1|A/cattle/Texas/24-008749-003/2024(H5N1)	673	65
PB1|PP755595.1|A/cattle/Texas/24-008749-003/2024(H5N1)	674	65
PB1|PP755595.1|A/cattle/Texas/24-008749-003/2024(H5N1)	675	65
PB1|PP755595.1|A/cattle/Texas/24-008749-003/2024(H5N1)	676	71
PB1|PP755595.1|A/cattle/Texas/24-008749-003/2024(H5N1)	677	72
PB1|PP755595.1|A/cattle/Texas/24-008749-003/2024(H5N1)	678	72
PB1|PP755595.1|A/cattle/Texas/24-008749-003/2024(H5N1)	679	72
PB1|PP755595.1|A/cattle/Texas/24-008749-003/2024(H5N1)	680	72
PB1|PP755595.1|A/cattle/Texas/24-008749-003/2024(H5N1)	681	68
PB1|PP755595.1|A/cattle/Texas/24-008749-003/2024(H5N1)	682	69
PB1|PP755595.1|A/cattle/Texas/24-008749-003/2024(H5N1)	683	69
PB1|PP755595.1|A/cattle/Texas/24-008749-003/2024(H5N1)	684	69
PB1|PP755595.1|A/cattle/Texas/24-008749-003/2024(H5N1)	685	69
PB1|PP755595.1|A/cattle/Texas/24-008749-003/2024(H5N1)	686	69
PB1|PP755595.1|A/cattle/Texas/24-008749-003/2024(H5N1)	687	69
PB1|PP755595.1|A/cattle/Texas/24-008749-003/2024(H5N1)	688	69
PB1|PP755595.1|A/cattle/Texas/24-008749-003/2024(H5N1)	689	69
PB1|PP755595.1|A/cattle/Texas/24-008749-003/2024(H5N1)	690	69
PB1|PP755595.1|A/cattle/Texas/24-008749-003/2024(H5N1)	691	69
PB1|PP755595.1|A/cattle/Texas/24-008749-003/2024(H5N1)	692	68
PB1|PP755595.1|A/cattle/Texas/24-008749-003/2024(H5N1)	693	66
PB1|PP755595.1|A/cattle/Texas/24-008749-003/2024(H5N1)	694	67
PB1|PP755595.1|A/cattle/Texas/24-008749-003/2024(H5N1)	695	67
PB1|PP755595.1|A/cattle/Texas/24-008749-003/2024(H5N1)	696	67
PB1|PP755595.1|A/cattle/Texas/24-008749-003/2024(H5N1)	697	67
PB1|PP755595.1|A/cattle/Texas/24-008749-003/2024(H5N1)	698	66
PB1|PP755595.1|A/cattle/Texas/24-008749-003/2024(H5N1)	699	65
PB1|PP755595.1|A/cattle/Texas/24-008749-003/2024(H5N1)	700	65
PB1|PP755595.1|A/cattle/Texas/24-008749-003/2024(H5N1)	701	65
PB1|PP755595.1|A/cattle/Texas/24-008749-003/2024(H5N1)	702	63
PB1|PP755595.1|A/cattle/Texas/24-008749-003/2024(H5N1)	703	63
PB1|PP755595.1|A/cattle/Texas/24-008749-003/2024(H5N1)	704	63
PB1|PP755595.1|A/cattle/Texas/24-008749-003/2024(H5N1)	705	63
PB1|PP755595.1|A/cattle/Texas/24-008749-003/2024(H5N1)	706	62
PB1|PP755595.1|A/cattle/Texas/24-008749-003/2024(H5N1)	707	62
PB1|PP755595.1|A/cattle/Texas/24-008749-003/2024(H5N1)	708	62
PB1|PP755595.1|A/cattle/Texas/24-008749-003/2024(H5N1)	709	62
PB1|PP755595.1|A/cattle/Texas/24-008749-003/2024(H5N1)	710	62
PB1|PP755595.1|A/cattle/Texas/24-008749-003/2024(H5N1)	711	62
PB1|PP755595.1|A/cattle/Texas/24-008749-003/2024(H5N1)	712	62
PB1|PP755595.1|A/cattle/Texas/24-008749-003/2024(H5N1)	713	62
PB1|PP755595.1|A/cattle/Texas/24-008749-003/2024(H5N1)	714	61
PB1|PP755595.1|A/cattle/Texas/24-008749-003/2024(H5N1)	715	60
PB1|PP755595.1|A/cattle/Texas/24-008749-003/2024(H5N1)	716	60
PB1|PP755595.1|A/cattle/Texas/24-008749-003/2024(H5N1)	717	60
PB1|PP755595.1|A/cattle/Texas/24-008749-003/2024(H5N1)	718	60
PB1|PP755595.1|A/cattle/Texas/24-008749-003/2024(H5N1)	719	54
PB1|PP755595.1|A/cattle/Texas/24-008749-003/2024(H5N1)	720	54
PB1|PP755595.1|A/cattle/Texas/24-008749-003/2024(H5N1)	721	55
PB1|PP755595.1|A/cattle/Texas/24-008749-003/2024(H5N1)	722	54
PB1|PP755595.1|A/cattle/Texas/24-008749-003/2024(H5N1)	723	54
PB1|PP755595.1|A/cattle/Texas/24-008749-003/2024(H5N1)	724	55
PB1|PP755595.1|A/cattle/Texas/24-008749-003/2024(H5N1)	725	55
PB1|PP755595.1|A/cattle/Texas/24-008749-003/2024(H5N1)	726	54
PB1|PP755595.1|A/cattle/Texas/24-008749-003/2024(H5N1)	727	54
PB1|PP755595.1|A/cattle/Texas/24-008749-003/2024(H5N1)	728	54
PB1|PP755595.1|A/cattle/Texas/24-008749-003/2024(H5N1)	729	54
PB1|PP755595.1|A/cattle/Texas/24-008749-003/2024(H5N1)	730	50
PB1|PP755595.1|A/cattle/Texas/24-008749-003/2024(H5N1)	731	45
PB1|PP755595.1|A/cattle/Texas/24-008749-003/2024(H5N1)	732	37
PB1|PP755595.1|A/cattle/Texas/24-008749-003/2024(H5N1)	733	37
PB1|PP755595.1|A/cattle/Texas/24-008749-003/2024(H5N1)	734	37
PB1|PP755595.1|A/cattle/Texas/24-008749-003/2024(H5N1)	735	37
PB1|PP755595.1|A/cattle/Texas/24-008749-003/2024(H5N1)	736	37
PB1|PP755595.1|A/cattle/Texas/24-008749-003/2024(H5N1)	737	37
PB1|PP755595.1|A/cattle/Texas/24-008749-003/2024(H5N1)	738	37
PB1|PP755595.1|A/cattle/Texas/24-008749-003/2024(H5N1)	739	36
PB1|PP755595.1|A/cattle/Texas/24-008749-003/2024(H5N1)	740	36
PB1|PP755595.1|A/cattle/Texas/24-008749-003/2024(H5N1)	741	36
PB1|PP755595.1|A/cattle/Texas/24-008749-003/2024(H5N1)	742	36
PB1|PP755595.1|A/cattle/Texas/24-008749-003/2024(H5N1)	743	36
PB1|PP755595.1|A/cattle/Texas/24-008749-003/2024(H5N1)	744	36
PB1|PP755595.1|A/cattle/Texas/24-008749-003/2024(H5N1)	745	41
PB1|PP755595.1|A/cattle/Texas/24-008749-003/2024(H5N1)	746	41
PB1|PP755595.1|A/cattle/Texas/24-008749-003/2024(H5N1)	747	41
PB1|PP755595.1|A/cattle/Texas/24-008749-003/2024(H5N1)	748	41
PB1|PP755595.1|A/cattle/Texas/24-008749-003/2024(H5N1)	749	41
PB1|PP755595.1|A/cattle/Texas/24-008749-003/2024(H5N1)	750	41
PB1|PP755595.1|A/cattle/Texas/24-008749-003/2024(H5N1)	751	45
PB1|PP755595.1|A/cattle/Texas/24-008749-003/2024(H5N1)	752	46
PB1|PP755595.1|A/cattle/Texas/24-008749-003/2024(H5N1)	753	47
PB1|PP755595.1|A/cattle/Texas/24-008749-003/2024(H5N1)	754	47
PB1|PP755595.1|A/cattle/Texas/24-008749-003/2024(H5N1)	755	47
PB1|PP755595.1|A/cattle/Texas/24-008749-003/2024(H5N1)	756	47
PB1|PP755595.1|A/cattle/Texas/24-008749-003/2024(H5N1)	757	47
PB1|PP755595.1|A/cattle/Texas/24-008749-003/2024(H5N1)	758	46
PB1|PP755595.1|A/cattle/Texas/24-008749-003/2024(H5N1)	759	46
PB1|PP755595.1|A/cattle/Texas/24-008749-003/2024(H5N1)	760	41
PB1|PP755595.1|A/cattle/Texas/24-008749-003/2024(H5N1)	761	41
PB1|PP755595.1|A/cattle/Texas/24-008749-003/2024(H5N1)	762	41
PB1|PP755595.1|A/cattle/Texas/24-008749-003/2024(H5N1)	763	41
PB1|PP755595.1|A/cattle/Texas/24-008749-003/2024(H5N1)	764	41
PB1|PP755595.1|A/cattle/Texas/24-008749-003/2024(H5N1)	765	41
PB1|PP755595.1|A/cattle/Texas/24-008749-003/2024(H5N1)	766	41
PB1|PP755595.1|A/cattle/Texas/24-008749-003/2024(H5N1)	767	41
PB1|PP755595.1|A/cattle/Texas/24-008749-003/2024(H5N1)	768	41
PB1|PP755595.1|A/cattle/Texas/24-008749-003/2024(H5N1)	769	41
PB1|PP755595.1|A/cattle/Texas/24-008749-003/2024(H5N1)	770	41
PB1|PP755595.1|A/cattle/Texas/24-008749-003/2024(H5N1)	771	41
PB1|PP755595.1|A/cattle/Texas/24-008749-003/2024(H5N1)	772	40
PB1|PP755595.1|A/cattle/Texas/24-008749-003/2024(H5N1)	773	40
PB1|PP755595.1|A/cattle/Texas/24-008749-003/2024(H5N1)	774	40
PB1|PP755595.1|A/cattle/Texas/24-008749-003/2024(H5N1)	775	42
PB1|PP755595.1|A/cattle/Texas/24-008749-003/2024(H5N1)	776	42
PB1|PP755595.1|A/cattle/Texas/24-008749-003/2024(H5N1)	777	42
PB1|PP755595.1|A/cattle/Texas/24-008749-003/2024(H5N1)	778	42
PB1|PP755595.1|A/cattle/Texas/24-008749-003/2024(H5N1)	779	42
PB1|PP755595.1|A/cattle/Texas/24-008749-003/2024(H5N1)	780	42
PB1|PP755595.1|A/cattle/Texas/24-008749-003/2024(H5N1)	781	42
PB1|PP755595.1|A/cattle/Texas/24-008749-003/2024(H5N1)	782	42
PB1|PP755595.1|A/cattle/Texas/24-008749-003/2024(H5N1)	783	42
PB1|PP755595.1|A/cattle/Texas/24-008749-003/2024(H5N1)	784	41
PB1|PP755595.1|A/cattle/Texas/24-008749-003/2024(H5N1)	785	41
PB1|PP755595.1|A/cattle/Texas/24-008749-003/2024(H5N1)	786	37
PB1|PP755595.1|A/cattle/Texas/24-008749-003/2024(H5N1)	787	39
PB1|PP755595.1|A/cattle/Texas/24-008749-003/2024(H5N1)	788	39
PB1|PP755595.1|A/cattle/Texas/24-008749-003/2024(H5N1)	789	39
PB1|PP755595.1|A/cattle/Texas/24-008749-003/2024(H5N1)	790	39
PB1|PP755595.1|A/cattle/Texas/24-008749-003/2024(H5N1)	791	39
PB1|PP755595.1|A/cattle/Texas/24-008749-003/2024(H5N1)	792	36
PB1|PP755595.1|A/cattle/Texas/24-008749-003/2024(H5N1)	793	38
PB1|PP755595.1|A/cattle/Texas/24-008749-003/2024(H5N1)	794	42
PB1|PP755595.1|A/cattle/Texas/24-008749-003/2024(H5N1)	795	42
PB1|PP755595.1|A/cattle/Texas/24-008749-003/2024(H5N1)	796	42
PB1|PP755595.1|A/cattle/Texas/24-008749-003/2024(H5N1)	797	42
PB1|PP755595.1|A/cattle/Texas/24-008749-003/2024(H5N1)	798	42
PB1|PP755595.1|A/cattle/Texas/24-008749-003/2024(H5N1)	799	42
PB1|PP755595.1|A/cattle/Texas/24-008749-003/2024(H5N1)	800	42
PB1|PP755595.1|A/cattle/Texas/24-008749-003/2024(H5N1)	801	42
PB1|PP755595.1|A/cattle/Texas/24-008749-003/2024(H5N1)	802	42
PB1|PP755595.1|A/cattle/Texas/24-008749-003/2024(H5N1)	803	46
PB1|PP755595.1|A/cattle/Texas/24-008749-003/2024(H5N1)	804	47
PB1|PP755595.1|A/cattle/Texas/24-008749-003/2024(H5N1)	805	47
PB1|PP755595.1|A/cattle/Texas/24-008749-003/2024(H5N1)	806	47
PB1|PP755595.1|A/cattle/Texas/24-008749-003/2024(H5N1)	807	46
PB1|PP755595.1|A/cattle/Texas/24-008749-003/2024(H5N1)	808	46
PB1|PP755595.1|A/cattle/Texas/24-008749-003/2024(H5N1)	809	46
PB1|PP755595.1|A/cattle/Texas/24-008749-003/2024(H5N1)	810	46
PB1|PP755595.1|A/cattle/Texas/24-008749-003/2024(H5N1)	811	46
PB1|PP755595.1|A/cattle/Texas/24-008749-003/2024(H5N1)	812	41
PB1|PP755595.1|A/cattle/Texas/24-008749-003/2024(H5N1)	813	41
PB1|PP755595.1|A/cattle/Texas/24-008749-003/2024(H5N1)	814	41
PB1|PP755595.1|A/cattle/Texas/24-008749-003/2024(H5N1)	815	42
PB1|PP755595.1|A/cattle/Texas/24-008749-003/2024(H5N1)	816	42
PB1|PP755595.1|A/cattle/Texas/24-008749-003/2024(H5N1)	817	46
PB1|PP755595.1|A/cattle/Texas/24-008749-003/2024(H5N1)	818	46
PB1|PP755595.1|A/cattle/Texas/24-008749-003/2024(H5N1)	819	46
PB1|PP755595.1|A/cattle/Texas/24-008749-003/2024(H5N1)	820	46
PB1|PP755595.1|A/cattle/Texas/24-008749-003/2024(H5N1)	821	51
PB1|PP755595.1|A/cattle/Texas/24-008749-003/2024(H5N1)	822	50
PB1|PP755595.1|A/cattle/Texas/24-008749-003/2024(H5N1)	823	49
PB1|PP755595.1|A/cattle/Texas/24-008749-003/2024(H5N1)	824	46
PB1|PP755595.1|A/cattle/Texas/24-008749-003/2024(H5N1)	825	44
PB1|PP755595.1|A/cattle/Texas/24-008749-003/2024(H5N1)	826	48
PB1|PP755595.1|A/cattle/Texas/24-008749-003/2024(H5N1)	827	48
PB1|PP755595.1|A/cattle/Texas/24-008749-003/2024(H5N1)	828	48
PB1|PP755595.1|A/cattle/Texas/24-008749-003/2024(H5N1)	829	48
PB1|PP755595.1|A/cattle/Texas/24-008749-003/2024(H5N1)	830	48
PB1|PP755595.1|A/cattle/Texas/24-008749-003/2024(H5N1)	831	47
PB1|PP755595.1|A/cattle/Texas/24-008749-003/2024(H5N1)	832	49
PB1|PP755595.1|A/cattle/Texas/24-008749-003/2024(H5N1)	833	49
PB1|PP755595.1|A/cattle/Texas/24-008749-003/2024(H5N1)	834	49
PB1|PP755595.1|A/cattle/Texas/24-008749-003/2024(H5N1)	835	52
PB1|PP755595.1|A/cattle/Texas/24-008749-003/2024(H5N1)	836	52
PB1|PP755595.1|A/cattle/Texas/24-008749-003/2024(H5N1)	837	52
PB1|PP755595.1|A/cattle/Texas/24-008749-003/2024(H5N1)	838	52
PB1|PP755595.1|A/cattle/Texas/24-008749-003/2024(H5N1)	839	50
PB1|PP755595.1|A/cattle/Texas/24-008749-003/2024(H5N1)	840	49
PB1|PP755595.1|A/cattle/Texas/24-008749-003/2024(H5N1)	841	49
PB1|PP755595.1|A/cattle/Texas/24-008749-003/2024(H5N1)	842	49
PB1|PP755595.1|A/cattle/Texas/24-008749-003/2024(H5N1)	843	49
PB1|PP755595.1|A/cattle/Texas/24-008749-003/2024(H5N1)	844	49
PB1|PP755595.1|A/cattle/Texas/24-008749-003/2024(H5N1)	845	49
PB1|PP755595.1|A/cattle/Texas/24-008749-003/2024(H5N1)	846	51
PB1|PP755595.1|A/cattle/Texas/24-008749-003/2024(H5N1)	847	55
PB1|PP755595.1|A/cattle/Texas/24-008749-003/2024(H5N1)	848	55
PB1|PP755595.1|A/cattle/Texas/24-008749-003/2024(H5N1)	849	55
PB1|PP755595.1|A/cattle/Texas/24-008749-003/2024(H5N1)	850	56
PB1|PP755595.1|A/cattle/Texas/24-008749-003/2024(H5N1)	851	56
PB1|PP755595.1|A/cattle/Texas/24-008749-003/2024(H5N1)	852	56
PB1|PP755595.1|A/cattle/Texas/24-008749-003/2024(H5N1)	853	56
PB1|PP755595.1|A/cattle/Texas/24-008749-003/2024(H5N1)	854	60
PB1|PP755595.1|A/cattle/Texas/24-008749-003/2024(H5N1)	855	60
PB1|PP755595.1|A/cattle/Texas/24-008749-003/2024(H5N1)	856	60
PB1|PP755595.1|A/cattle/Texas/24-008749-003/2024(H5N1)	857	60
PB1|PP755595.1|A/cattle/Texas/24-008749-003/2024(H5N1)	858	60
PB1|PP755595.1|A/cattle/Texas/24-008749-003/2024(H5N1)	859	60
PB1|PP755595.1|A/cattle/Texas/24-008749-003/2024(H5N1)	860	62
PB1|PP755595.1|A/cattle/Texas/24-008749-003/2024(H5N1)	861	62
PB1|PP755595.1|A/cattle/Texas/24-008749-003/2024(H5N1)	862	62
PB1|PP755595.1|A/cattle/Texas/24-008749-003/2024(H5N1)	863	62
PB1|PP755595.1|A/cattle/Texas/24-008749-003/2024(H5N1)	864	65
PB1|PP755595.1|A/cattle/Texas/24-008749-003/2024(H5N1)	865	66
PB1|PP755595.1|A/cattle/Texas/24-008749-003/2024(H5N1)	866	67
PB1|PP755595.1|A/cattle/Texas/24-008749-003/2024(H5N1)	867	67
PB1|PP755595.1|A/cattle/Texas/24-008749-003/2024(H5N1)	868	67
PB1|PP755595.1|A/cattle/Texas/24-008749-003/2024(H5N1)	869	67
PB1|PP755595.1|A/cattle/Texas/24-008749-003/2024(H5N1)	870	68
PB1|PP755595.1|A/cattle/Texas/24-008749-003/2024(H5N1)	871	73
PB1|PP755595.1|A/cattle/Texas/24-008749-003/2024(H5N1)	872	72
PB1|PP755595.1|A/cattle/Texas/24-008749-003/2024(H5N1)	873	71
PB1|PP755595.1|A/cattle/Texas/24-008749-003/2024(H5N1)	874	71
PB1|PP755595.1|A/cattle/Texas/24-008749-003/2024(H5N1)	875	71
PB1|PP755595.1|A/cattle/Texas/24-008749-003/2024(H5N1)	876	68
PB1|PP755595.1|A/cattle/Texas/24-008749-003/2024(H5N1)	877	69
PB1|PP755595.1|A/cattle/Texas/24-008749-003/2024(H5N1)	878	73
PB1|PP755595.1|A/cattle/Texas/24-008749-003/2024(H5N1)	879	78
PB1|PP755595.1|A/cattle/Texas/24-008749-003/2024(H5N1)	880	90
PB1|PP755595.1|A/cattle/Texas/24-008749-003/2024(H5N1)	881	90
PB1|PP755595.1|A/cattle/Texas/24-008749-003/2024(H5N1)	882	90
PB1|PP755595.1|A/cattle/Texas/24-008749-003/2024(H5N1)	883	90
PB1|PP755595.1|A/cattle/Texas/24-008749-003/2024(H5N1)	884	108
PB1|PP755595.1|A/cattle/Texas/24-008749-003/2024(H5N1)	885	108
PB1|PP755595.1|A/cattle/Texas/24-008749-003/2024(H5N1)	886	109
PB1|PP755595.1|A/cattle/Texas/24-008749-003/2024(H5N1)	887	109
PB1|PP755595.1|A/cattle/Texas/24-008749-003/2024(H5N1)	888	110
PB1|PP755595.1|A/cattle/Texas/24-008749-003/2024(H5N1)	889	114
PB1|PP755595.1|A/cattle/Texas/24-008749-003/2024(H5N1)	890	114
PB1|PP755595.1|A/cattle/Texas/24-008749-003/2024(H5N1)	891	114
PB1|PP755595.1|A/cattle/Texas/24-008749-003/2024(H5N1)	892	114
PB1|PP755595.1|A/cattle/Texas/24-008749-003/2024(H5N1)	893	113
PB1|PP755595.1|A/cattle/Texas/24-008749-003/2024(H5N1)	894	114
PB1|PP755595.1|A/cattle/Texas/24-008749-003/2024(H5N1)	895	114
PB1|PP755595.1|A/cattle/Texas/24-008749-003/2024(H5N1)	896	114
PB1|PP755595.1|A/cattle/Texas/24-008749-003/2024(H5N1)	897	111
PB1|PP755595.1|A/cattle/Texas/24-008749-003/2024(H5N1)	898	111
PB1|PP755595.1|A/cattle/Texas/24-008749-003/2024(H5N1)	899	111
PB1|PP755595.1|A/cattle/Texas/24-008749-003/2024(H5N1)	900	112
PB1|PP755595.1|A/cattle/Texas/24-008749-003/2024(H5N1)	901	112
PB1|PP755595.1|A/cattle/Texas/24-008749-003/2024(H5N1)	902	112
PB1|PP755595.1|A/cattle/Texas/24-008749-003/2024(H5N1)	903	111
PB1|PP755595.1|A/cattle/Texas/24-008749-003/2024(H5N1)	904	110
PB1|PP755595.1|A/cattle/Texas/24-008749-003/2024(H5N1)	905	110
PB1|PP755595.1|A/cattle/Texas/24-008749-003/2024(H5N1)	906	108
PB1|PP755595.1|A/cattle/Texas/24-008749-003/2024(H5N1)	907	108
PB1|PP755595.1|A/cattle/Texas/24-008749-003/2024(H5N1)	908	108
PB1|PP755595.1|A/cattle/Texas/24-008749-003/2024(H5N1)	909	108
PB1|PP755595.1|A/cattle/Texas/24-008749-003/2024(H5N1)	910	109
PB1|PP755595.1|A/cattle/Texas/24-008749-003/2024(H5N1)	911	109
PB1|PP755595.1|A/cattle/Texas/24-008749-003/2024(H5N1)	912	111
PB1|PP755595.1|A/cattle/Texas/24-008749-003/2024(H5N1)	913	112
PB1|PP755595.1|A/cattle/Texas/24-008749-003/2024(H5N1)	914	114
PB1|PP755595.1|A/cattle/Texas/24-008749-003/2024(H5N1)	915	114
PB1|PP755595.1|A/cattle/Texas/24-008749-003/2024(H5N1)	916	114
PB1|PP755595.1|A/cattle/Texas/24-008749-003/2024(H5N1)	917	115
PB1|PP755595.1|A/cattle/Texas/24-008749-003/2024(H5N1)	918	124
PB1|PP755595.1|A/cattle/Texas/24-008749-003/2024(H5N1)	919	124
PB1|PP755595.1|A/cattle/Texas/24-008749-003/2024(H5N1)	920	124
PB1|PP755595.1|A/cattle/Texas/24-008749-003/2024(H5N1)	921	124
PB1|PP755595.1|A/cattle/Texas/24-008749-003/2024(H5N1)	922	124
PB1|PP755595.1|A/cattle/Texas/24-008749-003/2024(H5N1)	923	124
PB1|PP755595.1|A/cattle/Texas/24-008749-003/2024(H5N1)	924	125
PB1|PP755595.1|A/cattle/Texas/24-008749-003/2024(H5N1)	925	125
PB1|PP755595.1|A/cattle/Texas/24-008749-003/2024(H5N1)	926	125
PB1|PP755595.1|A/cattle/Texas/24-008749-003/2024(H5N1)	927	125
PB1|PP755595.1|A/cattle/Texas/24-008749-003/2024(H5N1)	928	125
PB1|PP755595.1|A/cattle/Texas/24-008749-003/2024(H5N1)	929	125
PB1|PP755595.1|A/cattle/Texas/24-008749-003/2024(H5N1)	930	125
PB1|PP755595.1|A/cattle/Texas/24-008749-003/2024(H5N1)	931	125
PB1|PP755595.1|A/cattle/Texas/24-008749-003/2024(H5N1)	932	125
PB1|PP755595.1|A/cattle/Texas/24-008749-003/2024(H5N1)	933	125
PB1|PP755595.1|A/cattle/Texas/24-008749-003/2024(H5N1)	934	129
PB1|PP755595.1|A/cattle/Texas/24-008749-003/2024(H5N1)	935	129
PB1|PP755595.1|A/cattle/Texas/24-008749-003/2024(H5N1)	936	121
PB1|PP755595.1|A/cattle/Texas/24-008749-003/2024(H5N1)	937	121
PB1|PP755595.1|A/cattle/Texas/24-008749-003/2024(H5N1)	938	121
PB1|PP755595.1|A/cattle/Texas/24-008749-003/2024(H5N1)	939	121
PB1|PP755595.1|A/cattle/Texas/24-008749-003/2024(H5N1)	940	123
PB1|PP755595.1|A/cattle/Texas/24-008749-003/2024(H5N1)	941	123
PB1|PP755595.1|A/cattle/Texas/24-008749-003/2024(H5N1)	942	123
PB1|PP755595.1|A/cattle/Texas/24-008749-003/2024(H5N1)	943	123
PB1|PP755595.1|A/cattle/Texas/24-008749-003/2024(H5N1)	944	123
PB1|PP755595.1|A/cattle/Texas/24-008749-003/2024(H5N1)	945	123
PB1|PP755595.1|A/cattle/Texas/24-008749-003/2024(H5N1)	946	125
PB1|PP755595.1|A/cattle/Texas/24-008749-003/2024(H5N1)	947	126
PB1|PP755595.1|A/cattle/Texas/24-008749-003/2024(H5N1)	948	126
PB1|PP755595.1|A/cattle/Texas/24-008749-003/2024(H5N1)	949	126
PB1|PP755595.1|A/cattle/Texas/24-008749-003/2024(H5N1)	950	126
PB1|PP755595.1|A/cattle/Texas/24-008749-003/2024(H5N1)	951	130
PB1|PP755595.1|A/cattle/Texas/24-008749-003/2024(H5N1)	952	130
PB1|PP755595.1|A/cattle/Texas/24-008749-003/2024(H5N1)	953	130
PB1|PP755595.1|A/cattle/Texas/24-008749-003/2024(H5N1)	954	126
PB1|PP755595.1|A/cattle/Texas/24-008749-003/2024(H5N1)	955	126
PB1|PP755595.1|A/cattle/Texas/24-008749-003/2024(H5N1)	956	126
PB1|PP755595.1|A/cattle/Texas/24-008749-003/2024(H5N1)	957	126
PB1|PP755595.1|A/cattle/Texas/24-008749-003/2024(H5N1)	958	126
PB1|PP755595.1|A/cattle/Texas/24-008749-003/2024(H5N1)	959	126
PB1|PP755595.1|A/cattle/Texas/24-008749-003/2024(H5N1)	960	126
PB1|PP755595.1|A/cattle/Texas/24-008749-003/2024(H5N1)	961	126
PB1|PP755595.1|A/cattle/Texas/24-008749-003/2024(H5N1)	962	129
PB1|PP755595.1|A/cattle/Texas/24-008749-003/2024(H5N1)	963	131
PB1|PP755595.1|A/cattle/Texas/24-008749-003/2024(H5N1)	964	129
PB1|PP755595.1|A/cattle/Texas/24-008749-003/2024(H5N1)	965	129
PB1|PP755595.1|A/cattle/Texas/24-008749-003/2024(H5N1)	966	128
PB1|PP755595.1|A/cattle/Texas/24-008749-003/2024(H5N1)	967	128
PB1|PP755595.1|A/cattle/Texas/24-008749-003/2024(H5N1)	968	128
PB1|PP755595.1|A/cattle/Texas/24-008749-003/2024(H5N1)	969	128
PB1|PP755595.1|A/cattle/Texas/24-008749-003/2024(H5N1)	970	128
PB1|PP755595.1|A/cattle/Texas/24-008749-003/2024(H5N1)	971	123
PB1|PP755595.1|A/cattle/Texas/24-008749-003/2024(H5N1)	972	118
PB1|PP755595.1|A/cattle/Texas/24-008749-003/2024(H5N1)	973	118
PB1|PP755595.1|A/cattle/Texas/24-008749-003/2024(H5N1)	974	118
PB1|PP755595.1|A/cattle/Texas/24-008749-003/2024(H5N1)	975	118
PB1|PP755595.1|A/cattle/Texas/24-008749-003/2024(H5N1)	976	122
PB1|PP755595.1|A/cattle/Texas/24-008749-003/2024(H5N1)	977	122
PB1|PP755595.1|A/cattle/Texas/24-008749-003/2024(H5N1)	978	122
PB1|PP755595.1|A/cattle/Texas/24-008749-003/2024(H5N1)	979	122
PB1|PP755595.1|A/cattle/Texas/24-008749-003/2024(H5N1)	980	122
PB1|PP755595.1|A/cattle/Texas/24-008749-003/2024(H5N1)	981	120
PB1|PP755595.1|A/cattle/Texas/24-008749-003/2024(H5N1)	982	124
PB1|PP755595.1|A/cattle/Texas/24-008749-003/2024(H5N1)	983	124
PB1|PP755595.1|A/cattle/Texas/24-008749-003/2024(H5N1)	984	124
PB1|PP755595.1|A/cattle/Texas/24-008749-003/2024(H5N1)	985	121
PB1|PP755595.1|A/cattle/Texas/24-008749-003/2024(H5N1)	986	121
PB1|PP755595.1|A/cattle/Texas/24-008749-003/2024(H5N1)	987	120
PB1|PP755595.1|A/cattle/Texas/24-008749-003/2024(H5N1)	988	124
PB1|PP755595.1|A/cattle/Texas/24-008749-003/2024(H5N1)	989	124
PB1|PP755595.1|A/cattle/Texas/24-008749-003/2024(H5N1)	990	119
PB1|PP755595.1|A/cattle/Texas/24-008749-003/2024(H5N1)	991	119
PB1|PP755595.1|A/cattle/Texas/24-008749-003/2024(H5N1)	992	119
PB1|PP755595.1|A/cattle/Texas/24-008749-003/2024(H5N1)	993	119
PB1|PP755595.1|A/cattle/Texas/24-008749-003/2024(H5N1)	994	118
PB1|PP755595.1|A/cattle/Texas/24-008749-003/2024(H5N1)	995	117
PB1|PP755595.1|A/cattle/Texas/24-008749-003/2024(H5N1)	996	117
PB1|PP755595.1|A/cattle/Texas/24-008749-003/2024(H5N1)	997	117
PB1|PP755595.1|A/cattle/Texas/24-008749-003/2024(H5N1)	998	117
PB1|PP755595.1|A/cattle/Texas/24-008749-003/2024(H5N1)	999	115
PB1|PP755595.1|A/cattle/Texas/24-008749-003/2024(H5N1)	1000	115
PB1|PP755595.1|A/cattle/Texas/24-008749-003/2024(H5N1)	1001	114
PB1|PP755595.1|A/cattle/Texas/24-008749-003/2024(H5N1)	1002	114
PB1|PP755595.1|A/cattle/Texas/24-008749-003/2024(H5N1)	1003	121
PB1|PP755595.1|A/cattle/Texas/24-008749-003/2024(H5N1)	1004	121
PB1|PP755595.1|A/cattle/Texas/24-008749-003/2024(H5N1)	1005	117
PB1|PP755595.1|A/cattle/Texas/24-008749-003/2024(H5N1)	1006	117
PB1|PP755595.1|A/cattle/Texas/24-008749-003/2024(H5N1)	1007	117
PB1|PP755595.1|A/cattle/Texas/24-008749-003/2024(H5N1)	1008	117
PB1|PP755595.1|A/cattle/Texas/24-008749-003/2024(H5N1)	1009	124
PB1|PP755595.1|A/cattle/Texas/24-008749-003/2024(H5N1)	1010	124
PB1|PP755595.1|A/cattle/Texas/24-008749-003/2024(H5N1)	1011	122
PB1|PP755595.1|A/cattle/Texas/24-008749-003/2024(H5N1)	1012	122
PB1|PP755595.1|A/cattle/Texas/24-008749-003/2024(H5N1)	1013	122
PB1|PP755595.1|A/cattle/Texas/24-008749-003/2024(H5N1)	1014	122
PB1|PP755595.1|A/cattle/Texas/24-008749-003/2024(H5N1)	1015	122
PB1|PP755595.1|A/cattle/Texas/24-008749-003/2024(H5N1)	1016	122
PB1|PP755595.1|A/cattle/Texas/24-008749-003/2024(H5N1)	1017	119
PB1|PP755595.1|A/cattle/Texas/24-008749-003/2024(H5N1)	1018	119
PB1|PP755595.1|A/cattle/Texas/24-008749-003/2024(H5N1)	1019	119
PB1|PP755595.1|A/cattle/Texas/24-008749-003/2024(H5N1)	1020	118
PB1|PP755595.1|A/cattle/Texas/24-008749-003/2024(H5N1)	1021	126
PB1|PP755595.1|A/cattle/Texas/24-008749-003/2024(H5N1)	1022	122
PB1|PP755595.1|A/cattle/Texas/24-008749-003/2024(H5N1)	1023	122
PB1|PP755595.1|A/cattle/Texas/24-008749-003/2024(H5N1)	1024	123
PB1|PP755595.1|A/cattle/Texas/24-008749-003/2024(H5N1)	1025	123
PB1|PP755595.1|A/cattle/Texas/24-008749-003/2024(H5N1)	1026	120
PB1|PP755595.1|A/cattle/Texas/24-008749-003/2024(H5N1)	1027	119
PB1|PP755595.1|A/cattle/Texas/24-008749-003/2024(H5N1)	1028	118
PB1|PP755595.1|A/cattle/Texas/24-008749-003/2024(H5N1)	1029	114
PB1|PP755595.1|A/cattle/Texas/24-008749-003/2024(H5N1)	1030	109
PB1|PP755595.1|A/cattle/Texas/24-008749-003/2024(H5N1)	1031	101
PB1|PP755595.1|A/cattle/Texas/24-008749-003/2024(H5N1)	1032	101
PB1|PP755595.1|A/cattle/Texas/24-008749-003/2024(H5N1)	1033	97
PB1|PP755595.1|A/cattle/Texas/24-008749-003/2024(H5N1)	1034	87
PB1|PP755595.1|A/cattle/Texas/24-008749-003/2024(H5N1)	1035	86
PB1|PP755595.1|A/cattle/Texas/24-008749-003/2024(H5N1)	1036	87
PB1|PP755595.1|A/cattle/Texas/24-008749-003/2024(H5N1)	1037	87
PB1|PP755595.1|A/cattle/Texas/24-008749-003/2024(H5N1)	1038	87
PB1|PP755595.1|A/cattle/Texas/24-008749-003/2024(H5N1)	1039	87
PB1|PP755595.1|A/cattle/Texas/24-008749-003/2024(H5N1)	1040	84
PB1|PP755595.1|A/cattle/Texas/24-008749-003/2024(H5N1)	1041	84
PB1|PP755595.1|A/cattle/Texas/24-008749-003/2024(H5N1)	1042	84
PB1|PP755595.1|A/cattle/Texas/24-008749-003/2024(H5N1)	1043	84
PB1|PP755595.1|A/cattle/Texas/24-008749-003/2024(H5N1)	1044	84
PB1|PP755595.1|A/cattle/Texas/24-008749-003/2024(H5N1)	1045	84
PB1|PP755595.1|A/cattle/Texas/24-008749-003/2024(H5N1)	1046	83
PB1|PP755595.1|A/cattle/Texas/24-008749-003/2024(H5N1)	1047	76
PB1|PP755595.1|A/cattle/Texas/24-008749-003/2024(H5N1)	1048	76
PB1|PP755595.1|A/cattle/Texas/24-008749-003/2024(H5N1)	1049	76
PB1|PP755595.1|A/cattle/Texas/24-008749-003/2024(H5N1)	1050	76
PB1|PP755595.1|A/cattle/Texas/24-008749-003/2024(H5N1)	1051	76
PB1|PP755595.1|A/cattle/Texas/24-008749-003/2024(H5N1)	1052	76
PB1|PP755595.1|A/cattle/Texas/24-008749-003/2024(H5N1)	1053	75
PB1|PP755595.1|A/cattle/Texas/24-008749-003/2024(H5N1)	1054	75
PB1|PP755595.1|A/cattle/Texas/24-008749-003/2024(H5N1)	1055	75
PB1|PP755595.1|A/cattle/Texas/24-008749-003/2024(H5N1)	1056	75
PB1|PP755595.1|A/cattle/Texas/24-008749-003/2024(H5N1)	1057	85
PB1|PP755595.1|A/cattle/Texas/24-008749-003/2024(H5N1)	1058	85
PB1|PP755595.1|A/cattle/Texas/24-008749-003/2024(H5N1)	1059	85
PB1|PP755595.1|A/cattle/Texas/24-008749-003/2024(H5N1)	1060	85
PB1|PP755595.1|A/cattle/Texas/24-008749-003/2024(H5N1)	1061	86
PB1|PP755595.1|A/cattle/Texas/24-008749-003/2024(H5N1)	1062	86
PB1|PP755595.1|A/cattle/Texas/24-008749-003/2024(H5N1)	1063	89
PB1|PP755595.1|A/cattle/Texas/24-008749-003/2024(H5N1)	1064	89
PB1|PP755595.1|A/cattle/Texas/24-008749-003/2024(H5N1)	1065	89
PB1|PP755595.1|A/cattle/Texas/24-008749-003/2024(H5N1)	1066	90
PB1|PP755595.1|A/cattle/Texas/24-008749-003/2024(H5N1)	1067	90
PB1|PP755595.1|A/cattle/Texas/24-008749-003/2024(H5N1)	1068	89
PB1|PP755595.1|A/cattle/Texas/24-008749-003/2024(H5N1)	1069	79
PB1|PP755595.1|A/cattle/Texas/24-008749-003/2024(H5N1)	1070	79
PB1|PP755595.1|A/cattle/Texas/24-008749-003/2024(H5N1)	1071	79
PB1|PP755595.1|A/cattle/Texas/24-008749-003/2024(H5N1)	1072	85
PB1|PP755595.1|A/cattle/Texas/24-008749-003/2024(H5N1)	1073	86
PB1|PP755595.1|A/cattle/Texas/24-008749-003/2024(H5N1)	1074	86
PB1|PP755595.1|A/cattle/Texas/24-008749-003/2024(H5N1)	1075	86
PB1|PP755595.1|A/cattle/Texas/24-008749-003/2024(H5N1)	1076	87
PB1|PP755595.1|A/cattle/Texas/24-008749-003/2024(H5N1)	1077	87
PB1|PP755595.1|A/cattle/Texas/24-008749-003/2024(H5N1)	1078	87
PB1|PP755595.1|A/cattle/Texas/24-008749-003/2024(H5N1)	1079	87
PB1|PP755595.1|A/cattle/Texas/24-008749-003/2024(H5N1)	1080	87
PB1|PP755595.1|A/cattle/Texas/24-008749-003/2024(H5N1)	1081	87
PB1|PP755595.1|A/cattle/Texas/24-008749-003/2024(H5N1)	1082	90
PB1|PP755595.1|A/cattle/Texas/24-008749-003/2024(H5N1)	1083	88
PB1|PP755595.1|A/cattle/Texas/24-008749-003/2024(H5N1)	1084	88
PB1|PP755595.1|A/cattle/Texas/24-008749-003/2024(H5N1)	1085	85
PB1|PP755595.1|A/cattle/Texas/24-008749-003/2024(H5N1)	1086	83
PB1|PP755595.1|A/cattle/Texas/24-008749-003/2024(H5N1)	1087	82
PB1|PP755595.1|A/cattle/Texas/24-008749-003/2024(H5N1)	1088	82
PB1|PP755595.1|A/cattle/Texas/24-008749-003/2024(H5N1)	1089	82
PB1|PP755595.1|A/cattle/Texas/24-008749-003/2024(H5N1)	1090	79
PB1|PP755595.1|A/cattle/Texas/24-008749-003/2024(H5N1)	1091	79
PB1|PP755595.1|A/cattle/Texas/24-008749-003/2024(H5N1)	1092	79
PB1|PP755595.1|A/cattle/Texas/24-008749-003/2024(H5N1)	1093	79
PB1|PP755595.1|A/cattle/Texas/24-008749-003/2024(H5N1)	1094	79
PB1|PP755595.1|A/cattle/Texas/24-008749-003/2024(H5N1)	1095	79
PB1|PP755595.1|A/cattle/Texas/24-008749-003/2024(H5N1)	1096	88
PB1|PP755595.1|A/cattle/Texas/24-008749-003/2024(H5N1)	1097	93
PB1|PP755595.1|A/cattle/Texas/24-008749-003/2024(H5N1)	1098	96
PB1|PP755595.1|A/cattle/Texas/24-008749-003/2024(H5N1)	1099	96
PB1|PP755595.1|A/cattle/Texas/24-008749-003/2024(H5N1)	1100	100
PB1|PP755595.1|A/cattle/Texas/24-008749-003/2024(H5N1)	1101	100
PB1|PP755595.1|A/cattle/Texas/24-008749-003/2024(H5N1)	1102	98
PB1|PP755595.1|A/cattle/Texas/24-008749-003/2024(H5N1)	1103	99
PB1|PP755595.1|A/cattle/Texas/24-008749-003/2024(H5N1)	1104	99
PB1|PP755595.1|A/cattle/Texas/24-008749-003/2024(H5N1)	1105	99
PB1|PP755595.1|A/cattle/Texas/24-008749-003/2024(H5N1)	1106	98
PB1|PP755595.1|A/cattle/Texas/24-008749-003/2024(H5N1)	1107	98
PB1|PP755595.1|A/cattle/Texas/24-008749-003/2024(H5N1)	1108	99
PB1|PP755595.1|A/cattle/Texas/24-008749-003/2024(H5N1)	1109	100
PB1|PP755595.1|A/cattle/Texas/24-008749-003/2024(H5N1)	1110	100
PB1|PP755595.1|A/cattle/Texas/24-008749-003/2024(H5N1)	1111	100
PB1|PP755595.1|A/cattle/Texas/24-008749-003/2024(H5N1)	1112	100
PB1|PP755595.1|A/cattle/Texas/24-008749-003/2024(H5N1)	1113	97
PB1|PP755595.1|A/cattle/Texas/24-008749-003/2024(H5N1)	1114	95
PB1|PP755595.1|A/cattle/Texas/24-008749-003/2024(H5N1)	1115	93
PB1|PP755595.1|A/cattle/Texas/24-008749-003/2024(H5N1)	1116	93
PB1|PP755595.1|A/cattle/Texas/24-008749-003/2024(H5N1)	1117	93
PB1|PP755595.1|A/cattle/Texas/24-008749-003/2024(H5N1)	1118	91
PB1|PP755595.1|A/cattle/Texas/24-008749-003/2024(H5N1)	1119	76
PB1|PP755595.1|A/cattle/Texas/24-008749-003/2024(H5N1)	1120	76
PB1|PP755595.1|A/cattle/Texas/24-008749-003/2024(H5N1)	1121	76
PB1|PP755595.1|A/cattle/Texas/24-008749-003/2024(H5N1)	1122	76
PB1|PP755595.1|A/cattle/Texas/24-008749-003/2024(H5N1)	1123	76
PB1|PP755595.1|A/cattle/Texas/24-008749-003/2024(H5N1)	1124	76
PB1|PP755595.1|A/cattle/Texas/24-008749-003/2024(H5N1)	1125	76
PB1|PP755595.1|A/cattle/Texas/24-008749-003/2024(H5N1)	1126	76
PB1|PP755595.1|A/cattle/Texas/24-008749-003/2024(H5N1)	1127	76
PB1|PP755595.1|A/cattle/Texas/24-008749-003/2024(H5N1)	1128	76
PB1|PP755595.1|A/cattle/Texas/24-008749-003/2024(H5N1)	1129	76
PB1|PP755595.1|A/cattle/Texas/24-008749-003/2024(H5N1)	1130	76
PB1|PP755595.1|A/cattle/Texas/24-008749-003/2024(H5N1)	1131	76
PB1|PP755595.1|A/cattle/Texas/24-008749-003/2024(H5N1)	1132	76
PB1|PP755595.1|A/cattle/Texas/24-008749-003/2024(H5N1)	1133	76
PB1|PP755595.1|A/cattle/Texas/24-008749-003/2024(H5N1)	1134	76
PB1|PP755595.1|A/cattle/Texas/24-008749-003/2024(H5N1)	1135	121
PB1|PP755595.1|A/cattle/Texas/24-008749-003/2024(H5N1)	1136	121
PB1|PP755595.1|A/cattle/Texas/24-008749-003/2024(H5N1)	1137	121
PB1|PP755595.1|A/cattle/Texas/24-008749-003/2024(H5N1)	1138	123
PB1|PP755595.1|A/cattle/Texas/24-008749-003/2024(H5N1)	1139	124
PB1|PP755595.1|A/cattle/Texas/24-008749-003/2024(H5N1)	1140	125
PB1|PP755595.1|A/cattle/Texas/24-008749-003/2024(H5N1)	1141	125
PB1|PP755595.1|A/cattle/Texas/24-008749-003/2024(H5N1)	1142	125
PB1|PP755595.1|A/cattle/Texas/24-008749-003/2024(H5N1)	1143	125
PB1|PP755595.1|A/cattle/Texas/24-008749-003/2024(H5N1)	1144	125
PB1|PP755595.1|A/cattle/Texas/24-008749-003/2024(H5N1)	1145	126
PB1|PP755595.1|A/cattle/Texas/24-008749-003/2024(H5N1)	1146	126
PB1|PP755595.1|A/cattle/Texas/24-008749-003/2024(H5N1)	1147	126
PB1|PP755595.1|A/cattle/Texas/24-008749-003/2024(H5N1)	1148	126
PB1|PP755595.1|A/cattle/Texas/24-008749-003/2024(H5N1)	1149	126
PB1|PP755595.1|A/cattle/Texas/24-008749-003/2024(H5N1)	1150	126
PB1|PP755595.1|A/cattle/Texas/24-008749-003/2024(H5N1)	1151	126
PB1|PP755595.1|A/cattle/Texas/24-008749-003/2024(H5N1)	1152	126
PB1|PP755595.1|A/cattle/Texas/24-008749-003/2024(H5N1)	1153	126
PB1|PP755595.1|A/cattle/Texas/24-008749-003/2024(H5N1)	1154	126
PB1|PP755595.1|A/cattle/Texas/24-008749-003/2024(H5N1)	1155	126
PB1|PP755595.1|A/cattle/Texas/24-008749-003/2024(H5N1)	1156	124
PB1|PP755595.1|A/cattle/Texas/24-008749-003/2024(H5N1)	1157	120
PB1|PP755595.1|A/cattle/Texas/24-008749-003/2024(H5N1)	1158	122
PB1|PP755595.1|A/cattle/Texas/24-008749-003/2024(H5N1)	1159	122
PB1|PP755595.1|A/cattle/Texas/24-008749-003/2024(H5N1)	1160	122
PB1|PP755595.1|A/cattle/Texas/24-008749-003/2024(H5N1)	1161	122
PB1|PP755595.1|A/cattle/Texas/24-008749-003/2024(H5N1)	1162	123
PB1|PP755595.1|A/cattle/Texas/24-008749-003/2024(H5N1)	1163	124
PB1|PP755595.1|A/cattle/Texas/24-008749-003/2024(H5N1)	1164	120
PB1|PP755595.1|A/cattle/Texas/24-008749-003/2024(H5N1)	1165	120
PB1|PP755595.1|A/cattle/Texas/24-008749-003/2024(H5N1)	1166	120
PB1|PP755595.1|A/cattle/Texas/24-008749-003/2024(H5N1)	1167	105
PB1|PP755595.1|A/cattle/Texas/24-008749-003/2024(H5N1)	1168	105
PB1|PP755595.1|A/cattle/Texas/24-008749-003/2024(H5N1)	1169	105
PB1|PP755595.1|A/cattle/Texas/24-008749-003/2024(H5N1)	1170	105
PB1|PP755595.1|A/cattle/Texas/24-008749-003/2024(H5N1)	1171	106
PB1|PP755595.1|A/cattle/Texas/24-008749-003/2024(H5N1)	1172	106
PB1|PP755595.1|A/cattle/Texas/24-008749-003/2024(H5N1)	1173	107
PB1|PP755595.1|A/cattle/Texas/24-008749-003/2024(H5N1)	1174	114
PB1|PP755595.1|A/cattle/Texas/24-008749-003/2024(H5N1)	1175	114
PB1|PP755595.1|A/cattle/Texas/24-008749-003/2024(H5N1)	1176	115
PB1|PP755595.1|A/cattle/Texas/24-008749-003/2024(H5N1)	1177	115
PB1|PP755595.1|A/cattle/Texas/24-008749-003/2024(H5N1)	1178	118
PB1|PP755595.1|A/cattle/Texas/24-008749-003/2024(H5N1)	1179	119
PB1|PP755595.1|A/cattle/Texas/24-008749-003/2024(H5N1)	1180	120
PB1|PP755595.1|A/cattle/Texas/24-008749-003/2024(H5N1)	1181	121
PB1|PP755595.1|A/cattle/Texas/24-008749-003/2024(H5N1)	1182	122
PB1|PP755595.1|A/cattle/Texas/24-008749-003/2024(H5N1)	1183	125
PB1|PP755595.1|A/cattle/Texas/24-008749-003/2024(H5N1)	1184	127
PB1|PP755595.1|A/cattle/Texas/24-008749-003/2024(H5N1)	1185	128
PB1|PP755595.1|A/cattle/Texas/24-008749-003/2024(H5N1)	1186	131
PB1|PP755595.1|A/cattle/Texas/24-008749-003/2024(H5N1)	1187	131
PB1|PP755595.1|A/cattle/Texas/24-008749-003/2024(H5N1)	1188	132
PB1|PP755595.1|A/cattle/Texas/24-008749-003/2024(H5N1)	1189	132
PB1|PP755595.1|A/cattle/Texas/24-008749-003/2024(H5N1)	1190	132
PB1|PP755595.1|A/cattle/Texas/24-008749-003/2024(H5N1)	1191	133
PB1|PP755595.1|A/cattle/Texas/24-008749-003/2024(H5N1)	1192	134
PB1|PP755595.1|A/cattle/Texas/24-008749-003/2024(H5N1)	1193	131
PB1|PP755595.1|A/cattle/Texas/24-008749-003/2024(H5N1)	1194	131
PB1|PP755595.1|A/cattle/Texas/24-008749-003/2024(H5N1)	1195	130
PB1|PP755595.1|A/cattle/Texas/24-008749-003/2024(H5N1)	1196	130
PB1|PP755595.1|A/cattle/Texas/24-008749-003/2024(H5N1)	1197	127
PB1|PP755595.1|A/cattle/Texas/24-008749-003/2024(H5N1)	1198	127
PB1|PP755595.1|A/cattle/Texas/24-008749-003/2024(H5N1)	1199	128
PB1|PP755595.1|A/cattle/Texas/24-008749-003/2024(H5N1)	1200	128
PB1|PP755595.1|A/cattle/Texas/24-008749-003/2024(H5N1)	1201	137
PB1|PP755595.1|A/cattle/Texas/24-008749-003/2024(H5N1)	1202	140
PB1|PP755595.1|A/cattle/Texas/24-008749-003/2024(H5N1)	1203	142
PB1|PP755595.1|A/cattle/Texas/24-008749-003/2024(H5N1)	1204	142
PB1|PP755595.1|A/cattle/Texas/24-008749-003/2024(H5N1)	1205	145
PB1|PP755595.1|A/cattle/Texas/24-008749-003/2024(H5N1)	1206	146
PB1|PP755595.1|A/cattle/Texas/24-008749-003/2024(H5N1)	1207	148
PB1|PP755595.1|A/cattle/Texas/24-008749-003/2024(H5N1)	1208	148
PB1|PP755595.1|A/cattle/Texas/24-008749-003/2024(H5N1)	1209	142
PB1|PP755595.1|A/cattle/Texas/24-008749-003/2024(H5N1)	1210	142
PB1|PP755595.1|A/cattle/Texas/24-008749-003/2024(H5N1)	1211	156
PB1|PP755595.1|A/cattle/Texas/24-008749-003/2024(H5N1)	1212	158
PB1|PP755595.1|A/cattle/Texas/24-008749-003/2024(H5N1)	1213	160
PB1|PP755595.1|A/cattle/Texas/24-008749-003/2024(H5N1)	1214	160
PB1|PP755595.1|A/cattle/Texas/24-008749-003/2024(H5N1)	1215	160
PB1|PP755595.1|A/cattle/Texas/24-008749-003/2024(H5N1)	1216	160
PB1|PP755595.1|A/cattle/Texas/24-008749-003/2024(H5N1)	1217	160
PB1|PP755595.1|A/cattle/Texas/24-008749-003/2024(H5N1)	1218	160
PB1|PP755595.1|A/cattle/Texas/24-008749-003/2024(H5N1)	1219	160
PB1|PP755595.1|A/cattle/Texas/24-008749-003/2024(H5N1)	1220	158
PB1|PP755595.1|A/cattle/Texas/24-008749-003/2024(H5N1)	1221	158
PB1|PP755595.1|A/cattle/Texas/24-008749-003/2024(H5N1)	1222	161
PB1|PP755595.1|A/cattle/Texas/24-008749-003/2024(H5N1)	1223	160
PB1|PP755595.1|A/cattle/Texas/24-008749-003/2024(H5N1)	1224	160
PB1|PP755595.1|A/cattle/Texas/24-008749-003/2024(H5N1)	1225	160
PB1|PP755595.1|A/cattle/Texas/24-008749-003/2024(H5N1)	1226	160
PB1|PP755595.1|A/cattle/Texas/24-008749-003/2024(H5N1)	1227	159
PB1|PP755595.1|A/cattle/Texas/24-008749-003/2024(H5N1)	1228	161
PB1|PP755595.1|A/cattle/Texas/24-008749-003/2024(H5N1)	1229	162
PB1|PP755595.1|A/cattle/Texas/24-008749-003/2024(H5N1)	1230	162
PB1|PP755595.1|A/cattle/Texas/24-008749-003/2024(H5N1)	1231	162
PB1|PP755595.1|A/cattle/Texas/24-008749-003/2024(H5N1)	1232	161
PB1|PP755595.1|A/cattle/Texas/24-008749-003/2024(H5N1)	1233	163
PB1|PP755595.1|A/cattle/Texas/24-008749-003/2024(H5N1)	1234	163
PB1|PP755595.1|A/cattle/Texas/24-008749-003/2024(H5N1)	1235	163
PB1|PP755595.1|A/cattle/Texas/24-008749-003/2024(H5N1)	1236	163
PB1|PP755595.1|A/cattle/Texas/24-008749-003/2024(H5N1)	1237	161
PB1|PP755595.1|A/cattle/Texas/24-008749-003/2024(H5N1)	1238	161
PB1|PP755595.1|A/cattle/Texas/24-008749-003/2024(H5N1)	1239	161
PB1|PP755595.1|A/cattle/Texas/24-008749-003/2024(H5N1)	1240	161
PB1|PP755595.1|A/cattle/Texas/24-008749-003/2024(H5N1)	1241	161
PB1|PP755595.1|A/cattle/Texas/24-008749-003/2024(H5N1)	1242	164
PB1|PP755595.1|A/cattle/Texas/24-008749-003/2024(H5N1)	1243	167
PB1|PP755595.1|A/cattle/Texas/24-008749-003/2024(H5N1)	1244	166
PB1|PP755595.1|A/cattle/Texas/24-008749-003/2024(H5N1)	1245	169
PB1|PP755595.1|A/cattle/Texas/24-008749-003/2024(H5N1)	1246	169
PB1|PP755595.1|A/cattle/Texas/24-008749-003/2024(H5N1)	1247	181
PB1|PP755595.1|A/cattle/Texas/24-008749-003/2024(H5N1)	1248	176
PB1|PP755595.1|A/cattle/Texas/24-008749-003/2024(H5N1)	1249	173
PB1|PP755595.1|A/cattle/Texas/24-008749-003/2024(H5N1)	1250	173
PB1|PP755595.1|A/cattle/Texas/24-008749-003/2024(H5N1)	1251	169
PB1|PP755595.1|A/cattle/Texas/24-008749-003/2024(H5N1)	1252	169
PB1|PP755595.1|A/cattle/Texas/24-008749-003/2024(H5N1)	1253	169
PB1|PP755595.1|A/cattle/Texas/24-008749-003/2024(H5N1)	1254	134
PB1|PP755595.1|A/cattle/Texas/24-008749-003/2024(H5N1)	1255	134
PB1|PP755595.1|A/cattle/Texas/24-008749-003/2024(H5N1)	1256	137
PB1|PP755595.1|A/cattle/Texas/24-008749-003/2024(H5N1)	1257	137
PB1|PP755595.1|A/cattle/Texas/24-008749-003/2024(H5N1)	1258	159
PB1|PP755595.1|A/cattle/Texas/24-008749-003/2024(H5N1)	1259	159
PB1|PP755595.1|A/cattle/Texas/24-008749-003/2024(H5N1)	1260	159
PB1|PP755595.1|A/cattle/Texas/24-008749-003/2024(H5N1)	1261	159
PB1|PP755595.1|A/cattle/Texas/24-008749-003/2024(H5N1)	1262	159
PB1|PP755595.1|A/cattle/Texas/24-008749-003/2024(H5N1)	1263	159
PB1|PP755595.1|A/cattle/Texas/24-008749-003/2024(H5N1)	1264	164
PB1|PP755595.1|A/cattle/Texas/24-008749-003/2024(H5N1)	1265	164
PB1|PP755595.1|A/cattle/Texas/24-008749-003/2024(H5N1)	1266	164
PB1|PP755595.1|A/cattle/Texas/24-008749-003/2024(H5N1)	1267	170
PB1|PP755595.1|A/cattle/Texas/24-008749-003/2024(H5N1)	1268	170
PB1|PP755595.1|A/cattle/Texas/24-008749-003/2024(H5N1)	1269	174
PB1|PP755595.1|A/cattle/Texas/24-008749-003/2024(H5N1)	1270	177
PB1|PP755595.1|A/cattle/Texas/24-008749-003/2024(H5N1)	1271	177
PB1|PP755595.1|A/cattle/Texas/24-008749-003/2024(H5N1)	1272	178
PB1|PP755595.1|A/cattle/Texas/24-008749-003/2024(H5N1)	1273	178
PB1|PP755595.1|A/cattle/Texas/24-008749-003/2024(H5N1)	1274	180
PB1|PP755595.1|A/cattle/Texas/24-008749-003/2024(H5N1)	1275	180
PB1|PP755595.1|A/cattle/Texas/24-008749-003/2024(H5N1)	1276	168
PB1|PP755595.1|A/cattle/Texas/24-008749-003/2024(H5N1)	1277	167
PB1|PP755595.1|A/cattle/Texas/24-008749-003/2024(H5N1)	1278	169
PB1|PP755595.1|A/cattle/Texas/24-008749-003/2024(H5N1)	1279	169
PB1|PP755595.1|A/cattle/Texas/24-008749-003/2024(H5N1)	1280	175
PB1|PP755595.1|A/cattle/Texas/24-008749-003/2024(H5N1)	1281	175
PB1|PP755595.1|A/cattle/Texas/24-008749-003/2024(H5N1)	1282	175
PB1|PP755595.1|A/cattle/Texas/24-008749-003/2024(H5N1)	1283	176
PB1|PP755595.1|A/cattle/Texas/24-008749-003/2024(H5N1)	1284	176
PB1|PP755595.1|A/cattle/Texas/24-008749-003/2024(H5N1)	1285	177
PB1|PP755595.1|A/cattle/Texas/24-008749-003/2024(H5N1)	1286	177
PB1|PP755595.1|A/cattle/Texas/24-008749-003/2024(H5N1)	1287	178
PB1|PP755595.1|A/cattle/Texas/24-008749-003/2024(H5N1)	1288	180
PB1|PP755595.1|A/cattle/Texas/24-008749-003/2024(H5N1)	1289	178
PB1|PP755595.1|A/cattle/Texas/24-008749-003/2024(H5N1)	1290	178
PB1|PP755595.1|A/cattle/Texas/24-008749-003/2024(H5N1)	1291	178
PB1|PP755595.1|A/cattle/Texas/24-008749-003/2024(H5N1)	1292	178
PB1|PP755595.1|A/cattle/Texas/24-008749-003/2024(H5N1)	1293	181
PB1|PP755595.1|A/cattle/Texas/24-008749-003/2024(H5N1)	1294	181
PB1|PP755595.1|A/cattle/Texas/24-008749-003/2024(H5N1)	1295	183
PB1|PP755595.1|A/cattle/Texas/24-008749-003/2024(H5N1)	1296	182
PB1|PP755595.1|A/cattle/Texas/24-008749-003/2024(H5N1)	1297	182
PB1|PP755595.1|A/cattle/Texas/24-008749-003/2024(H5N1)	1298	182
PB1|PP755595.1|A/cattle/Texas/24-008749-003/2024(H5N1)	1299	182
PB1|PP755595.1|A/cattle/Texas/24-008749-003/2024(H5N1)	1300	188
PB1|PP755595.1|A/cattle/Texas/24-008749-003/2024(H5N1)	1301	191
PB1|PP755595.1|A/cattle/Texas/24-008749-003/2024(H5N1)	1302	191
PB1|PP755595.1|A/cattle/Texas/24-008749-003/2024(H5N1)	1303	195
PB1|PP755595.1|A/cattle/Texas/24-008749-003/2024(H5N1)	1304	195
PB1|PP755595.1|A/cattle/Texas/24-008749-003/2024(H5N1)	1305	197
PB1|PP755595.1|A/cattle/Texas/24-008749-003/2024(H5N1)	1306	200
PB1|PP755595.1|A/cattle/Texas/24-008749-003/2024(H5N1)	1307	201
PB1|PP755595.1|A/cattle/Texas/24-008749-003/2024(H5N1)	1308	202
PB1|PP755595.1|A/cattle/Texas/24-008749-003/2024(H5N1)	1309	195
PB1|PP755595.1|A/cattle/Texas/24-008749-003/2024(H5N1)	1310	197
PB1|PP755595.1|A/cattle/Texas/24-008749-003/2024(H5N1)	1311	197
PB1|PP755595.1|A/cattle/Texas/24-008749-003/2024(H5N1)	1312	199
PB1|PP755595.1|A/cattle/Texas/24-008749-003/2024(H5N1)	1313	202
PB1|PP755595.1|A/cattle/Texas/24-008749-003/2024(H5N1)	1314	201
PB1|PP755595.1|A/cattle/Texas/24-008749-003/2024(H5N1)	1315	202
PB1|PP755595.1|A/cattle/Texas/24-008749-003/2024(H5N1)	1316	204
PB1|PP755595.1|A/cattle/Texas/24-008749-003/2024(H5N1)	1317	201
PB1|PP755595.1|A/cattle/Texas/24-008749-003/2024(H5N1)	1318	201
PB1|PP755595.1|A/cattle/Texas/24-008749-003/2024(H5N1)	1319	200
PB1|PP755595.1|A/cattle/Texas/24-008749-003/2024(H5N1)	1320	198
PB1|PP755595.1|A/cattle/Texas/24-008749-003/2024(H5N1)	1321	205
PB1|PP755595.1|A/cattle/Texas/24-008749-003/2024(H5N1)	1322	204
PB1|PP755595.1|A/cattle/Texas/24-008749-003/2024(H5N1)	1323	203
PB1|PP755595.1|A/cattle/Texas/24-008749-003/2024(H5N1)	1324	203
PB1|PP755595.1|A/cattle/Texas/24-008749-003/2024(H5N1)	1325	201
PB1|PP755595.1|A/cattle/Texas/24-008749-003/2024(H5N1)	1326	202
PB1|PP755595.1|A/cattle/Texas/24-008749-003/2024(H5N1)	1327	201
PB1|PP755595.1|A/cattle/Texas/24-008749-003/2024(H5N1)	1328	198
PB1|PP755595.1|A/cattle/Texas/24-008749-003/2024(H5N1)	1329	195
PB1|PP755595.1|A/cattle/Texas/24-008749-003/2024(H5N1)	1330	195
PB1|PP755595.1|A/cattle/Texas/24-008749-003/2024(H5N1)	1331	191
PB1|PP755595.1|A/cattle/Texas/24-008749-003/2024(H5N1)	1332	191
PB1|PP755595.1|A/cattle/Texas/24-008749-003/2024(H5N1)	1333	191
PB1|PP755595.1|A/cattle/Texas/24-008749-003/2024(H5N1)	1334	191
PB1|PP755595.1|A/cattle/Texas/24-008749-003/2024(H5N1)	1335	189
PB1|PP755595.1|A/cattle/Texas/24-008749-003/2024(H5N1)	1336	188
PB1|PP755595.1|A/cattle/Texas/24-008749-003/2024(H5N1)	1337	187
PB1|PP755595.1|A/cattle/Texas/24-008749-003/2024(H5N1)	1338	150
PB1|PP755595.1|A/cattle/Texas/24-008749-003/2024(H5N1)	1339	149
PB1|PP755595.1|A/cattle/Texas/24-008749-003/2024(H5N1)	1340	149
PB1|PP755595.1|A/cattle/Texas/24-008749-003/2024(H5N1)	1341	147
PB1|PP755595.1|A/cattle/Texas/24-008749-003/2024(H5N1)	1342	147
PB1|PP755595.1|A/cattle/Texas/24-008749-003/2024(H5N1)	1343	147
PB1|PP755595.1|A/cattle/Texas/24-008749-003/2024(H5N1)	1344	147
PB1|PP755595.1|A/cattle/Texas/24-008749-003/2024(H5N1)	1345	149
PB1|PP755595.1|A/cattle/Texas/24-008749-003/2024(H5N1)	1346	149
PB1|PP755595.1|A/cattle/Texas/24-008749-003/2024(H5N1)	1347	153
PB1|PP755595.1|A/cattle/Texas/24-008749-003/2024(H5N1)	1348	153
PB1|PP755595.1|A/cattle/Texas/24-008749-003/2024(H5N1)	1349	153
PB1|PP755595.1|A/cattle/Texas/24-008749-003/2024(H5N1)	1350	152
PB1|PP755595.1|A/cattle/Texas/24-008749-003/2024(H5N1)	1351	158
PB1|PP755595.1|A/cattle/Texas/24-008749-003/2024(H5N1)	1352	160
PB1|PP755595.1|A/cattle/Texas/24-008749-003/2024(H5N1)	1353	160
PB1|PP755595.1|A/cattle/Texas/24-008749-003/2024(H5N1)	1354	160
PB1|PP755595.1|A/cattle/Texas/24-008749-003/2024(H5N1)	1355	160
PB1|PP755595.1|A/cattle/Texas/24-008749-003/2024(H5N1)	1356	161
PB1|PP755595.1|A/cattle/Texas/24-008749-003/2024(H5N1)	1357	161
PB1|PP755595.1|A/cattle/Texas/24-008749-003/2024(H5N1)	1358	161
PB1|PP755595.1|A/cattle/Texas/24-008749-003/2024(H5N1)	1359	161
PB1|PP755595.1|A/cattle/Texas/24-008749-003/2024(H5N1)	1360	161
PB1|PP755595.1|A/cattle/Texas/24-008749-003/2024(H5N1)	1361	161
PB1|PP755595.1|A/cattle/Texas/24-008749-003/2024(H5N1)	1362	161
PB1|PP755595.1|A/cattle/Texas/24-008749-003/2024(H5N1)	1363	174
PB1|PP755595.1|A/cattle/Texas/24-008749-003/2024(H5N1)	1364	175
PB1|PP755595.1|A/cattle/Texas/24-008749-003/2024(H5N1)	1365	175
PB1|PP755595.1|A/cattle/Texas/24-008749-003/2024(H5N1)	1366	175
PB1|PP755595.1|A/cattle/Texas/24-008749-003/2024(H5N1)	1367	175
PB1|PP755595.1|A/cattle/Texas/24-008749-003/2024(H5N1)	1368	175
PB1|PP755595.1|A/cattle/Texas/24-008749-003/2024(H5N1)	1369	175
PB1|PP755595.1|A/cattle/Texas/24-008749-003/2024(H5N1)	1370	176
PB1|PP755595.1|A/cattle/Texas/24-008749-003/2024(H5N1)	1371	178
PB1|PP755595.1|A/cattle/Texas/24-008749-003/2024(H5N1)	1372	185
PB1|PP755595.1|A/cattle/Texas/24-008749-003/2024(H5N1)	1373	187
PB1|PP755595.1|A/cattle/Texas/24-008749-003/2024(H5N1)	1374	188
PB1|PP755595.1|A/cattle/Texas/24-008749-003/2024(H5N1)	1375	199
PB1|PP755595.1|A/cattle/Texas/24-008749-003/2024(H5N1)	1376	199
PB1|PP755595.1|A/cattle/Texas/24-008749-003/2024(H5N1)	1377	200
PB1|PP755595.1|A/cattle/Texas/24-008749-003/2024(H5N1)	1378	198
PB1|PP755595.1|A/cattle/Texas/24-008749-003/2024(H5N1)	1379	203
PB1|PP755595.1|A/cattle/Texas/24-008749-003/2024(H5N1)	1380	203
PB1|PP755595.1|A/cattle/Texas/24-008749-003/2024(H5N1)	1381	203
PB1|PP755595.1|A/cattle/Texas/24-008749-003/2024(H5N1)	1382	203
PB1|PP755595.1|A/cattle/Texas/24-008749-003/2024(H5N1)	1383	199
PB1|PP755595.1|A/cattle/Texas/24-008749-003/2024(H5N1)	1384	201
PB1|PP755595.1|A/cattle/Texas/24-008749-003/2024(H5N1)	1385	201
PB1|PP755595.1|A/cattle/Texas/24-008749-003/2024(H5N1)	1386	199
PB1|PP755595.1|A/cattle/Texas/24-008749-003/2024(H5N1)	1387	199
PB1|PP755595.1|A/cattle/Texas/24-008749-003/2024(H5N1)	1388	196
PB1|PP755595.1|A/cattle/Texas/24-008749-003/2024(H5N1)	1389	168
PB1|PP755595.1|A/cattle/Texas/24-008749-003/2024(H5N1)	1390	168
PB1|PP755595.1|A/cattle/Texas/24-008749-003/2024(H5N1)	1391	167
PB1|PP755595.1|A/cattle/Texas/24-008749-003/2024(H5N1)	1392	167
PB1|PP755595.1|A/cattle/Texas/24-008749-003/2024(H5N1)	1393	170
PB1|PP755595.1|A/cattle/Texas/24-008749-003/2024(H5N1)	1394	171
PB1|PP755595.1|A/cattle/Texas/24-008749-003/2024(H5N1)	1395	197
PB1|PP755595.1|A/cattle/Texas/24-008749-003/2024(H5N1)	1396	216
PB1|PP755595.1|A/cattle/Texas/24-008749-003/2024(H5N1)	1397	216
PB1|PP755595.1|A/cattle/Texas/24-008749-003/2024(H5N1)	1398	226
PB1|PP755595.1|A/cattle/Texas/24-008749-003/2024(H5N1)	1399	226
PB1|PP755595.1|A/cattle/Texas/24-008749-003/2024(H5N1)	1400	226
PB1|PP755595.1|A/cattle/Texas/24-008749-003/2024(H5N1)	1401	226
PB1|PP755595.1|A/cattle/Texas/24-008749-003/2024(H5N1)	1402	226
PB1|PP755595.1|A/cattle/Texas/24-008749-003/2024(H5N1)	1403	217
PB1|PP755595.1|A/cattle/Texas/24-008749-003/2024(H5N1)	1404	208
PB1|PP755595.1|A/cattle/Texas/24-008749-003/2024(H5N1)	1405	208
PB1|PP755595.1|A/cattle/Texas/24-008749-003/2024(H5N1)	1406	213
PB1|PP755595.1|A/cattle/Texas/24-008749-003/2024(H5N1)	1407	211
PB1|PP755595.1|A/cattle/Texas/24-008749-003/2024(H5N1)	1408	211
PB1|PP755595.1|A/cattle/Texas/24-008749-003/2024(H5N1)	1409	228
PB1|PP755595.1|A/cattle/Texas/24-008749-003/2024(H5N1)	1410	231
PB1|PP755595.1|A/cattle/Texas/24-008749-003/2024(H5N1)	1411	231
PB1|PP755595.1|A/cattle/Texas/24-008749-003/2024(H5N1)	1412	231
PB1|PP755595.1|A/cattle/Texas/24-008749-003/2024(H5N1)	1413	231
PB1|PP755595.1|A/cattle/Texas/24-008749-003/2024(H5N1)	1414	231
PB1|PP755595.1|A/cattle/Texas/24-008749-003/2024(H5N1)	1415	226
PB1|PP755595.1|A/cattle/Texas/24-008749-003/2024(H5N1)	1416	231
PB1|PP755595.1|A/cattle/Texas/24-008749-003/2024(H5N1)	1417	233
PB1|PP755595.1|A/cattle/Texas/24-008749-003/2024(H5N1)	1418	231
PB1|PP755595.1|A/cattle/Texas/24-008749-003/2024(H5N1)	1419	226
PB1|PP755595.1|A/cattle/Texas/24-008749-003/2024(H5N1)	1420	228
PB1|PP755595.1|A/cattle/Texas/24-008749-003/2024(H5N1)	1421	236
PB1|PP755595.1|A/cattle/Texas/24-008749-003/2024(H5N1)	1422	236
PB1|PP755595.1|A/cattle/Texas/24-008749-003/2024(H5N1)	1423	251
PB1|PP755595.1|A/cattle/Texas/24-008749-003/2024(H5N1)	1424	253
PB1|PP755595.1|A/cattle/Texas/24-008749-003/2024(H5N1)	1425	252
PB1|PP755595.1|A/cattle/Texas/24-008749-003/2024(H5N1)	1426	252
PB1|PP755595.1|A/cattle/Texas/24-008749-003/2024(H5N1)	1427	253
PB1|PP755595.1|A/cattle/Texas/24-008749-003/2024(H5N1)	1428	255
PB1|PP755595.1|A/cattle/Texas/24-008749-003/2024(H5N1)	1429	262
PB1|PP755595.1|A/cattle/Texas/24-008749-003/2024(H5N1)	1430	255
PB1|PP755595.1|A/cattle/Texas/24-008749-003/2024(H5N1)	1431	253
PB1|PP755595.1|A/cattle/Texas/24-008749-003/2024(H5N1)	1432	255
PB1|PP755595.1|A/cattle/Texas/24-008749-003/2024(H5N1)	1433	257
PB1|PP755595.1|A/cattle/Texas/24-008749-003/2024(H5N1)	1434	256
PB1|PP755595.1|A/cattle/Texas/24-008749-003/2024(H5N1)	1435	265
PB1|PP755595.1|A/cattle/Texas/24-008749-003/2024(H5N1)	1436	264
PB1|PP755595.1|A/cattle/Texas/24-008749-003/2024(H5N1)	1437	267
PB1|PP755595.1|A/cattle/Texas/24-008749-003/2024(H5N1)	1438	269
PB1|PP755595.1|A/cattle/Texas/24-008749-003/2024(H5N1)	1439	269
PB1|PP755595.1|A/cattle/Texas/24-008749-003/2024(H5N1)	1440	269
PB1|PP755595.1|A/cattle/Texas/24-008749-003/2024(H5N1)	1441	270
PB1|PP755595.1|A/cattle/Texas/24-008749-003/2024(H5N1)	1442	270
PB1|PP755595.1|A/cattle/Texas/24-008749-003/2024(H5N1)	1443	278
PB1|PP755595.1|A/cattle/Texas/24-008749-003/2024(H5N1)	1444	279
PB1|PP755595.1|A/cattle/Texas/24-008749-003/2024(H5N1)	1445	279
PB1|PP755595.1|A/cattle/Texas/24-008749-003/2024(H5N1)	1446	280
PB1|PP755595.1|A/cattle/Texas/24-008749-003/2024(H5N1)	1447	281
PB1|PP755595.1|A/cattle/Texas/24-008749-003/2024(H5N1)	1448	286
PB1|PP755595.1|A/cattle/Texas/24-008749-003/2024(H5N1)	1449	286
PB1|PP755595.1|A/cattle/Texas/24-008749-003/2024(H5N1)	1450	287
PB1|PP755595.1|A/cattle/Texas/24-008749-003/2024(H5N1)	1451	283
PB1|PP755595.1|A/cattle/Texas/24-008749-003/2024(H5N1)	1452	276
PB1|PP755595.1|A/cattle/Texas/24-008749-003/2024(H5N1)	1453	280
PB1|PP755595.1|A/cattle/Texas/24-008749-003/2024(H5N1)	1454	277
PB1|PP755595.1|A/cattle/Texas/24-008749-003/2024(H5N1)	1455	277
PB1|PP755595.1|A/cattle/Texas/24-008749-003/2024(H5N1)	1456	276
PB1|PP755595.1|A/cattle/Texas/24-008749-003/2024(H5N1)	1457	273
PB1|PP755595.1|A/cattle/Texas/24-008749-003/2024(H5N1)	1458	276
PB1|PP755595.1|A/cattle/Texas/24-008749-003/2024(H5N1)	1459	278
PB1|PP755595.1|A/cattle/Texas/24-008749-003/2024(H5N1)	1460	278
PB1|PP755595.1|A/cattle/Texas/24-008749-003/2024(H5N1)	1461	278
PB1|PP755595.1|A/cattle/Texas/24-008749-003/2024(H5N1)	1462	277
PB1|PP755595.1|A/cattle/Texas/24-008749-003/2024(H5N1)	1463	279
PB1|PP755595.1|A/cattle/Texas/24-008749-003/2024(H5N1)	1464	276
PB1|PP755595.1|A/cattle/Texas/24-008749-003/2024(H5N1)	1465	284
PB1|PP755595.1|A/cattle/Texas/24-008749-003/2024(H5N1)	1466	286
PB1|PP755595.1|A/cattle/Texas/24-008749-003/2024(H5N1)	1467	285
PB1|PP755595.1|A/cattle/Texas/24-008749-003/2024(H5N1)	1468	287
PB1|PP755595.1|A/cattle/Texas/24-008749-003/2024(H5N1)	1469	287
PB1|PP755595.1|A/cattle/Texas/24-008749-003/2024(H5N1)	1470	287
PB1|PP755595.1|A/cattle/Texas/24-008749-003/2024(H5N1)	1471	288
PB1|PP755595.1|A/cattle/Texas/24-008749-003/2024(H5N1)	1472	286
PB1|PP755595.1|A/cattle/Texas/24-008749-003/2024(H5N1)	1473	289
PB1|PP755595.1|A/cattle/Texas/24-008749-003/2024(H5N1)	1474	294
PB1|PP755595.1|A/cattle/Texas/24-008749-003/2024(H5N1)	1475	294
PB1|PP755595.1|A/cattle/Texas/24-008749-003/2024(H5N1)	1476	297
PB1|PP755595.1|A/cattle/Texas/24-008749-003/2024(H5N1)	1477	298
PB1|PP755595.1|A/cattle/Texas/24-008749-003/2024(H5N1)	1478	301
PB1|PP755595.1|A/cattle/Texas/24-008749-003/2024(H5N1)	1479	301
PB1|PP755595.1|A/cattle/Texas/24-008749-003/2024(H5N1)	1480	306
PB1|PP755595.1|A/cattle/Texas/24-008749-003/2024(H5N1)	1481	306
PB1|PP755595.1|A/cattle/Texas/24-008749-003/2024(H5N1)	1482	306
PB1|PP755595.1|A/cattle/Texas/24-008749-003/2024(H5N1)	1483	306
PB1|PP755595.1|A/cattle/Texas/24-008749-003/2024(H5N1)	1484	306
PB1|PP755595.1|A/cattle/Texas/24-008749-003/2024(H5N1)	1485	308
PB1|PP755595.1|A/cattle/Texas/24-008749-003/2024(H5N1)	1486	312
PB1|PP755595.1|A/cattle/Texas/24-008749-003/2024(H5N1)	1487	309
PB1|PP755595.1|A/cattle/Texas/24-008749-003/2024(H5N1)	1488	312
PB1|PP755595.1|A/cattle/Texas/24-008749-003/2024(H5N1)	1489	312
PB1|PP755595.1|A/cattle/Texas/24-008749-003/2024(H5N1)	1490	313
PB1|PP755595.1|A/cattle/Texas/24-008749-003/2024(H5N1)	1491	313
PB1|PP755595.1|A/cattle/Texas/24-008749-003/2024(H5N1)	1492	315
PB1|PP755595.1|A/cattle/Texas/24-008749-003/2024(H5N1)	1493	316
PB1|PP755595.1|A/cattle/Texas/24-008749-003/2024(H5N1)	1494	318
PB1|PP755595.1|A/cattle/Texas/24-008749-003/2024(H5N1)	1495	318
PB1|PP755595.1|A/cattle/Texas/24-008749-003/2024(H5N1)	1496	320
PB1|PP755595.1|A/cattle/Texas/24-008749-003/2024(H5N1)	1497	320
PB1|PP755595.1|A/cattle/Texas/24-008749-003/2024(H5N1)	1498	317
PB1|PP755595.1|A/cattle/Texas/24-008749-003/2024(H5N1)	1499	324
PB1|PP755595.1|A/cattle/Texas/24-008749-003/2024(H5N1)	1500	327
PB1|PP755595.1|A/cattle/Texas/24-008749-003/2024(H5N1)	1501	327
PB1|PP755595.1|A/cattle/Texas/24-008749-003/2024(H5N1)	1502	320
PB1|PP755595.1|A/cattle/Texas/24-008749-003/2024(H5N1)	1503	320
PB1|PP755595.1|A/cattle/Texas/24-008749-003/2024(H5N1)	1504	320
PB1|PP755595.1|A/cattle/Texas/24-008749-003/2024(H5N1)	1505	320
PB1|PP755595.1|A/cattle/Texas/24-008749-003/2024(H5N1)	1506	286
PB1|PP755595.1|A/cattle/Texas/24-008749-003/2024(H5N1)	1507	285
PB1|PP755595.1|A/cattle/Texas/24-008749-003/2024(H5N1)	1508	285
PB1|PP755595.1|A/cattle/Texas/24-008749-003/2024(H5N1)	1509	285
PB1|PP755595.1|A/cattle/Texas/24-008749-003/2024(H5N1)	1510	288
PB1|PP755595.1|A/cattle/Texas/24-008749-003/2024(H5N1)	1511	288
PB1|PP755595.1|A/cattle/Texas/24-008749-003/2024(H5N1)	1512	308
PB1|PP755595.1|A/cattle/Texas/24-008749-003/2024(H5N1)	1513	313
PB1|PP755595.1|A/cattle/Texas/24-008749-003/2024(H5N1)	1514	315
PB1|PP755595.1|A/cattle/Texas/24-008749-003/2024(H5N1)	1515	316
PB1|PP755595.1|A/cattle/Texas/24-008749-003/2024(H5N1)	1516	316
PB1|PP755595.1|A/cattle/Texas/24-008749-003/2024(H5N1)	1517	335
PB1|PP755595.1|A/cattle/Texas/24-008749-003/2024(H5N1)	1518	340
PB1|PP755595.1|A/cattle/Texas/24-008749-003/2024(H5N1)	1519	341
PB1|PP755595.1|A/cattle/Texas/24-008749-003/2024(H5N1)	1520	341
PB1|PP755595.1|A/cattle/Texas/24-008749-003/2024(H5N1)	1521	341
PB1|PP755595.1|A/cattle/Texas/24-008749-003/2024(H5N1)	1522	348
PB1|PP755595.1|A/cattle/Texas/24-008749-003/2024(H5N1)	1523	345
PB1|PP755595.1|A/cattle/Texas/24-008749-003/2024(H5N1)	1524	343
PB1|PP755595.1|A/cattle/Texas/24-008749-003/2024(H5N1)	1525	354
PB1|PP755595.1|A/cattle/Texas/24-008749-003/2024(H5N1)	1526	355
PB1|PP755595.1|A/cattle/Texas/24-008749-003/2024(H5N1)	1527	364
PB1|PP755595.1|A/cattle/Texas/24-008749-003/2024(H5N1)	1528	371
PB1|PP755595.1|A/cattle/Texas/24-008749-003/2024(H5N1)	1529	370
PB1|PP755595.1|A/cattle/Texas/24-008749-003/2024(H5N1)	1530	371
PB1|PP755595.1|A/cattle/Texas/24-008749-003/2024(H5N1)	1531	369
PB1|PP755595.1|A/cattle/Texas/24-008749-003/2024(H5N1)	1532	406
PB1|PP755595.1|A/cattle/Texas/24-008749-003/2024(H5N1)	1533	406
PB1|PP755595.1|A/cattle/Texas/24-008749-003/2024(H5N1)	1534	406
PB1|PP755595.1|A/cattle/Texas/24-008749-003/2024(H5N1)	1535	406
PB1|PP755595.1|A/cattle/Texas/24-008749-003/2024(H5N1)	1536	406
PB1|PP755595.1|A/cattle/Texas/24-008749-003/2024(H5N1)	1537	406
PB1|PP755595.1|A/cattle/Texas/24-008749-003/2024(H5N1)	1538	403
PB1|PP755595.1|A/cattle/Texas/24-008749-003/2024(H5N1)	1539	408
PB1|PP755595.1|A/cattle/Texas/24-008749-003/2024(H5N1)	1540	405
PB1|PP755595.1|A/cattle/Texas/24-008749-003/2024(H5N1)	1541	411
PB1|PP755595.1|A/cattle/Texas/24-008749-003/2024(H5N1)	1542	413
PB1|PP755595.1|A/cattle/Texas/24-008749-003/2024(H5N1)	1543	414
PB1|PP755595.1|A/cattle/Texas/24-008749-003/2024(H5N1)	1544	388
PB1|PP755595.1|A/cattle/Texas/24-008749-003/2024(H5N1)	1545	387
PB1|PP755595.1|A/cattle/Texas/24-008749-003/2024(H5N1)	1546	387
PB1|PP755595.1|A/cattle/Texas/24-008749-003/2024(H5N1)	1547	392
PB1|PP755595.1|A/cattle/Texas/24-008749-003/2024(H5N1)	1548	392
PB1|PP755595.1|A/cattle/Texas/24-008749-003/2024(H5N1)	1549	388
PB1|PP755595.1|A/cattle/Texas/24-008749-003/2024(H5N1)	1550	388
PB1|PP755595.1|A/cattle/Texas/24-008749-003/2024(H5N1)	1551	390
PB1|PP755595.1|A/cattle/Texas/24-008749-003/2024(H5N1)	1552	390
PB1|PP755595.1|A/cattle/Texas/24-008749-003/2024(H5N1)	1553	394
PB1|PP755595.1|A/cattle/Texas/24-008749-003/2024(H5N1)	1554	395
PB1|PP755595.1|A/cattle/Texas/24-008749-003/2024(H5N1)	1555	394
PB1|PP755595.1|A/cattle/Texas/24-008749-003/2024(H5N1)	1556	394
PB1|PP755595.1|A/cattle/Texas/24-008749-003/2024(H5N1)	1557	387
PB1|PP755595.1|A/cattle/Texas/24-008749-003/2024(H5N1)	1558	387
PB1|PP755595.1|A/cattle/Texas/24-008749-003/2024(H5N1)	1559	369
PB1|PP755595.1|A/cattle/Texas/24-008749-003/2024(H5N1)	1560	365
PB1|PP755595.1|A/cattle/Texas/24-008749-003/2024(H5N1)	1561	368
PB1|PP755595.1|A/cattle/Texas/24-008749-003/2024(H5N1)	1562	371
PB1|PP755595.1|A/cattle/Texas/24-008749-003/2024(H5N1)	1563	372
PB1|PP755595.1|A/cattle/Texas/24-008749-003/2024(H5N1)	1564	391
PB1|PP755595.1|A/cattle/Texas/24-008749-003/2024(H5N1)	1565	391
PB1|PP755595.1|A/cattle/Texas/24-008749-003/2024(H5N1)	1566	386
PB1|PP755595.1|A/cattle/Texas/24-008749-003/2024(H5N1)	1567	386
PB1|PP755595.1|A/cattle/Texas/24-008749-003/2024(H5N1)	1568	384
PB1|PP755595.1|A/cattle/Texas/24-008749-003/2024(H5N1)	1569	389
PB1|PP755595.1|A/cattle/Texas/24-008749-003/2024(H5N1)	1570	387
PB1|PP755595.1|A/cattle/Texas/24-008749-003/2024(H5N1)	1571	392
PB1|PP755595.1|A/cattle/Texas/24-008749-003/2024(H5N1)	1572	386
PB1|PP755595.1|A/cattle/Texas/24-008749-003/2024(H5N1)	1573	378
PB1|PP755595.1|A/cattle/Texas/24-008749-003/2024(H5N1)	1574	378
PB1|PP755595.1|A/cattle/Texas/24-008749-003/2024(H5N1)	1575	376
PB1|PP755595.1|A/cattle/Texas/24-008749-003/2024(H5N1)	1576	378
PB1|PP755595.1|A/cattle/Texas/24-008749-003/2024(H5N1)	1577	378
PB1|PP755595.1|A/cattle/Texas/24-008749-003/2024(H5N1)	1578	372
PB1|PP755595.1|A/cattle/Texas/24-008749-003/2024(H5N1)	1579	371
PB1|PP755595.1|A/cattle/Texas/24-008749-003/2024(H5N1)	1580	364
PB1|PP755595.1|A/cattle/Texas/24-008749-003/2024(H5N1)	1581	365
PB1|PP755595.1|A/cattle/Texas/24-008749-003/2024(H5N1)	1582	375
PB1|PP755595.1|A/cattle/Texas/24-008749-003/2024(H5N1)	1583	378
PB1|PP755595.1|A/cattle/Texas/24-008749-003/2024(H5N1)	1584	378
PB1|PP755595.1|A/cattle/Texas/24-008749-003/2024(H5N1)	1585	390
PB1|PP755595.1|A/cattle/Texas/24-008749-003/2024(H5N1)	1586	383
PB1|PP755595.1|A/cattle/Texas/24-008749-003/2024(H5N1)	1587	387
PB1|PP755595.1|A/cattle/Texas/24-008749-003/2024(H5N1)	1588	387
PB1|PP755595.1|A/cattle/Texas/24-008749-003/2024(H5N1)	1589	386
PB1|PP755595.1|A/cattle/Texas/24-008749-003/2024(H5N1)	1590	386
PB1|PP755595.1|A/cattle/Texas/24-008749-003/2024(H5N1)	1591	386
PB1|PP755595.1|A/cattle/Texas/24-008749-003/2024(H5N1)	1592	383
PB1|PP755595.1|A/cattle/Texas/24-008749-003/2024(H5N1)	1593	387
PB1|PP755595.1|A/cattle/Texas/24-008749-003/2024(H5N1)	1594	382
PB1|PP755595.1|A/cattle/Texas/24-008749-003/2024(H5N1)	1595	382
PB1|PP755595.1|A/cattle/Texas/24-008749-003/2024(H5N1)	1596	386
PB1|PP755595.1|A/cattle/Texas/24-008749-003/2024(H5N1)	1597	386
PB1|PP755595.1|A/cattle/Texas/24-008749-003/2024(H5N1)	1598	387
PB1|PP755595.1|A/cattle/Texas/24-008749-003/2024(H5N1)	1599	391
PB1|PP755595.1|A/cattle/Texas/24-008749-003/2024(H5N1)	1600	396
PB1|PP755595.1|A/cattle/Texas/24-008749-003/2024(H5N1)	1601	396
PB1|PP755595.1|A/cattle/Texas/24-008749-003/2024(H5N1)	1602	394
PB1|PP755595.1|A/cattle/Texas/24-008749-003/2024(H5N1)	1603	393
PB1|PP755595.1|A/cattle/Texas/24-008749-003/2024(H5N1)	1604	394
PB1|PP755595.1|A/cattle/Texas/24-008749-003/2024(H5N1)	1605	394
PB1|PP755595.1|A/cattle/Texas/24-008749-003/2024(H5N1)	1606	396
PB1|PP755595.1|A/cattle/Texas/24-008749-003/2024(H5N1)	1607	400
PB1|PP755595.1|A/cattle/Texas/24-008749-003/2024(H5N1)	1608	401
PB1|PP755595.1|A/cattle/Texas/24-008749-003/2024(H5N1)	1609	402
PB1|PP755595.1|A/cattle/Texas/24-008749-003/2024(H5N1)	1610	406
PB1|PP755595.1|A/cattle/Texas/24-008749-003/2024(H5N1)	1611	404
PB1|PP755595.1|A/cattle/Texas/24-008749-003/2024(H5N1)	1612	404
PB1|PP755595.1|A/cattle/Texas/24-008749-003/2024(H5N1)	1613	408
PB1|PP755595.1|A/cattle/Texas/24-008749-003/2024(H5N1)	1614	409
PB1|PP755595.1|A/cattle/Texas/24-008749-003/2024(H5N1)	1615	412
PB1|PP755595.1|A/cattle/Texas/24-008749-003/2024(H5N1)	1616	408
PB1|PP755595.1|A/cattle/Texas/24-008749-003/2024(H5N1)	1617	408
PB1|PP755595.1|A/cattle/Texas/24-008749-003/2024(H5N1)	1618	408
PB1|PP755595.1|A/cattle/Texas/24-008749-003/2024(H5N1)	1619	406
PB1|PP755595.1|A/cattle/Texas/24-008749-003/2024(H5N1)	1620	419
PB1|PP755595.1|A/cattle/Texas/24-008749-003/2024(H5N1)	1621	418
PB1|PP755595.1|A/cattle/Texas/24-008749-003/2024(H5N1)	1622	409
PB1|PP755595.1|A/cattle/Texas/24-008749-003/2024(H5N1)	1623	400
PB1|PP755595.1|A/cattle/Texas/24-008749-003/2024(H5N1)	1624	405
PB1|PP755595.1|A/cattle/Texas/24-008749-003/2024(H5N1)	1625	421
PB1|PP755595.1|A/cattle/Texas/24-008749-003/2024(H5N1)	1626	422
PB1|PP755595.1|A/cattle/Texas/24-008749-003/2024(H5N1)	1627	419
PB1|PP755595.1|A/cattle/Texas/24-008749-003/2024(H5N1)	1628	417
PB1|PP755595.1|A/cattle/Texas/24-008749-003/2024(H5N1)	1629	412
PB1|PP755595.1|A/cattle/Texas/24-008749-003/2024(H5N1)	1630	419
PB1|PP755595.1|A/cattle/Texas/24-008749-003/2024(H5N1)	1631	415
PB1|PP755595.1|A/cattle/Texas/24-008749-003/2024(H5N1)	1632	412
PB1|PP755595.1|A/cattle/Texas/24-008749-003/2024(H5N1)	1633	415
PB1|PP755595.1|A/cattle/Texas/24-008749-003/2024(H5N1)	1634	416
PB1|PP755595.1|A/cattle/Texas/24-008749-003/2024(H5N1)	1635	416
PB1|PP755595.1|A/cattle/Texas/24-008749-003/2024(H5N1)	1636	416
PB1|PP755595.1|A/cattle/Texas/24-008749-003/2024(H5N1)	1637	412
PB1|PP755595.1|A/cattle/Texas/24-008749-003/2024(H5N1)	1638	410
PB1|PP755595.1|A/cattle/Texas/24-008749-003/2024(H5N1)	1639	406
PB1|PP755595.1|A/cattle/Texas/24-008749-003/2024(H5N1)	1640	406
PB1|PP755595.1|A/cattle/Texas/24-008749-003/2024(H5N1)	1641	364
PB1|PP755595.1|A/cattle/Texas/24-008749-003/2024(H5N1)	1642	363
PB1|PP755595.1|A/cattle/Texas/24-008749-003/2024(H5N1)	1643	361
PB1|PP755595.1|A/cattle/Texas/24-008749-003/2024(H5N1)	1644	361
PB1|PP755595.1|A/cattle/Texas/24-008749-003/2024(H5N1)	1645	362
PB1|PP755595.1|A/cattle/Texas/24-008749-003/2024(H5N1)	1646	362
PB1|PP755595.1|A/cattle/Texas/24-008749-003/2024(H5N1)	1647	360
PB1|PP755595.1|A/cattle/Texas/24-008749-003/2024(H5N1)	1648	360
PB1|PP755595.1|A/cattle/Texas/24-008749-003/2024(H5N1)	1649	360
PB1|PP755595.1|A/cattle/Texas/24-008749-003/2024(H5N1)	1650	363
PB1|PP755595.1|A/cattle/Texas/24-008749-003/2024(H5N1)	1651	434
PB1|PP755595.1|A/cattle/Texas/24-008749-003/2024(H5N1)	1652	438
PB1|PP755595.1|A/cattle/Texas/24-008749-003/2024(H5N1)	1653	438
PB1|PP755595.1|A/cattle/Texas/24-008749-003/2024(H5N1)	1654	439
PB1|PP755595.1|A/cattle/Texas/24-008749-003/2024(H5N1)	1655	439
PB1|PP755595.1|A/cattle/Texas/24-008749-003/2024(H5N1)	1656	439
PB1|PP755595.1|A/cattle/Texas/24-008749-003/2024(H5N1)	1657	440
PB1|PP755595.1|A/cattle/Texas/24-008749-003/2024(H5N1)	1658	440
PB1|PP755595.1|A/cattle/Texas/24-008749-003/2024(H5N1)	1659	440
PB1|PP755595.1|A/cattle/Texas/24-008749-003/2024(H5N1)	1660	456
PB1|PP755595.1|A/cattle/Texas/24-008749-003/2024(H5N1)	1661	458
PB1|PP755595.1|A/cattle/Texas/24-008749-003/2024(H5N1)	1662	457
PB1|PP755595.1|A/cattle/Texas/24-008749-003/2024(H5N1)	1663	440
PB1|PP755595.1|A/cattle/Texas/24-008749-003/2024(H5N1)	1664	440
PB1|PP755595.1|A/cattle/Texas/24-008749-003/2024(H5N1)	1665	450
PB1|PP755595.1|A/cattle/Texas/24-008749-003/2024(H5N1)	1666	449
PB1|PP755595.1|A/cattle/Texas/24-008749-003/2024(H5N1)	1667	457
PB1|PP755595.1|A/cattle/Texas/24-008749-003/2024(H5N1)	1668	441
PB1|PP755595.1|A/cattle/Texas/24-008749-003/2024(H5N1)	1669	448
PB1|PP755595.1|A/cattle/Texas/24-008749-003/2024(H5N1)	1670	458
PB1|PP755595.1|A/cattle/Texas/24-008749-003/2024(H5N1)	1671	465
PB1|PP755595.1|A/cattle/Texas/24-008749-003/2024(H5N1)	1672	466
PB1|PP755595.1|A/cattle/Texas/24-008749-003/2024(H5N1)	1673	458
PB1|PP755595.1|A/cattle/Texas/24-008749-003/2024(H5N1)	1674	435
PB1|PP755595.1|A/cattle/Texas/24-008749-003/2024(H5N1)	1675	463
PB1|PP755595.1|A/cattle/Texas/24-008749-003/2024(H5N1)	1676	461
PB1|PP755595.1|A/cattle/Texas/24-008749-003/2024(H5N1)	1677	462
PB1|PP755595.1|A/cattle/Texas/24-008749-003/2024(H5N1)	1678	481
PB1|PP755595.1|A/cattle/Texas/24-008749-003/2024(H5N1)	1679	482
PB1|PP755595.1|A/cattle/Texas/24-008749-003/2024(H5N1)	1680	485
PB1|PP755595.1|A/cattle/Texas/24-008749-003/2024(H5N1)	1681	486
PB1|PP755595.1|A/cattle/Texas/24-008749-003/2024(H5N1)	1682	485
PB1|PP755595.1|A/cattle/Texas/24-008749-003/2024(H5N1)	1683	466
PB1|PP755595.1|A/cattle/Texas/24-008749-003/2024(H5N1)	1684	472
PB1|PP755595.1|A/cattle/Texas/24-008749-003/2024(H5N1)	1685	472
PB1|PP755595.1|A/cattle/Texas/24-008749-003/2024(H5N1)	1686	472
PB1|PP755595.1|A/cattle/Texas/24-008749-003/2024(H5N1)	1687	472
PB1|PP755595.1|A/cattle/Texas/24-008749-003/2024(H5N1)	1688	472
PB1|PP755595.1|A/cattle/Texas/24-008749-003/2024(H5N1)	1689	477
PB1|PP755595.1|A/cattle/Texas/24-008749-003/2024(H5N1)	1690	481
PB1|PP755595.1|A/cattle/Texas/24-008749-003/2024(H5N1)	1691	484
PB1|PP755595.1|A/cattle/Texas/24-008749-003/2024(H5N1)	1692	467
PB1|PP755595.1|A/cattle/Texas/24-008749-003/2024(H5N1)	1693	471
PB1|PP755595.1|A/cattle/Texas/24-008749-003/2024(H5N1)	1694	476
PB1|PP755595.1|A/cattle/Texas/24-008749-003/2024(H5N1)	1695	477
PB1|PP755595.1|A/cattle/Texas/24-008749-003/2024(H5N1)	1696	480
PB1|PP755595.1|A/cattle/Texas/24-008749-003/2024(H5N1)	1697	480
PB1|PP755595.1|A/cattle/Texas/24-008749-003/2024(H5N1)	1698	481
PB1|PP755595.1|A/cattle/Texas/24-008749-003/2024(H5N1)	1699	481
PB1|PP755595.1|A/cattle/Texas/24-008749-003/2024(H5N1)	1700	475
PB1|PP755595.1|A/cattle/Texas/24-008749-003/2024(H5N1)	1701	477
PB1|PP755595.1|A/cattle/Texas/24-008749-003/2024(H5N1)	1702	475
PB1|PP755595.1|A/cattle/Texas/24-008749-003/2024(H5N1)	1703	475
PB1|PP755595.1|A/cattle/Texas/24-008749-003/2024(H5N1)	1704	470
PB1|PP755595.1|A/cattle/Texas/24-008749-003/2024(H5N1)	1705	468
PB1|PP755595.1|A/cattle/Texas/24-008749-003/2024(H5N1)	1706	473
PB1|PP755595.1|A/cattle/Texas/24-008749-003/2024(H5N1)	1707	473
PB1|PP755595.1|A/cattle/Texas/24-008749-003/2024(H5N1)	1708	473
PB1|PP755595.1|A/cattle/Texas/24-008749-003/2024(H5N1)	1709	470
PB1|PP755595.1|A/cattle/Texas/24-008749-003/2024(H5N1)	1710	467
PB1|PP755595.1|A/cattle/Texas/24-008749-003/2024(H5N1)	1711	467
PB1|PP755595.1|A/cattle/Texas/24-008749-003/2024(H5N1)	1712	464
PB1|PP755595.1|A/cattle/Texas/24-008749-003/2024(H5N1)	1713	464
PB1|PP755595.1|A/cattle/Texas/24-008749-003/2024(H5N1)	1714	463
PB1|PP755595.1|A/cattle/Texas/24-008749-003/2024(H5N1)	1715	457
PB1|PP755595.1|A/cattle/Texas/24-008749-003/2024(H5N1)	1716	457
PB1|PP755595.1|A/cattle/Texas/24-008749-003/2024(H5N1)	1717	473
PB1|PP755595.1|A/cattle/Texas/24-008749-003/2024(H5N1)	1718	473
PB1|PP755595.1|A/cattle/Texas/24-008749-003/2024(H5N1)	1719	473
PB1|PP755595.1|A/cattle/Texas/24-008749-003/2024(H5N1)	1720	470
PB1|PP755595.1|A/cattle/Texas/24-008749-003/2024(H5N1)	1721	470
PB1|PP755595.1|A/cattle/Texas/24-008749-003/2024(H5N1)	1722	468
PB1|PP755595.1|A/cattle/Texas/24-008749-003/2024(H5N1)	1723	468
PB1|PP755595.1|A/cattle/Texas/24-008749-003/2024(H5N1)	1724	467
PB1|PP755595.1|A/cattle/Texas/24-008749-003/2024(H5N1)	1725	466
PB1|PP755595.1|A/cattle/Texas/24-008749-003/2024(H5N1)	1726	454
PB1|PP755595.1|A/cattle/Texas/24-008749-003/2024(H5N1)	1727	452
PB1|PP755595.1|A/cattle/Texas/24-008749-003/2024(H5N1)	1728	450
PB1|PP755595.1|A/cattle/Texas/24-008749-003/2024(H5N1)	1729	450
PB1|PP755595.1|A/cattle/Texas/24-008749-003/2024(H5N1)	1730	450
PB1|PP755595.1|A/cattle/Texas/24-008749-003/2024(H5N1)	1731	432
PB1|PP755595.1|A/cattle/Texas/24-008749-003/2024(H5N1)	1732	431
PB1|PP755595.1|A/cattle/Texas/24-008749-003/2024(H5N1)	1733	431
PB1|PP755595.1|A/cattle/Texas/24-008749-003/2024(H5N1)	1734	428
PB1|PP755595.1|A/cattle/Texas/24-008749-003/2024(H5N1)	1735	413
PB1|PP755595.1|A/cattle/Texas/24-008749-003/2024(H5N1)	1736	413
PB1|PP755595.1|A/cattle/Texas/24-008749-003/2024(H5N1)	1737	410
PB1|PP755595.1|A/cattle/Texas/24-008749-003/2024(H5N1)	1738	456
PB1|PP755595.1|A/cattle/Texas/24-008749-003/2024(H5N1)	1739	456
PB1|PP755595.1|A/cattle/Texas/24-008749-003/2024(H5N1)	1740	456
PB1|PP755595.1|A/cattle/Texas/24-008749-003/2024(H5N1)	1741	457
PB1|PP755595.1|A/cattle/Texas/24-008749-003/2024(H5N1)	1742	457
PB1|PP755595.1|A/cattle/Texas/24-008749-003/2024(H5N1)	1743	456
PB1|PP755595.1|A/cattle/Texas/24-008749-003/2024(H5N1)	1744	453
PB1|PP755595.1|A/cattle/Texas/24-008749-003/2024(H5N1)	1745	447
PB1|PP755595.1|A/cattle/Texas/24-008749-003/2024(H5N1)	1746	447
PB1|PP755595.1|A/cattle/Texas/24-008749-003/2024(H5N1)	1747	440
PB1|PP755595.1|A/cattle/Texas/24-008749-003/2024(H5N1)	1748	439
PB1|PP755595.1|A/cattle/Texas/24-008749-003/2024(H5N1)	1749	438
PB1|PP755595.1|A/cattle/Texas/24-008749-003/2024(H5N1)	1750	424
PB1|PP755595.1|A/cattle/Texas/24-008749-003/2024(H5N1)	1751	424
PB1|PP755595.1|A/cattle/Texas/24-008749-003/2024(H5N1)	1752	416
PB1|PP755595.1|A/cattle/Texas/24-008749-003/2024(H5N1)	1753	415
PB1|PP755595.1|A/cattle/Texas/24-008749-003/2024(H5N1)	1754	414
PB1|PP755595.1|A/cattle/Texas/24-008749-003/2024(H5N1)	1755	409
PB1|PP755595.1|A/cattle/Texas/24-008749-003/2024(H5N1)	1756	409
PB1|PP755595.1|A/cattle/Texas/24-008749-003/2024(H5N1)	1757	406
PB1|PP755595.1|A/cattle/Texas/24-008749-003/2024(H5N1)	1758	379
PB1|PP755595.1|A/cattle/Texas/24-008749-003/2024(H5N1)	1759	377
PB1|PP755595.1|A/cattle/Texas/24-008749-003/2024(H5N1)	1760	429
PB1|PP755595.1|A/cattle/Texas/24-008749-003/2024(H5N1)	1761	429
PB1|PP755595.1|A/cattle/Texas/24-008749-003/2024(H5N1)	1762	436
PB1|PP755595.1|A/cattle/Texas/24-008749-003/2024(H5N1)	1763	439
PB1|PP755595.1|A/cattle/Texas/24-008749-003/2024(H5N1)	1764	438
PB1|PP755595.1|A/cattle/Texas/24-008749-003/2024(H5N1)	1765	435
PB1|PP755595.1|A/cattle/Texas/24-008749-003/2024(H5N1)	1766	425
PB1|PP755595.1|A/cattle/Texas/24-008749-003/2024(H5N1)	1767	425
PB1|PP755595.1|A/cattle/Texas/24-008749-003/2024(H5N1)	1768	425
PB1|PP755595.1|A/cattle/Texas/24-008749-003/2024(H5N1)	1769	425
PB1|PP755595.1|A/cattle/Texas/24-008749-003/2024(H5N1)	1770	425
PB1|PP755595.1|A/cattle/Texas/24-008749-003/2024(H5N1)	1771	413
PB1|PP755595.1|A/cattle/Texas/24-008749-003/2024(H5N1)	1772	412
PB1|PP755595.1|A/cattle/Texas/24-008749-003/2024(H5N1)	1773	411
PB1|PP755595.1|A/cattle/Texas/24-008749-003/2024(H5N1)	1774	443
PB1|PP755595.1|A/cattle/Texas/24-008749-003/2024(H5N1)	1775	438
PB1|PP755595.1|A/cattle/Texas/24-008749-003/2024(H5N1)	1776	426
PB1|PP755595.1|A/cattle/Texas/24-008749-003/2024(H5N1)	1777	426
PB1|PP755595.1|A/cattle/Texas/24-008749-003/2024(H5N1)	1778	426
PB1|PP755595.1|A/cattle/Texas/24-008749-003/2024(H5N1)	1779	425
PB1|PP755595.1|A/cattle/Texas/24-008749-003/2024(H5N1)	1780	418
PB1|PP755595.1|A/cattle/Texas/24-008749-003/2024(H5N1)	1781	411
PB1|PP755595.1|A/cattle/Texas/24-008749-003/2024(H5N1)	1782	410
PB1|PP755595.1|A/cattle/Texas/24-008749-003/2024(H5N1)	1783	410
PB1|PP755595.1|A/cattle/Texas/24-008749-003/2024(H5N1)	1784	405
PB1|PP755595.1|A/cattle/Texas/24-008749-003/2024(H5N1)	1785	404
PB1|PP755595.1|A/cattle/Texas/24-008749-003/2024(H5N1)	1786	404
PB1|PP755595.1|A/cattle/Texas/24-008749-003/2024(H5N1)	1787	404
PB1|PP755595.1|A/cattle/Texas/24-008749-003/2024(H5N1)	1788	404
PB1|PP755595.1|A/cattle/Texas/24-008749-003/2024(H5N1)	1789	404
PB1|PP755595.1|A/cattle/Texas/24-008749-003/2024(H5N1)	1790	406
PB1|PP755595.1|A/cattle/Texas/24-008749-003/2024(H5N1)	1791	391
PB1|PP755595.1|A/cattle/Texas/24-008749-003/2024(H5N1)	1792	389
PB1|PP755595.1|A/cattle/Texas/24-008749-003/2024(H5N1)	1793	385
PB1|PP755595.1|A/cattle/Texas/24-008749-003/2024(H5N1)	1794	385
PB1|PP755595.1|A/cattle/Texas/24-008749-003/2024(H5N1)	1795	385
PB1|PP755595.1|A/cattle/Texas/24-008749-003/2024(H5N1)	1796	384
PB1|PP755595.1|A/cattle/Texas/24-008749-003/2024(H5N1)	1797	384
PB1|PP755595.1|A/cattle/Texas/24-008749-003/2024(H5N1)	1798	358
PB1|PP755595.1|A/cattle/Texas/24-008749-003/2024(H5N1)	1799	358
PB1|PP755595.1|A/cattle/Texas/24-008749-003/2024(H5N1)	1800	53
PB1|PP755595.1|A/cattle/Texas/24-008749-003/2024(H5N1)	1801	44
PB1|PP755595.1|A/cattle/Texas/24-008749-003/2024(H5N1)	1802	44
PB1|PP755595.1|A/cattle/Texas/24-008749-003/2024(H5N1)	1803	41
PB1|PP755595.1|A/cattle/Texas/24-008749-003/2024(H5N1)	1804	41
PB1|PP755595.1|A/cattle/Texas/24-008749-003/2024(H5N1)	1805	41
PB1|PP755595.1|A/cattle/Texas/24-008749-003/2024(H5N1)	1806	41
PB1|PP755595.1|A/cattle/Texas/24-008749-003/2024(H5N1)	1807	41
PB1|PP755595.1|A/cattle/Texas/24-008749-003/2024(H5N1)	1808	41
PB1|PP755595.1|A/cattle/Texas/24-008749-003/2024(H5N1)	1809	41
PB1|PP755595.1|A/cattle/Texas/24-008749-003/2024(H5N1)	1810	41
PB1|PP755595.1|A/cattle/Texas/24-008749-003/2024(H5N1)	1811	41
PB1|PP755595.1|A/cattle/Texas/24-008749-003/2024(H5N1)	1812	41
PB1|PP755595.1|A/cattle/Texas/24-008749-003/2024(H5N1)	1813	41
PB1|PP755595.1|A/cattle/Texas/24-008749-003/2024(H5N1)	1814	41
PB1|PP755595.1|A/cattle/Texas/24-008749-003/2024(H5N1)	1815	41
PB1|PP755595.1|A/cattle/Texas/24-008749-003/2024(H5N1)	1816	27
PB1|PP755595.1|A/cattle/Texas/24-008749-003/2024(H5N1)	1817	27
PB1|PP755595.1|A/cattle/Texas/24-008749-003/2024(H5N1)	1818	18
PB1|PP755595.1|A/cattle/Texas/24-008749-003/2024(H5N1)	1819	18
PB1|PP755595.1|A/cattle/Texas/24-008749-003/2024(H5N1)	1820	18
PB1|PP755595.1|A/cattle/Texas/24-008749-003/2024(H5N1)	1821	11
PB1|PP755595.1|A/cattle/Texas/24-008749-003/2024(H5N1)	1822	11
PB1|PP755595.1|A/cattle/Texas/24-008749-003/2024(H5N1)	1823	11
PB1|PP755595.1|A/cattle/Texas/24-008749-003/2024(H5N1)	1824	11
PB1|PP755595.1|A/cattle/Texas/24-008749-003/2024(H5N1)	1825	18
PB1|PP755595.1|A/cattle/Texas/24-008749-003/2024(H5N1)	1826	17
PB1|PP755595.1|A/cattle/Texas/24-008749-003/2024(H5N1)	1827	17
PB1|PP755595.1|A/cattle/Texas/24-008749-003/2024(H5N1)	1828	17
PB1|PP755595.1|A/cattle/Texas/24-008749-003/2024(H5N1)	1829	17
PB1|PP755595.1|A/cattle/Texas/24-008749-003/2024(H5N1)	1830	17
PB1|PP755595.1|A/cattle/Texas/24-008749-003/2024(H5N1)	1831	14
PB1|PP755595.1|A/cattle/Texas/24-008749-003/2024(H5N1)	1832	14
PB1|PP755595.1|A/cattle/Texas/24-008749-003/2024(H5N1)	1833	14
PB1|PP755595.1|A/cattle/Texas/24-008749-003/2024(H5N1)	1834	15
PB1|PP755595.1|A/cattle/Texas/24-008749-003/2024(H5N1)	1835	15
PB1|PP755595.1|A/cattle/Texas/24-008749-003/2024(H5N1)	1836	15
PB1|PP755595.1|A/cattle/Texas/24-008749-003/2024(H5N1)	1837	19
PB1|PP755595.1|A/cattle/Texas/24-008749-003/2024(H5N1)	1838	21
PB1|PP755595.1|A/cattle/Texas/24-008749-003/2024(H5N1)	1839	22
PB1|PP755595.1|A/cattle/Texas/24-008749-003/2024(H5N1)	1840	26
PB1|PP755595.1|A/cattle/Texas/24-008749-003/2024(H5N1)	1841	26
PB1|PP755595.1|A/cattle/Texas/24-008749-003/2024(H5N1)	1842	26
PB1|PP755595.1|A/cattle/Texas/24-008749-003/2024(H5N1)	1843	28
PB1|PP755595.1|A/cattle/Texas/24-008749-003/2024(H5N1)	1844	28
PB1|PP755595.1|A/cattle/Texas/24-008749-003/2024(H5N1)	1845	32
PB1|PP755595.1|A/cattle/Texas/24-008749-003/2024(H5N1)	1846	34
PB1|PP755595.1|A/cattle/Texas/24-008749-003/2024(H5N1)	1847	34
PB1|PP755595.1|A/cattle/Texas/24-008749-003/2024(H5N1)	1848	37
PB1|PP755595.1|A/cattle/Texas/24-008749-003/2024(H5N1)	1849	44
PB1|PP755595.1|A/cattle/Texas/24-008749-003/2024(H5N1)	1850	64
PB1|PP755595.1|A/cattle/Texas/24-008749-003/2024(H5N1)	1851	64
PB1|PP755595.1|A/cattle/Texas/24-008749-003/2024(H5N1)	1852	64
PB1|PP755595.1|A/cattle/Texas/24-008749-003/2024(H5N1)	1853	64
PB1|PP755595.1|A/cattle/Texas/24-008749-003/2024(H5N1)	1854	64
PB1|PP755595.1|A/cattle/Texas/24-008749-003/2024(H5N1)	1855	64
PB1|PP755595.1|A/cattle/Texas/24-008749-003/2024(H5N1)	1856	64
PB1|PP755595.1|A/cattle/Texas/24-008749-003/2024(H5N1)	1857	62
PB1|PP755595.1|A/cattle/Texas/24-008749-003/2024(H5N1)	1858	62
PB1|PP755595.1|A/cattle/Texas/24-008749-003/2024(H5N1)	1859	62
PB1|PP755595.1|A/cattle/Texas/24-008749-003/2024(H5N1)	1860	62
PB1|PP755595.1|A/cattle/Texas/24-008749-003/2024(H5N1)	1861	62
PB1|PP755595.1|A/cattle/Texas/24-008749-003/2024(H5N1)	1862	63
PB1|PP755595.1|A/cattle/Texas/24-008749-003/2024(H5N1)	1863	63
PB1|PP755595.1|A/cattle/Texas/24-008749-003/2024(H5N1)	1864	63
PB1|PP755595.1|A/cattle/Texas/24-008749-003/2024(H5N1)	1865	63
PB1|PP755595.1|A/cattle/Texas/24-008749-003/2024(H5N1)	1866	63
PB1|PP755595.1|A/cattle/Texas/24-008749-003/2024(H5N1)	1867	63
PB1|PP755595.1|A/cattle/Texas/24-008749-003/2024(H5N1)	1868	63
PB1|PP755595.1|A/cattle/Texas/24-008749-003/2024(H5N1)	1869	63
PB1|PP755595.1|A/cattle/Texas/24-008749-003/2024(H5N1)	1870	63
PB1|PP755595.1|A/cattle/Texas/24-008749-003/2024(H5N1)	1871	63
PB1|PP755595.1|A/cattle/Texas/24-008749-003/2024(H5N1)	1872	63
PB1|PP755595.1|A/cattle/Texas/24-008749-003/2024(H5N1)	1873	73
PB1|PP755595.1|A/cattle/Texas/24-008749-003/2024(H5N1)	1874	78
PB1|PP755595.1|A/cattle/Texas/24-008749-003/2024(H5N1)	1875	80
PB1|PP755595.1|A/cattle/Texas/24-008749-003/2024(H5N1)	1876	80
PB1|PP755595.1|A/cattle/Texas/24-008749-003/2024(H5N1)	1877	80
PB1|PP755595.1|A/cattle/Texas/24-008749-003/2024(H5N1)	1878	80
PB1|PP755595.1|A/cattle/Texas/24-008749-003/2024(H5N1)	1879	80
PB1|PP755595.1|A/cattle/Texas/24-008749-003/2024(H5N1)	1880	80
PB1|PP755595.1|A/cattle/Texas/24-008749-003/2024(H5N1)	1881	80
PB1|PP755595.1|A/cattle/Texas/24-008749-003/2024(H5N1)	1882	80
PB1|PP755595.1|A/cattle/Texas/24-008749-003/2024(H5N1)	1883	84
PB1|PP755595.1|A/cattle/Texas/24-008749-003/2024(H5N1)	1884	89
PB1|PP755595.1|A/cattle/Texas/24-008749-003/2024(H5N1)	1885	92
PB1|PP755595.1|A/cattle/Texas/24-008749-003/2024(H5N1)	1886	92
PB1|PP755595.1|A/cattle/Texas/24-008749-003/2024(H5N1)	1887	92
PB1|PP755595.1|A/cattle/Texas/24-008749-003/2024(H5N1)	1888	95
PB1|PP755595.1|A/cattle/Texas/24-008749-003/2024(H5N1)	1889	97
PB1|PP755595.1|A/cattle/Texas/24-008749-003/2024(H5N1)	1890	101
PB1|PP755595.1|A/cattle/Texas/24-008749-003/2024(H5N1)	1891	636
PB1|PP755595.1|A/cattle/Texas/24-008749-003/2024(H5N1)	1892	643
PB1|PP755595.1|A/cattle/Texas/24-008749-003/2024(H5N1)	1893	643
PB1|PP755595.1|A/cattle/Texas/24-008749-003/2024(H5N1)	1894	645
PB1|PP755595.1|A/cattle/Texas/24-008749-003/2024(H5N1)	1895	645
PB1|PP755595.1|A/cattle/Texas/24-008749-003/2024(H5N1)	1896	645
PB1|PP755595.1|A/cattle/Texas/24-008749-003/2024(H5N1)	1897	654
PB1|PP755595.1|A/cattle/Texas/24-008749-003/2024(H5N1)	1898	675
PB1|PP755595.1|A/cattle/Texas/24-008749-003/2024(H5N1)	1899	680
PB1|PP755595.1|A/cattle/Texas/24-008749-003/2024(H5N1)	1900	683
PB1|PP755595.1|A/cattle/Texas/24-008749-003/2024(H5N1)	1901	683
PB1|PP755595.1|A/cattle/Texas/24-008749-003/2024(H5N1)	1902	686
PB1|PP755595.1|A/cattle/Texas/24-008749-003/2024(H5N1)	1903	702
PB1|PP755595.1|A/cattle/Texas/24-008749-003/2024(H5N1)	1904	712
PB1|PP755595.1|A/cattle/Texas/24-008749-003/2024(H5N1)	1905	712
PB1|PP755595.1|A/cattle/Texas/24-008749-003/2024(H5N1)	1906	731
PB1|PP755595.1|A/cattle/Texas/24-008749-003/2024(H5N1)	1907	732
PB1|PP755595.1|A/cattle/Texas/24-008749-003/2024(H5N1)	1908	734
PB1|PP755595.1|A/cattle/Texas/24-008749-003/2024(H5N1)	1909	739
PB1|PP755595.1|A/cattle/Texas/24-008749-003/2024(H5N1)	1910	739
PB1|PP755595.1|A/cattle/Texas/24-008749-003/2024(H5N1)	1911	739
PB1|PP755595.1|A/cattle/Texas/24-008749-003/2024(H5N1)	1912	740
PB1|PP755595.1|A/cattle/Texas/24-008749-003/2024(H5N1)	1913	742
PB1|PP755595.1|A/cattle/Texas/24-008749-003/2024(H5N1)	1914	748
PB1|PP755595.1|A/cattle/Texas/24-008749-003/2024(H5N1)	1915	762
PB1|PP755595.1|A/cattle/Texas/24-008749-003/2024(H5N1)	1916	762
PB1|PP755595.1|A/cattle/Texas/24-008749-003/2024(H5N1)	1917	762
PB1|PP755595.1|A/cattle/Texas/24-008749-003/2024(H5N1)	1918	763
PB1|PP755595.1|A/cattle/Texas/24-008749-003/2024(H5N1)	1919	772
PB1|PP755595.1|A/cattle/Texas/24-008749-003/2024(H5N1)	1920	799
PB1|PP755595.1|A/cattle/Texas/24-008749-003/2024(H5N1)	1921	886
PB1|PP755595.1|A/cattle/Texas/24-008749-003/2024(H5N1)	1922	906
PB1|PP755595.1|A/cattle/Texas/24-008749-003/2024(H5N1)	1923	914
PB1|PP755595.1|A/cattle/Texas/24-008749-003/2024(H5N1)	1924	914
PB1|PP755595.1|A/cattle/Texas/24-008749-003/2024(H5N1)	1925	946
PB1|PP755595.1|A/cattle/Texas/24-008749-003/2024(H5N1)	1926	949
PB1|PP755595.1|A/cattle/Texas/24-008749-003/2024(H5N1)	1927	960
PB1|PP755595.1|A/cattle/Texas/24-008749-003/2024(H5N1)	1928	963
PB1|PP755595.1|A/cattle/Texas/24-008749-003/2024(H5N1)	1929	969
PB1|PP755595.1|A/cattle/Texas/24-008749-003/2024(H5N1)	1930	982
PB1|PP755595.1|A/cattle/Texas/24-008749-003/2024(H5N1)	1931	984
PB1|PP755595.1|A/cattle/Texas/24-008749-003/2024(H5N1)	1932	999
PB1|PP755595.1|A/cattle/Texas/24-008749-003/2024(H5N1)	1933	999
PB1|PP755595.1|A/cattle/Texas/24-008749-003/2024(H5N1)	1934	999
PB1|PP755595.1|A/cattle/Texas/24-008749-003/2024(H5N1)	1935	998
PB1|PP755595.1|A/cattle/Texas/24-008749-003/2024(H5N1)	1936	997
PB1|PP755595.1|A/cattle/Texas/24-008749-003/2024(H5N1)	1937	997
PB1|PP755595.1|A/cattle/Texas/24-008749-003/2024(H5N1)	1938	997
PB1|PP755595.1|A/cattle/Texas/24-008749-003/2024(H5N1)	1939	988
PB1|PP755595.1|A/cattle/Texas/24-008749-003/2024(H5N1)	1940	986
PB1|PP755595.1|A/cattle/Texas/24-008749-003/2024(H5N1)	1941	974
PB1|PP755595.1|A/cattle/Texas/24-008749-003/2024(H5N1)	1942	972
PB1|PP755595.1|A/cattle/Texas/24-008749-003/2024(H5N1)	1943	966
PB1|PP755595.1|A/cattle/Texas/24-008749-003/2024(H5N1)	1944	821
PB1|PP755595.1|A/cattle/Texas/24-008749-003/2024(H5N1)	1945	821
PB1|PP755595.1|A/cattle/Texas/24-008749-003/2024(H5N1)	1946	815
PB1|PP755595.1|A/cattle/Texas/24-008749-003/2024(H5N1)	1947	815
PB1|PP755595.1|A/cattle/Texas/24-008749-003/2024(H5N1)	1948	815
PB1|PP755595.1|A/cattle/Texas/24-008749-003/2024(H5N1)	1949	815
PB1|PP755595.1|A/cattle/Texas/24-008749-003/2024(H5N1)	1950	812
PB1|PP755595.1|A/cattle/Texas/24-008749-003/2024(H5N1)	1951	812
PB1|PP755595.1|A/cattle/Texas/24-008749-003/2024(H5N1)	1952	812
PB1|PP755595.1|A/cattle/Texas/24-008749-003/2024(H5N1)	1953	812
PB1|PP755595.1|A/cattle/Texas/24-008749-003/2024(H5N1)	1954	812
PB1|PP755595.1|A/cattle/Texas/24-008749-003/2024(H5N1)	1955	810
PB1|PP755595.1|A/cattle/Texas/24-008749-003/2024(H5N1)	1956	809
PB1|PP755595.1|A/cattle/Texas/24-008749-003/2024(H5N1)	1957	809
PB1|PP755595.1|A/cattle/Texas/24-008749-003/2024(H5N1)	1958	809
PB1|PP755595.1|A/cattle/Texas/24-008749-003/2024(H5N1)	1959	808
PB1|PP755595.1|A/cattle/Texas/24-008749-003/2024(H5N1)	1960	809
PB1|PP755595.1|A/cattle/Texas/24-008749-003/2024(H5N1)	1961	809
PB1|PP755595.1|A/cattle/Texas/24-008749-003/2024(H5N1)	1962	808
PB1|PP755595.1|A/cattle/Texas/24-008749-003/2024(H5N1)	1963	963
PB1|PP755595.1|A/cattle/Texas/24-008749-003/2024(H5N1)	1964	965
PB1|PP755595.1|A/cattle/Texas/24-008749-003/2024(H5N1)	1965	971
PB1|PP755595.1|A/cattle/Texas/24-008749-003/2024(H5N1)	1966	1024
PB1|PP755595.1|A/cattle/Texas/24-008749-003/2024(H5N1)	1967	1030
PB1|PP755595.1|A/cattle/Texas/24-008749-003/2024(H5N1)	1968	1067
PB1|PP755595.1|A/cattle/Texas/24-008749-003/2024(H5N1)	1969	1067
PB1|PP755595.1|A/cattle/Texas/24-008749-003/2024(H5N1)	1970	1056
PB1|PP755595.1|A/cattle/Texas/24-008749-003/2024(H5N1)	1971	1054
PB1|PP755595.1|A/cattle/Texas/24-008749-003/2024(H5N1)	1972	1053
PB1|PP755595.1|A/cattle/Texas/24-008749-003/2024(H5N1)	1973	1053
PB1|PP755595.1|A/cattle/Texas/24-008749-003/2024(H5N1)	1974	1047
PB1|PP755595.1|A/cattle/Texas/24-008749-003/2024(H5N1)	1975	1025
PB1|PP755595.1|A/cattle/Texas/24-008749-003/2024(H5N1)	1976	1020
PB1|PP755595.1|A/cattle/Texas/24-008749-003/2024(H5N1)	1977	1000
PB1|PP755595.1|A/cattle/Texas/24-008749-003/2024(H5N1)	1978	1000
PB1|PP755595.1|A/cattle/Texas/24-008749-003/2024(H5N1)	1979	998
PB1|PP755595.1|A/cattle/Texas/24-008749-003/2024(H5N1)	1980	979
PB1|PP755595.1|A/cattle/Texas/24-008749-003/2024(H5N1)	1981	978
PB1|PP755595.1|A/cattle/Texas/24-008749-003/2024(H5N1)	1982	971
PB1|PP755595.1|A/cattle/Texas/24-008749-003/2024(H5N1)	1983	727
PB1|PP755595.1|A/cattle/Texas/24-008749-003/2024(H5N1)	1984	721
PB1|PP755595.1|A/cattle/Texas/24-008749-003/2024(H5N1)	1985	712
PB1|PP755595.1|A/cattle/Texas/24-008749-003/2024(H5N1)	1986	707
PB1|PP755595.1|A/cattle/Texas/24-008749-003/2024(H5N1)	1987	707
PB1|PP755595.1|A/cattle/Texas/24-008749-003/2024(H5N1)	1988	706
PB1|PP755595.1|A/cattle/Texas/24-008749-003/2024(H5N1)	1989	709
PB1|PP755595.1|A/cattle/Texas/24-008749-003/2024(H5N1)	1990	709
PB1|PP755595.1|A/cattle/Texas/24-008749-003/2024(H5N1)	1991	709
PB1|PP755595.1|A/cattle/Texas/24-008749-003/2024(H5N1)	1992	709
PB1|PP755595.1|A/cattle/Texas/24-008749-003/2024(H5N1)	1993	710
PB1|PP755595.1|A/cattle/Texas/24-008749-003/2024(H5N1)	1994	709
PB1|PP755595.1|A/cattle/Texas/24-008749-003/2024(H5N1)	1995	709
PB1|PP755595.1|A/cattle/Texas/24-008749-003/2024(H5N1)	1996	726
PB1|PP755595.1|A/cattle/Texas/24-008749-003/2024(H5N1)	1997	727
PB1|PP755595.1|A/cattle/Texas/24-008749-003/2024(H5N1)	1998	728
PB1|PP755595.1|A/cattle/Texas/24-008749-003/2024(H5N1)	1999	709
PB1|PP755595.1|A/cattle/Texas/24-008749-003/2024(H5N1)	2000	708
PB1|PP755595.1|A/cattle/Texas/24-008749-003/2024(H5N1)	2001	677
PB1|PP755595.1|A/cattle/Texas/24-008749-003/2024(H5N1)	2002	711
PB1|PP755595.1|A/cattle/Texas/24-008749-003/2024(H5N1)	2003	711
PB1|PP755595.1|A/cattle/Texas/24-008749-003/2024(H5N1)	2004	712
PB1|PP755595.1|A/cattle/Texas/24-008749-003/2024(H5N1)	2005	712
PB1|PP755595.1|A/cattle/Texas/24-008749-003/2024(H5N1)	2006	705
PB1|PP755595.1|A/cattle/Texas/24-008749-003/2024(H5N1)	2007	705
PB1|PP755595.1|A/cattle/Texas/24-008749-003/2024(H5N1)	2008	705
PB1|PP755595.1|A/cattle/Texas/24-008749-003/2024(H5N1)	2009	699
PB1|PP755595.1|A/cattle/Texas/24-008749-003/2024(H5N1)	2010	697
PB1|PP755595.1|A/cattle/Texas/24-008749-003/2024(H5N1)	2011	681
PB1|PP755595.1|A/cattle/Texas/24-008749-003/2024(H5N1)	2012	681
PB1|PP755595.1|A/cattle/Texas/24-008749-003/2024(H5N1)	2013	679
PB1|PP755595.1|A/cattle/Texas/24-008749-003/2024(H5N1)	2014	728
PB1|PP755595.1|A/cattle/Texas/24-008749-003/2024(H5N1)	2015	729
PB1|PP755595.1|A/cattle/Texas/24-008749-003/2024(H5N1)	2016	728
PB1|PP755595.1|A/cattle/Texas/24-008749-003/2024(H5N1)	2017	732
PB1|PP755595.1|A/cattle/Texas/24-008749-003/2024(H5N1)	2018	734
PB1|PP755595.1|A/cattle/Texas/24-008749-003/2024(H5N1)	2019	761
PB1|PP755595.1|A/cattle/Texas/24-008749-003/2024(H5N1)	2020	779
PB1|PP755595.1|A/cattle/Texas/24-008749-003/2024(H5N1)	2021	813
PB1|PP755595.1|A/cattle/Texas/24-008749-003/2024(H5N1)	2022	883
PB1|PP755595.1|A/cattle/Texas/24-008749-003/2024(H5N1)	2023	921
PB1|PP755595.1|A/cattle/Texas/24-008749-003/2024(H5N1)	2024	909
PB1|PP755595.1|A/cattle/Texas/24-008749-003/2024(H5N1)	2025	906
PB1|PP755595.1|A/cattle/Texas/24-008749-003/2024(H5N1)	2026	917
PB1|PP755595.1|A/cattle/Texas/24-008749-003/2024(H5N1)	2027	936
PB1|PP755595.1|A/cattle/Texas/24-008749-003/2024(H5N1)	2028	938
PB1|PP755595.1|A/cattle/Texas/24-008749-003/2024(H5N1)	2029	939
PB1|PP755595.1|A/cattle/Texas/24-008749-003/2024(H5N1)	2030	923
PB1|PP755595.1|A/cattle/Texas/24-008749-003/2024(H5N1)	2031	900
PB1|PP755595.1|A/cattle/Texas/24-008749-003/2024(H5N1)	2032	918
PB1|PP755595.1|A/cattle/Texas/24-008749-003/2024(H5N1)	2033	936
PB1|PP755595.1|A/cattle/Texas/24-008749-003/2024(H5N1)	2034	1029
PB1|PP755595.1|A/cattle/Texas/24-008749-003/2024(H5N1)	2035	2197
PB1|PP755595.1|A/cattle/Texas/24-008749-003/2024(H5N1)	2036	2203
PB1|PP755595.1|A/cattle/Texas/24-008749-003/2024(H5N1)	2037	2234
PB1|PP755595.1|A/cattle/Texas/24-008749-003/2024(H5N1)	2038	2300
PB1|PP755595.1|A/cattle/Texas/24-008749-003/2024(H5N1)	2039	2319
PB1|PP755595.1|A/cattle/Texas/24-008749-003/2024(H5N1)	2040	2351
PB1|PP755595.1|A/cattle/Texas/24-008749-003/2024(H5N1)	2041	2353
PB1|PP755595.1|A/cattle/Texas/24-008749-003/2024(H5N1)	2042	2357
PB1|PP755595.1|A/cattle/Texas/24-008749-003/2024(H5N1)	2043	2373
PB1|PP755595.1|A/cattle/Texas/24-008749-003/2024(H5N1)	2044	2371
PB1|PP755595.1|A/cattle/Texas/24-008749-003/2024(H5N1)	2045	2369
PB1|PP755595.1|A/cattle/Texas/24-008749-003/2024(H5N1)	2046	2367
PB1|PP755595.1|A/cattle/Texas/24-008749-003/2024(H5N1)	2047	2351
PB1|PP755595.1|A/cattle/Texas/24-008749-003/2024(H5N1)	2048	2346
PB1|PP755595.1|A/cattle/Texas/24-008749-003/2024(H5N1)	2049	2346
PB1|PP755595.1|A/cattle/Texas/24-008749-003/2024(H5N1)	2050	2345
PB1|PP755595.1|A/cattle/Texas/24-008749-003/2024(H5N1)	2051	2342
PB1|PP755595.1|A/cattle/Texas/24-008749-003/2024(H5N1)	2052	2326
PB1|PP755595.1|A/cattle/Texas/24-008749-003/2024(H5N1)	2053	2363
PB1|PP755595.1|A/cattle/Texas/24-008749-003/2024(H5N1)	2054	2358
PB1|PP755595.1|A/cattle/Texas/24-008749-003/2024(H5N1)	2055	2353
PB1|PP755595.1|A/cattle/Texas/24-008749-003/2024(H5N1)	2056	2395
PB1|PP755595.1|A/cattle/Texas/24-008749-003/2024(H5N1)	2057	2396
PB1|PP755595.1|A/cattle/Texas/24-008749-003/2024(H5N1)	2058	2397
PB1|PP755595.1|A/cattle/Texas/24-008749-003/2024(H5N1)	2059	2395
PB1|PP755595.1|A/cattle/Texas/24-008749-003/2024(H5N1)	2060	2390
PB1|PP755595.1|A/cattle/Texas/24-008749-003/2024(H5N1)	2061	2390
PB1|PP755595.1|A/cattle/Texas/24-008749-003/2024(H5N1)	2062	2389
PB1|PP755595.1|A/cattle/Texas/24-008749-003/2024(H5N1)	2063	2383
PB1|PP755595.1|A/cattle/Texas/24-008749-003/2024(H5N1)	2064	2382
PB1|PP755595.1|A/cattle/Texas/24-008749-003/2024(H5N1)	2065	2366
PB1|PP755595.1|A/cattle/Texas/24-008749-003/2024(H5N1)	2066	2358
PB1|PP755595.1|A/cattle/Texas/24-008749-003/2024(H5N1)	2067	2136
PB1|PP755595.1|A/cattle/Texas/24-008749-003/2024(H5N1)	2068	2126
PB1|PP755595.1|A/cattle/Texas/24-008749-003/2024(H5N1)	2069	2122
PB1|PP755595.1|A/cattle/Texas/24-008749-003/2024(H5N1)	2070	2117
PB1|PP755595.1|A/cattle/Texas/24-008749-003/2024(H5N1)	2071	2117
PB1|PP755595.1|A/cattle/Texas/24-008749-003/2024(H5N1)	2072	2122
PB1|PP755595.1|A/cattle/Texas/24-008749-003/2024(H5N1)	2073	2256
PB1|PP755595.1|A/cattle/Texas/24-008749-003/2024(H5N1)	2074	5987
PB1|PP755595.1|A/cattle/Texas/24-008749-003/2024(H5N1)	2075	6664
PB1|PP755595.1|A/cattle/Texas/24-008749-003/2024(H5N1)	2076	7482
PB1|PP755595.1|A/cattle/Texas/24-008749-003/2024(H5N1)	2077	7496
PB1|PP755595.1|A/cattle/Texas/24-008749-003/2024(H5N1)	2078	7511
PB1|PP755595.1|A/cattle/Texas/24-008749-003/2024(H5N1)	2079	7517
PB1|PP755595.1|A/cattle/Texas/24-008749-003/2024(H5N1)	2080	7521
PB1|PP755595.1|A/cattle/Texas/24-008749-003/2024(H5N1)	2081	7577
PB1|PP755595.1|A/cattle/Texas/24-008749-003/2024(H5N1)	2082	7618
PB1|PP755595.1|A/cattle/Texas/24-008749-003/2024(H5N1)	2083	7674
PB1|PP755595.1|A/cattle/Texas/24-008749-003/2024(H5N1)	2084	7773
PB1|PP755595.1|A/cattle/Texas/24-008749-003/2024(H5N1)	2085	7861
PB1|PP755595.1|A/cattle/Texas/24-008749-003/2024(H5N1)	2086	7868
PB1|PP755595.1|A/cattle/Texas/24-008749-003/2024(H5N1)	2087	7868
PB1|PP755595.1|A/cattle/Texas/24-008749-003/2024(H5N1)	2088	7868
PB1|PP755595.1|A/cattle/Texas/24-008749-003/2024(H5N1)	2089	7900
PB1|PP755595.1|A/cattle/Texas/24-008749-003/2024(H5N1)	2090	7908
PB1|PP755595.1|A/cattle/Texas/24-008749-003/2024(H5N1)	2091	7911
PB1|PP755595.1|A/cattle/Texas/24-008749-003/2024(H5N1)	2092	10433
PB1|PP755595.1|A/cattle/Texas/24-008749-003/2024(H5N1)	2093	10781
PB1|PP755595.1|A/cattle/Texas/24-008749-003/2024(H5N1)	2094	10821
PB1|PP755595.1|A/cattle/Texas/24-008749-003/2024(H5N1)	2095	10890
PB1|PP755595.1|A/cattle/Texas/24-008749-003/2024(H5N1)	2096	11134
PB1|PP755595.1|A/cattle/Texas/24-008749-003/2024(H5N1)	2097	11202
PB1|PP755595.1|A/cattle/Texas/24-008749-003/2024(H5N1)	2098	11371
PB1|PP755595.1|A/cattle/Texas/24-008749-003/2024(H5N1)	2099	11416
PB1|PP755595.1|A/cattle/Texas/24-008749-003/2024(H5N1)	2100	11486
PB1|PP755595.1|A/cattle/Texas/24-008749-003/2024(H5N1)	2101	11497
PB1|PP755595.1|A/cattle/Texas/24-008749-003/2024(H5N1)	2102	11497
PB1|PP755595.1|A/cattle/Texas/24-008749-003/2024(H5N1)	2103	11429
PB1|PP755595.1|A/cattle/Texas/24-008749-003/2024(H5N1)	2104	11433
PB1|PP755595.1|A/cattle/Texas/24-008749-003/2024(H5N1)	2105	11529
PB1|PP755595.1|A/cattle/Texas/24-008749-003/2024(H5N1)	2106	12382
PB1|PP755595.1|A/cattle/Texas/24-008749-003/2024(H5N1)	2107	13015
PB1|PP755595.1|A/cattle/Texas/24-008749-003/2024(H5N1)	2108	13052
PB1|PP755595.1|A/cattle/Texas/24-008749-003/2024(H5N1)	2109	13252
PB1|PP755595.1|A/cattle/Texas/24-008749-003/2024(H5N1)	2110	13546
PB1|PP755595.1|A/cattle/Texas/24-008749-003/2024(H5N1)	2111	13653
PB1|PP755595.1|A/cattle/Texas/24-008749-003/2024(H5N1)	2112	13805
PB1|PP755595.1|A/cattle/Texas/24-008749-003/2024(H5N1)	2113	13869
PB1|PP755595.1|A/cattle/Texas/24-008749-003/2024(H5N1)	2114	13862
PB1|PP755595.1|A/cattle/Texas/24-008749-003/2024(H5N1)	2115	13935
PB1|PP755595.1|A/cattle/Texas/24-008749-003/2024(H5N1)	2116	13908
PB1|PP755595.1|A/cattle/Texas/24-008749-003/2024(H5N1)	2117	13955
PB1|PP755595.1|A/cattle/Texas/24-008749-003/2024(H5N1)	2118	13850
PB1|PP755595.1|A/cattle/Texas/24-008749-003/2024(H5N1)	2119	13773
PB1|PP755595.1|A/cattle/Texas/24-008749-003/2024(H5N1)	2120	13703
PB1|PP755595.1|A/cattle/Texas/24-008749-003/2024(H5N1)	2121	12912
PB1|PP755595.1|A/cattle/Texas/24-008749-003/2024(H5N1)	2122	13014
PB1|PP755595.1|A/cattle/Texas/24-008749-003/2024(H5N1)	2123	13036
PB1|PP755595.1|A/cattle/Texas/24-008749-003/2024(H5N1)	2124	13046
PB1|PP755595.1|A/cattle/Texas/24-008749-003/2024(H5N1)	2125	13798
PB1|PP755595.1|A/cattle/Texas/24-008749-003/2024(H5N1)	2126	13916
PB1|PP755595.1|A/cattle/Texas/24-008749-003/2024(H5N1)	2127	14005
PB1|PP755595.1|A/cattle/Texas/24-008749-003/2024(H5N1)	2128	14025
PB1|PP755595.1|A/cattle/Texas/24-008749-003/2024(H5N1)	2129	14056
PB1|PP755595.1|A/cattle/Texas/24-008749-003/2024(H5N1)	2130	14123
PB1|PP755595.1|A/cattle/Texas/24-008749-003/2024(H5N1)	2131	14154
PB1|PP755595.1|A/cattle/Texas/24-008749-003/2024(H5N1)	2132	14120
PB1|PP755595.1|A/cattle/Texas/24-008749-003/2024(H5N1)	2133	14121
PB1|PP755595.1|A/cattle/Texas/24-008749-003/2024(H5N1)	2134	14559
PB1|PP755595.1|A/cattle/Texas/24-008749-003/2024(H5N1)	2135	14484
PB1|PP755595.1|A/cattle/Texas/24-008749-003/2024(H5N1)	2136	14467
PB1|PP755595.1|A/cattle/Texas/24-008749-003/2024(H5N1)	2137	14469
PB1|PP755595.1|A/cattle/Texas/24-008749-003/2024(H5N1)	2138	14551
PB1|PP755595.1|A/cattle/Texas/24-008749-003/2024(H5N1)	2139	14542
PB1|PP755595.1|A/cattle/Texas/24-008749-003/2024(H5N1)	2140	15155
PB1|PP755595.1|A/cattle/Texas/24-008749-003/2024(H5N1)	2141	15115
PB1|PP755595.1|A/cattle/Texas/24-008749-003/2024(H5N1)	2142	15174
PB1|PP755595.1|A/cattle/Texas/24-008749-003/2024(H5N1)	2143	15424
PB1|PP755595.1|A/cattle/Texas/24-008749-003/2024(H5N1)	2144	15412
PB1|PP755595.1|A/cattle/Texas/24-008749-003/2024(H5N1)	2145	15390
PB1|PP755595.1|A/cattle/Texas/24-008749-003/2024(H5N1)	2146	15378
PB1|PP755595.1|A/cattle/Texas/24-008749-003/2024(H5N1)	2147	15345
PB1|PP755595.1|A/cattle/Texas/24-008749-003/2024(H5N1)	2148	15336
PB1|PP755595.1|A/cattle/Texas/24-008749-003/2024(H5N1)	2149	15371
PB1|PP755595.1|A/cattle/Texas/24-008749-003/2024(H5N1)	2150	15290
PB1|PP755595.1|A/cattle/Texas/24-008749-003/2024(H5N1)	2151	15205
PB1|PP755595.1|A/cattle/Texas/24-008749-003/2024(H5N1)	2152	14716
PB1|PP755595.1|A/cattle/Texas/24-008749-003/2024(H5N1)	2153	14660
PB1|PP755595.1|A/cattle/Texas/24-008749-003/2024(H5N1)	2154	14734
PB1|PP755595.1|A/cattle/Texas/24-008749-003/2024(H5N1)	2155	14756
PB1|PP755595.1|A/cattle/Texas/24-008749-003/2024(H5N1)	2156	14677
PB1|PP755595.1|A/cattle/Texas/24-008749-003/2024(H5N1)	2157	14729
PB1|PP755595.1|A/cattle/Texas/24-008749-003/2024(H5N1)	2158	14611
PB1|PP755595.1|A/cattle/Texas/24-008749-003/2024(H5N1)	2159	14499
PB1|PP755595.1|A/cattle/Texas/24-008749-003/2024(H5N1)	2160	14501
PB1|PP755595.1|A/cattle/Texas/24-008749-003/2024(H5N1)	2161	14423
PB1|PP755595.1|A/cattle/Texas/24-008749-003/2024(H5N1)	2162	14395
PB1|PP755595.1|A/cattle/Texas/24-008749-003/2024(H5N1)	2163	14521
PB1|PP755595.1|A/cattle/Texas/24-008749-003/2024(H5N1)	2164	14509
PB1|PP755595.1|A/cattle/Texas/24-008749-003/2024(H5N1)	2165	14350
PB1|PP755595.1|A/cattle/Texas/24-008749-003/2024(H5N1)	2166	16039
PB1|PP755595.1|A/cattle/Texas/24-008749-003/2024(H5N1)	2167	16170
PB1|PP755595.1|A/cattle/Texas/24-008749-003/2024(H5N1)	2168	16177
PB1|PP755595.1|A/cattle/Texas/24-008749-003/2024(H5N1)	2169	16597
PB1|PP755595.1|A/cattle/Texas/24-008749-003/2024(H5N1)	2170	16615
PB1|PP755595.1|A/cattle/Texas/24-008749-003/2024(H5N1)	2171	16841
PB1|PP755595.1|A/cattle/Texas/24-008749-003/2024(H5N1)	2172	16511
PB1|PP755595.1|A/cattle/Texas/24-008749-003/2024(H5N1)	2173	16497
PB1|PP755595.1|A/cattle/Texas/24-008749-003/2024(H5N1)	2174	16438
PB1|PP755595.1|A/cattle/Texas/24-008749-003/2024(H5N1)	2175	16434
PB1|PP755595.1|A/cattle/Texas/24-008749-003/2024(H5N1)	2176	16404
PB1|PP755595.1|A/cattle/Texas/24-008749-003/2024(H5N1)	2177	16279
PB1|PP755595.1|A/cattle/Texas/24-008749-003/2024(H5N1)	2178	16264
PB1|PP755595.1|A/cattle/Texas/24-008749-003/2024(H5N1)	2179	16242
PB1|PP755595.1|A/cattle/Texas/24-008749-003/2024(H5N1)	2180	16207
PB1|PP755595.1|A/cattle/Texas/24-008749-003/2024(H5N1)	2181	16164
PB1|PP755595.1|A/cattle/Texas/24-008749-003/2024(H5N1)	2182	17513
PB1|PP755595.1|A/cattle/Texas/24-008749-003/2024(H5N1)	2183	17457
PB1|PP755595.1|A/cattle/Texas/24-008749-003/2024(H5N1)	2184	17075
PB1|PP755595.1|A/cattle/Texas/24-008749-003/2024(H5N1)	2185	17098
PB1|PP755595.1|A/cattle/Texas/24-008749-003/2024(H5N1)	2186	17045
PB1|PP755595.1|A/cattle/Texas/24-008749-003/2024(H5N1)	2187	17026
PB1|PP755595.1|A/cattle/Texas/24-008749-003/2024(H5N1)	2188	17894
PB1|PP755595.1|A/cattle/Texas/24-008749-003/2024(H5N1)	2189	17872
PB1|PP755595.1|A/cattle/Texas/24-008749-003/2024(H5N1)	2190	17631
PB1|PP755595.1|A/cattle/Texas/24-008749-003/2024(H5N1)	2191	17646
PB1|PP755595.1|A/cattle/Texas/24-008749-003/2024(H5N1)	2192	17695
PB1|PP755595.1|A/cattle/Texas/24-008749-003/2024(H5N1)	2193	17665
PB1|PP755595.1|A/cattle/Texas/24-008749-003/2024(H5N1)	2194	17520
PB1|PP755595.1|A/cattle/Texas/24-008749-003/2024(H5N1)	2195	17404
PB1|PP755595.1|A/cattle/Texas/24-008749-003/2024(H5N1)	2196	17340
PB1|PP755595.1|A/cattle/Texas/24-008749-003/2024(H5N1)	2197	17339
PB1|PP755595.1|A/cattle/Texas/24-008749-003/2024(H5N1)	2198	17334
PB1|PP755595.1|A/cattle/Texas/24-008749-003/2024(H5N1)	2199	17296
PB1|PP755595.1|A/cattle/Texas/24-008749-003/2024(H5N1)	2200	16906
PB1|PP755595.1|A/cattle/Texas/24-008749-003/2024(H5N1)	2201	16662
PB1|PP755595.1|A/cattle/Texas/24-008749-003/2024(H5N1)	2202	16654
PB1|PP755595.1|A/cattle/Texas/24-008749-003/2024(H5N1)	2203	16604
PB1|PP755595.1|A/cattle/Texas/24-008749-003/2024(H5N1)	2204	16469
PB1|PP755595.1|A/cattle/Texas/24-008749-003/2024(H5N1)	2205	16408
PB1|PP755595.1|A/cattle/Texas/24-008749-003/2024(H5N1)	2206	16396
PB1|PP755595.1|A/cattle/Texas/24-008749-003/2024(H5N1)	2207	16371
PB1|PP755595.1|A/cattle/Texas/24-008749-003/2024(H5N1)	2208	16262
PB1|PP755595.1|A/cattle/Texas/24-008749-003/2024(H5N1)	2209	16493
PB1|PP755595.1|A/cattle/Texas/24-008749-003/2024(H5N1)	2210	16499
PB1|PP755595.1|A/cattle/Texas/24-008749-003/2024(H5N1)	2211	16369
PB1|PP755595.1|A/cattle/Texas/24-008749-003/2024(H5N1)	2212	16248
PB1|PP755595.1|A/cattle/Texas/24-008749-003/2024(H5N1)	2213	16194
PB1|PP755595.1|A/cattle/Texas/24-008749-003/2024(H5N1)	2214	16159
PB1|PP755595.1|A/cattle/Texas/24-008749-003/2024(H5N1)	2215	16241
PB1|PP755595.1|A/cattle/Texas/24-008749-003/2024(H5N1)	2216	16133
PB1|PP755595.1|A/cattle/Texas/24-008749-003/2024(H5N1)	2217	16118
PB1|PP755595.1|A/cattle/Texas/24-008749-003/2024(H5N1)	2218	15994
PB1|PP755595.1|A/cattle/Texas/24-008749-003/2024(H5N1)	2219	15953
PB1|PP755595.1|A/cattle/Texas/24-008749-003/2024(H5N1)	2220	15854
PB1|PP755595.1|A/cattle/Texas/24-008749-003/2024(H5N1)	2221	15705
PB1|PP755595.1|A/cattle/Texas/24-008749-003/2024(H5N1)	2222	15269
PB1|PP755595.1|A/cattle/Texas/24-008749-003/2024(H5N1)	2223	15245
PB1|PP755595.1|A/cattle/Texas/24-008749-003/2024(H5N1)	2224	15241
PB1|PP755595.1|A/cattle/Texas/24-008749-003/2024(H5N1)	2225	14901
PB1|PP755595.1|A/cattle/Texas/24-008749-003/2024(H5N1)	2226	14873
PB1|PP755595.1|A/cattle/Texas/24-008749-003/2024(H5N1)	2227	14848
PB1|PP755595.1|A/cattle/Texas/24-008749-003/2024(H5N1)	2228	14813
PB1|PP755595.1|A/cattle/Texas/24-008749-003/2024(H5N1)	2229	14778
PB1|PP755595.1|A/cattle/Texas/24-008749-003/2024(H5N1)	2230	14754
PB1|PP755595.1|A/cattle/Texas/24-008749-003/2024(H5N1)	2231	14763
PB1|PP755595.1|A/cattle/Texas/24-008749-003/2024(H5N1)	2232	14715
PB1|PP755595.1|A/cattle/Texas/24-008749-003/2024(H5N1)	2233	14684
PB1|PP755595.1|A/cattle/Texas/24-008749-003/2024(H5N1)	2234	14620
PB1|PP755595.1|A/cattle/Texas/24-008749-003/2024(H5N1)	2235	14471
PB1|PP755595.1|A/cattle/Texas/24-008749-003/2024(H5N1)	2236	14314
PB1|PP755595.1|A/cattle/Texas/24-008749-003/2024(H5N1)	2237	14288
PB1|PP755595.1|A/cattle/Texas/24-008749-003/2024(H5N1)	2238	14184
PB1|PP755595.1|A/cattle/Texas/24-008749-003/2024(H5N1)	2239	13818
PB1|PP755595.1|A/cattle/Texas/24-008749-003/2024(H5N1)	2240	13825
PB1|PP755595.1|A/cattle/Texas/24-008749-003/2024(H5N1)	2241	13813
PB1|PP755595.1|A/cattle/Texas/24-008749-003/2024(H5N1)	2242	13809
PB1|PP755595.1|A/cattle/Texas/24-008749-003/2024(H5N1)	2243	13791
PB1|PP755595.1|A/cattle/Texas/24-008749-003/2024(H5N1)	2244	13323
PB1|PP755595.1|A/cattle/Texas/24-008749-003/2024(H5N1)	2245	13311
PB1|PP755595.1|A/cattle/Texas/24-008749-003/2024(H5N1)	2246	13350
PB1|PP755595.1|A/cattle/Texas/24-008749-003/2024(H5N1)	2247	13095
PB1|PP755595.1|A/cattle/Texas/24-008749-003/2024(H5N1)	2248	13025
PB1|PP755595.1|A/cattle/Texas/24-008749-003/2024(H5N1)	2249	12780
PB1|PP755595.1|A/cattle/Texas/24-008749-003/2024(H5N1)	2250	12717
PB1|PP755595.1|A/cattle/Texas/24-008749-003/2024(H5N1)	2251	12660
PB1|PP755595.1|A/cattle/Texas/24-008749-003/2024(H5N1)	2252	12626
PB1|PP755595.1|A/cattle/Texas/24-008749-003/2024(H5N1)	2253	12601
PB1|PP755595.1|A/cattle/Texas/24-008749-003/2024(H5N1)	2254	12575
PB1|PP755595.1|A/cattle/Texas/24-008749-003/2024(H5N1)	2255	11194
PB1|PP755595.1|A/cattle/Texas/24-008749-003/2024(H5N1)	2256	11120
PB1|PP755595.1|A/cattle/Texas/24-008749-003/2024(H5N1)	2257	10739
PB1|PP755595.1|A/cattle/Texas/24-008749-003/2024(H5N1)	2258	10608
PB1|PP755595.1|A/cattle/Texas/24-008749-003/2024(H5N1)	2259	10601
PB1|PP755595.1|A/cattle/Texas/24-008749-003/2024(H5N1)	2260	10422
PB1|PP755595.1|A/cattle/Texas/24-008749-003/2024(H5N1)	2261	10261
PB1|PP755595.1|A/cattle/Texas/24-008749-003/2024(H5N1)	2262	10246
PB1|PP755595.1|A/cattle/Texas/24-008749-003/2024(H5N1)	2263	10035
PB1|PP755595.1|A/cattle/Texas/24-008749-003/2024(H5N1)	2264	9948
PB1|PP755595.1|A/cattle/Texas/24-008749-003/2024(H5N1)	2265	9562
PB1|PP755595.1|A/cattle/Texas/24-008749-003/2024(H5N1)	2266	9469
PB1|PP755595.1|A/cattle/Texas/24-008749-003/2024(H5N1)	2267	9451
PB1|PP755595.1|A/cattle/Texas/24-008749-003/2024(H5N1)	2268	9290
PB1|PP755595.1|A/cattle/Texas/24-008749-003/2024(H5N1)	2269	9282
PB1|PP755595.1|A/cattle/Texas/24-008749-003/2024(H5N1)	2270	9273
PB1|PP755595.1|A/cattle/Texas/24-008749-003/2024(H5N1)	2271	9263
PB1|PP755595.1|A/cattle/Texas/24-008749-003/2024(H5N1)	2272	9236
PB1|PP755595.1|A/cattle/Texas/24-008749-003/2024(H5N1)	2273	9034
PB1|PP755595.1|A/cattle/Texas/24-008749-003/2024(H5N1)	2274	9005
