NA|PP755591.1|A/cattle/Texas/24-008749-003/2024(H5N1)	1	684
NA|PP755591.1|A/cattle/Texas/24-008749-003/2024(H5N1)	2	688
NA|PP755591.1|A/cattle/Texas/24-008749-003/2024(H5N1)	3	692
NA|PP755591.1|A/cattle/Texas/24-008749-003/2024(H5N1)	4	694
NA|PP755591.1|A/cattle/Texas/24-008749-003/2024(H5N1)	5	698
NA|PP755591.1|A/cattle/Texas/24-008749-003/2024(H5N1)	6	698
NA|PP755591.1|A/cattle/Texas/24-008749-003/2024(H5N1)	7	706
NA|PP755591.1|A/cattle/Texas/24-008749-003/2024(H5N1)	8	706
NA|PP755591.1|A/cattle/Texas/24-008749-003/2024(H5N1)	9	706
NA|PP755591.1|A/cattle/Texas/24-008749-003/2024(H5N1)	10	706
NA|PP755591.1|A/cattle/Texas/24-008749-003/2024(H5N1)	11	706
NA|PP755591.1|A/cattle/Texas/24-008749-003/2024(H5N1)	12	706
NA|PP755591.1|A/cattle/Texas/24-008749-003/2024(H5N1)	13	706
NA|PP755591.1|A/cattle/Texas/24-008749-003/2024(H5N1)	14	706
NA|PP755591.1|A/cattle/Texas/24-008749-003/2024(H5N1)	15	706
NA|PP755591.1|A/cattle/Texas/24-008749-003/2024(H5N1)	16	706
NA|PP755591.1|A/cattle/Texas/24-008749-003/2024(H5N1)	17	706
NA|PP755591.1|A/cattle/Texas/24-008749-003/2024(H5N1)	18	706
NA|PP755591.1|A/cattle/Texas/24-008749-003/2024(H5N1)	19	706
NA|PP755591.1|A/cattle/Texas/24-008749-003/2024(H5N1)	20	706
NA|PP755591.1|A/cattle/Texas/24-008749-003/2024(H5N1)	21	706
NA|PP755591.1|A/cattle/Texas/24-008749-003/2024(H5N1)	22	706
NA|PP755591.1|A/cattle/Texas/24-008749-003/2024(H5N1)	23	695
NA|PP755591.1|A/cattle/Texas/24-008749-003/2024(H5N1)	24	695
NA|PP755591.1|A/cattle/Texas/24-008749-003/2024(H5N1)	25	695
NA|PP755591.1|A/cattle/Texas/24-008749-003/2024(H5N1)	26	695
NA|PP755591.1|A/cattle/Texas/24-008749-003/2024(H5N1)	27	695
NA|PP755591.1|A/cattle/Texas/24-008749-003/2024(H5N1)	28	695
NA|PP755591.1|A/cattle/Texas/24-008749-003/2024(H5N1)	29	695
NA|PP755591.1|A/cattle/Texas/24-008749-003/2024(H5N1)	30	695
NA|PP755591.1|A/cattle/Texas/24-008749-003/2024(H5N1)	31	696
NA|PP755591.1|A/cattle/Texas/24-008749-003/2024(H5N1)	32	696
NA|PP755591.1|A/cattle/Texas/24-008749-003/2024(H5N1)	33	696
NA|PP755591.1|A/cattle/Texas/24-008749-003/2024(H5N1)	34	764
NA|PP755591.1|A/cattle/Texas/24-008749-003/2024(H5N1)	35	764
NA|PP755591.1|A/cattle/Texas/24-008749-003/2024(H5N1)	36	764
NA|PP755591.1|A/cattle/Texas/24-008749-003/2024(H5N1)	37	764
NA|PP755591.1|A/cattle/Texas/24-008749-003/2024(H5N1)	38	764
NA|PP755591.1|A/cattle/Texas/24-008749-003/2024(H5N1)	39	765
NA|PP755591.1|A/cattle/Texas/24-008749-003/2024(H5N1)	40	765
NA|PP755591.1|A/cattle/Texas/24-008749-003/2024(H5N1)	41	765
NA|PP755591.1|A/cattle/Texas/24-008749-003/2024(H5N1)	42	765
NA|PP755591.1|A/cattle/Texas/24-008749-003/2024(H5N1)	43	765
NA|PP755591.1|A/cattle/Texas/24-008749-003/2024(H5N1)	44	765
NA|PP755591.1|A/cattle/Texas/24-008749-003/2024(H5N1)	45	765
NA|PP755591.1|A/cattle/Texas/24-008749-003/2024(H5N1)	46	765
NA|PP755591.1|A/cattle/Texas/24-008749-003/2024(H5N1)	47	765
NA|PP755591.1|A/cattle/Texas/24-008749-003/2024(H5N1)	48	765
NA|PP755591.1|A/cattle/Texas/24-008749-003/2024(H5N1)	49	765
NA|PP755591.1|A/cattle/Texas/24-008749-003/2024(H5N1)	50	764
NA|PP755591.1|A/cattle/Texas/24-008749-003/2024(H5N1)	51	764
NA|PP755591.1|A/cattle/Texas/24-008749-003/2024(H5N1)	52	764
NA|PP755591.1|A/cattle/Texas/24-008749-003/2024(H5N1)	53	764
NA|PP755591.1|A/cattle/Texas/24-008749-003/2024(H5N1)	54	738
NA|PP755591.1|A/cattle/Texas/24-008749-003/2024(H5N1)	55	738
NA|PP755591.1|A/cattle/Texas/24-008749-003/2024(H5N1)	56	738
NA|PP755591.1|A/cattle/Texas/24-008749-003/2024(H5N1)	57	738
NA|PP755591.1|A/cattle/Texas/24-008749-003/2024(H5N1)	58	738
NA|PP755591.1|A/cattle/Texas/24-008749-003/2024(H5N1)	59	738
NA|PP755591.1|A/cattle/Texas/24-008749-003/2024(H5N1)	60	738
NA|PP755591.1|A/cattle/Texas/24-008749-003/2024(H5N1)	61	736
NA|PP755591.1|A/cattle/Texas/24-008749-003/2024(H5N1)	62	736
NA|PP755591.1|A/cattle/Texas/24-008749-003/2024(H5N1)	63	736
NA|PP755591.1|A/cattle/Texas/24-008749-003/2024(H5N1)	64	736
NA|PP755591.1|A/cattle/Texas/24-008749-003/2024(H5N1)	65	829
NA|PP755591.1|A/cattle/Texas/24-008749-003/2024(H5N1)	66	829
NA|PP755591.1|A/cattle/Texas/24-008749-003/2024(H5N1)	67	841
NA|PP755591.1|A/cattle/Texas/24-008749-003/2024(H5N1)	68	841
NA|PP755591.1|A/cattle/Texas/24-008749-003/2024(H5N1)	69	841
NA|PP755591.1|A/cattle/Texas/24-008749-003/2024(H5N1)	70	841
NA|PP755591.1|A/cattle/Texas/24-008749-003/2024(H5N1)	71	841
NA|PP755591.1|A/cattle/Texas/24-008749-003/2024(H5N1)	72	841
NA|PP755591.1|A/cattle/Texas/24-008749-003/2024(H5N1)	73	842
NA|PP755591.1|A/cattle/Texas/24-008749-003/2024(H5N1)	74	842
NA|PP755591.1|A/cattle/Texas/24-008749-003/2024(H5N1)	75	842
NA|PP755591.1|A/cattle/Texas/24-008749-003/2024(H5N1)	76	842
NA|PP755591.1|A/cattle/Texas/24-008749-003/2024(H5N1)	77	842
NA|PP755591.1|A/cattle/Texas/24-008749-003/2024(H5N1)	78	842
NA|PP755591.1|A/cattle/Texas/24-008749-003/2024(H5N1)	79	842
NA|PP755591.1|A/cattle/Texas/24-008749-003/2024(H5N1)	80	842
NA|PP755591.1|A/cattle/Texas/24-008749-003/2024(H5N1)	81	842
NA|PP755591.1|A/cattle/Texas/24-008749-003/2024(H5N1)	82	842
NA|PP755591.1|A/cattle/Texas/24-008749-003/2024(H5N1)	83	842
NA|PP755591.1|A/cattle/Texas/24-008749-003/2024(H5N1)	84	842
NA|PP755591.1|A/cattle/Texas/24-008749-003/2024(H5N1)	85	842
NA|PP755591.1|A/cattle/Texas/24-008749-003/2024(H5N1)	86	842
NA|PP755591.1|A/cattle/Texas/24-008749-003/2024(H5N1)	87	841
NA|PP755591.1|A/cattle/Texas/24-008749-003/2024(H5N1)	88	841
NA|PP755591.1|A/cattle/Texas/24-008749-003/2024(H5N1)	89	841
NA|PP755591.1|A/cattle/Texas/24-008749-003/2024(H5N1)	90	841
NA|PP755591.1|A/cattle/Texas/24-008749-003/2024(H5N1)	91	841
NA|PP755591.1|A/cattle/Texas/24-008749-003/2024(H5N1)	92	841
NA|PP755591.1|A/cattle/Texas/24-008749-003/2024(H5N1)	93	837
NA|PP755591.1|A/cattle/Texas/24-008749-003/2024(H5N1)	94	837
NA|PP755591.1|A/cattle/Texas/24-008749-003/2024(H5N1)	95	837
NA|PP755591.1|A/cattle/Texas/24-008749-003/2024(H5N1)	96	829
NA|PP755591.1|A/cattle/Texas/24-008749-003/2024(H5N1)	97	827
NA|PP755591.1|A/cattle/Texas/24-008749-003/2024(H5N1)	98	827
NA|PP755591.1|A/cattle/Texas/24-008749-003/2024(H5N1)	99	827
NA|PP755591.1|A/cattle/Texas/24-008749-003/2024(H5N1)	100	827
NA|PP755591.1|A/cattle/Texas/24-008749-003/2024(H5N1)	101	823
NA|PP755591.1|A/cattle/Texas/24-008749-003/2024(H5N1)	102	820
NA|PP755591.1|A/cattle/Texas/24-008749-003/2024(H5N1)	103	817
NA|PP755591.1|A/cattle/Texas/24-008749-003/2024(H5N1)	104	781
NA|PP755591.1|A/cattle/Texas/24-008749-003/2024(H5N1)	105	781
NA|PP755591.1|A/cattle/Texas/24-008749-003/2024(H5N1)	106	781
NA|PP755591.1|A/cattle/Texas/24-008749-003/2024(H5N1)	107	781
NA|PP755591.1|A/cattle/Texas/24-008749-003/2024(H5N1)	108	781
NA|PP755591.1|A/cattle/Texas/24-008749-003/2024(H5N1)	109	781
NA|PP755591.1|A/cattle/Texas/24-008749-003/2024(H5N1)	110	781
NA|PP755591.1|A/cattle/Texas/24-008749-003/2024(H5N1)	111	780
NA|PP755591.1|A/cattle/Texas/24-008749-003/2024(H5N1)	112	779
NA|PP755591.1|A/cattle/Texas/24-008749-003/2024(H5N1)	113	777
NA|PP755591.1|A/cattle/Texas/24-008749-003/2024(H5N1)	114	777
NA|PP755591.1|A/cattle/Texas/24-008749-003/2024(H5N1)	115	777
NA|PP755591.1|A/cattle/Texas/24-008749-003/2024(H5N1)	116	776
NA|PP755591.1|A/cattle/Texas/24-008749-003/2024(H5N1)	117	776
NA|PP755591.1|A/cattle/Texas/24-008749-003/2024(H5N1)	118	776
NA|PP755591.1|A/cattle/Texas/24-008749-003/2024(H5N1)	119	776
NA|PP755591.1|A/cattle/Texas/24-008749-003/2024(H5N1)	120	5
NA|PP755591.1|A/cattle/Texas/24-008749-003/2024(H5N1)	121	3
NA|PP755591.1|A/cattle/Texas/24-008749-003/2024(H5N1)	122	3
NA|PP755591.1|A/cattle/Texas/24-008749-003/2024(H5N1)	123	3
NA|PP755591.1|A/cattle/Texas/24-008749-003/2024(H5N1)	124	3
NA|PP755591.1|A/cattle/Texas/24-008749-003/2024(H5N1)	125	3
NA|PP755591.1|A/cattle/Texas/24-008749-003/2024(H5N1)	126	0
NA|PP755591.1|A/cattle/Texas/24-008749-003/2024(H5N1)	127	0
NA|PP755591.1|A/cattle/Texas/24-008749-003/2024(H5N1)	128	0
NA|PP755591.1|A/cattle/Texas/24-008749-003/2024(H5N1)	129	0
NA|PP755591.1|A/cattle/Texas/24-008749-003/2024(H5N1)	130	0
NA|PP755591.1|A/cattle/Texas/24-008749-003/2024(H5N1)	131	0
NA|PP755591.1|A/cattle/Texas/24-008749-003/2024(H5N1)	132	0
NA|PP755591.1|A/cattle/Texas/24-008749-003/2024(H5N1)	133	0
NA|PP755591.1|A/cattle/Texas/24-008749-003/2024(H5N1)	134	0
NA|PP755591.1|A/cattle/Texas/24-008749-003/2024(H5N1)	135	0
NA|PP755591.1|A/cattle/Texas/24-008749-003/2024(H5N1)	136	0
NA|PP755591.1|A/cattle/Texas/24-008749-003/2024(H5N1)	137	0
NA|PP755591.1|A/cattle/Texas/24-008749-003/2024(H5N1)	138	0
NA|PP755591.1|A/cattle/Texas/24-008749-003/2024(H5N1)	139	0
NA|PP755591.1|A/cattle/Texas/24-008749-003/2024(H5N1)	140	0
NA|PP755591.1|A/cattle/Texas/24-008749-003/2024(H5N1)	141	0
NA|PP755591.1|A/cattle/Texas/24-008749-003/2024(H5N1)	142	0
NA|PP755591.1|A/cattle/Texas/24-008749-003/2024(H5N1)	143	0
NA|PP755591.1|A/cattle/Texas/24-008749-003/2024(H5N1)	144	0
NA|PP755591.1|A/cattle/Texas/24-008749-003/2024(H5N1)	145	0
NA|PP755591.1|A/cattle/Texas/24-008749-003/2024(H5N1)	146	0
NA|PP755591.1|A/cattle/Texas/24-008749-003/2024(H5N1)	147	0
NA|PP755591.1|A/cattle/Texas/24-008749-003/2024(H5N1)	148	0
NA|PP755591.1|A/cattle/Texas/24-008749-003/2024(H5N1)	149	0
NA|PP755591.1|A/cattle/Texas/24-008749-003/2024(H5N1)	150	0
NA|PP755591.1|A/cattle/Texas/24-008749-003/2024(H5N1)	151	0
NA|PP755591.1|A/cattle/Texas/24-008749-003/2024(H5N1)	152	0
NA|PP755591.1|A/cattle/Texas/24-008749-003/2024(H5N1)	153	0
NA|PP755591.1|A/cattle/Texas/24-008749-003/2024(H5N1)	154	0
NA|PP755591.1|A/cattle/Texas/24-008749-003/2024(H5N1)	155	0
NA|PP755591.1|A/cattle/Texas/24-008749-003/2024(H5N1)	156	0
NA|PP755591.1|A/cattle/Texas/24-008749-003/2024(H5N1)	157	0
NA|PP755591.1|A/cattle/Texas/24-008749-003/2024(H5N1)	158	0
NA|PP755591.1|A/cattle/Texas/24-008749-003/2024(H5N1)	159	0
NA|PP755591.1|A/cattle/Texas/24-008749-003/2024(H5N1)	160	0
NA|PP755591.1|A/cattle/Texas/24-008749-003/2024(H5N1)	161	0
NA|PP755591.1|A/cattle/Texas/24-008749-003/2024(H5N1)	162	0
NA|PP755591.1|A/cattle/Texas/24-008749-003/2024(H5N1)	163	0
NA|PP755591.1|A/cattle/Texas/24-008749-003/2024(H5N1)	164	0
NA|PP755591.1|A/cattle/Texas/24-008749-003/2024(H5N1)	165	0
NA|PP755591.1|A/cattle/Texas/24-008749-003/2024(H5N1)	166	0
NA|PP755591.1|A/cattle/Texas/24-008749-003/2024(H5N1)	167	0
NA|PP755591.1|A/cattle/Texas/24-008749-003/2024(H5N1)	168	0
NA|PP755591.1|A/cattle/Texas/24-008749-003/2024(H5N1)	169	0
NA|PP755591.1|A/cattle/Texas/24-008749-003/2024(H5N1)	170	0
NA|PP755591.1|A/cattle/Texas/24-008749-003/2024(H5N1)	171	0
NA|PP755591.1|A/cattle/Texas/24-008749-003/2024(H5N1)	172	0
NA|PP755591.1|A/cattle/Texas/24-008749-003/2024(H5N1)	173	0
NA|PP755591.1|A/cattle/Texas/24-008749-003/2024(H5N1)	174	0
NA|PP755591.1|A/cattle/Texas/24-008749-003/2024(H5N1)	175	0
NA|PP755591.1|A/cattle/Texas/24-008749-003/2024(H5N1)	176	0
NA|PP755591.1|A/cattle/Texas/24-008749-003/2024(H5N1)	177	0
NA|PP755591.1|A/cattle/Texas/24-008749-003/2024(H5N1)	178	0
NA|PP755591.1|A/cattle/Texas/24-008749-003/2024(H5N1)	179	0
NA|PP755591.1|A/cattle/Texas/24-008749-003/2024(H5N1)	180	0
NA|PP755591.1|A/cattle/Texas/24-008749-003/2024(H5N1)	181	0
NA|PP755591.1|A/cattle/Texas/24-008749-003/2024(H5N1)	182	0
NA|PP755591.1|A/cattle/Texas/24-008749-003/2024(H5N1)	183	0
NA|PP755591.1|A/cattle/Texas/24-008749-003/2024(H5N1)	184	0
NA|PP755591.1|A/cattle/Texas/24-008749-003/2024(H5N1)	185	0
NA|PP755591.1|A/cattle/Texas/24-008749-003/2024(H5N1)	186	0
NA|PP755591.1|A/cattle/Texas/24-008749-003/2024(H5N1)	187	0
NA|PP755591.1|A/cattle/Texas/24-008749-003/2024(H5N1)	188	0
NA|PP755591.1|A/cattle/Texas/24-008749-003/2024(H5N1)	189	0
NA|PP755591.1|A/cattle/Texas/24-008749-003/2024(H5N1)	190	0
NA|PP755591.1|A/cattle/Texas/24-008749-003/2024(H5N1)	191	0
NA|PP755591.1|A/cattle/Texas/24-008749-003/2024(H5N1)	192	0
NA|PP755591.1|A/cattle/Texas/24-008749-003/2024(H5N1)	193	0
NA|PP755591.1|A/cattle/Texas/24-008749-003/2024(H5N1)	194	0
NA|PP755591.1|A/cattle/Texas/24-008749-003/2024(H5N1)	195	0
NA|PP755591.1|A/cattle/Texas/24-008749-003/2024(H5N1)	196	0
NA|PP755591.1|A/cattle/Texas/24-008749-003/2024(H5N1)	197	0
NA|PP755591.1|A/cattle/Texas/24-008749-003/2024(H5N1)	198	0
NA|PP755591.1|A/cattle/Texas/24-008749-003/2024(H5N1)	199	0
NA|PP755591.1|A/cattle/Texas/24-008749-003/2024(H5N1)	200	0
NA|PP755591.1|A/cattle/Texas/24-008749-003/2024(H5N1)	201	0
NA|PP755591.1|A/cattle/Texas/24-008749-003/2024(H5N1)	202	0
NA|PP755591.1|A/cattle/Texas/24-008749-003/2024(H5N1)	203	0
NA|PP755591.1|A/cattle/Texas/24-008749-003/2024(H5N1)	204	0
NA|PP755591.1|A/cattle/Texas/24-008749-003/2024(H5N1)	205	0
NA|PP755591.1|A/cattle/Texas/24-008749-003/2024(H5N1)	206	0
NA|PP755591.1|A/cattle/Texas/24-008749-003/2024(H5N1)	207	0
NA|PP755591.1|A/cattle/Texas/24-008749-003/2024(H5N1)	208	0
NA|PP755591.1|A/cattle/Texas/24-008749-003/2024(H5N1)	209	0
NA|PP755591.1|A/cattle/Texas/24-008749-003/2024(H5N1)	210	0
NA|PP755591.1|A/cattle/Texas/24-008749-003/2024(H5N1)	211	0
NA|PP755591.1|A/cattle/Texas/24-008749-003/2024(H5N1)	212	0
NA|PP755591.1|A/cattle/Texas/24-008749-003/2024(H5N1)	213	0
NA|PP755591.1|A/cattle/Texas/24-008749-003/2024(H5N1)	214	0
NA|PP755591.1|A/cattle/Texas/24-008749-003/2024(H5N1)	215	0
NA|PP755591.1|A/cattle/Texas/24-008749-003/2024(H5N1)	216	0
NA|PP755591.1|A/cattle/Texas/24-008749-003/2024(H5N1)	217	0
NA|PP755591.1|A/cattle/Texas/24-008749-003/2024(H5N1)	218	0
NA|PP755591.1|A/cattle/Texas/24-008749-003/2024(H5N1)	219	0
NA|PP755591.1|A/cattle/Texas/24-008749-003/2024(H5N1)	220	0
NA|PP755591.1|A/cattle/Texas/24-008749-003/2024(H5N1)	221	0
NA|PP755591.1|A/cattle/Texas/24-008749-003/2024(H5N1)	222	0
NA|PP755591.1|A/cattle/Texas/24-008749-003/2024(H5N1)	223	0
NA|PP755591.1|A/cattle/Texas/24-008749-003/2024(H5N1)	224	0
NA|PP755591.1|A/cattle/Texas/24-008749-003/2024(H5N1)	225	0
NA|PP755591.1|A/cattle/Texas/24-008749-003/2024(H5N1)	226	0
NA|PP755591.1|A/cattle/Texas/24-008749-003/2024(H5N1)	227	0
NA|PP755591.1|A/cattle/Texas/24-008749-003/2024(H5N1)	228	0
NA|PP755591.1|A/cattle/Texas/24-008749-003/2024(H5N1)	229	0
NA|PP755591.1|A/cattle/Texas/24-008749-003/2024(H5N1)	230	0
NA|PP755591.1|A/cattle/Texas/24-008749-003/2024(H5N1)	231	0
NA|PP755591.1|A/cattle/Texas/24-008749-003/2024(H5N1)	232	0
NA|PP755591.1|A/cattle/Texas/24-008749-003/2024(H5N1)	233	0
NA|PP755591.1|A/cattle/Texas/24-008749-003/2024(H5N1)	234	0
NA|PP755591.1|A/cattle/Texas/24-008749-003/2024(H5N1)	235	0
NA|PP755591.1|A/cattle/Texas/24-008749-003/2024(H5N1)	236	0
NA|PP755591.1|A/cattle/Texas/24-008749-003/2024(H5N1)	237	0
NA|PP755591.1|A/cattle/Texas/24-008749-003/2024(H5N1)	238	0
NA|PP755591.1|A/cattle/Texas/24-008749-003/2024(H5N1)	239	0
NA|PP755591.1|A/cattle/Texas/24-008749-003/2024(H5N1)	240	0
NA|PP755591.1|A/cattle/Texas/24-008749-003/2024(H5N1)	241	0
NA|PP755591.1|A/cattle/Texas/24-008749-003/2024(H5N1)	242	0
NA|PP755591.1|A/cattle/Texas/24-008749-003/2024(H5N1)	243	0
NA|PP755591.1|A/cattle/Texas/24-008749-003/2024(H5N1)	244	0
NA|PP755591.1|A/cattle/Texas/24-008749-003/2024(H5N1)	245	0
NA|PP755591.1|A/cattle/Texas/24-008749-003/2024(H5N1)	246	0
NA|PP755591.1|A/cattle/Texas/24-008749-003/2024(H5N1)	247	0
NA|PP755591.1|A/cattle/Texas/24-008749-003/2024(H5N1)	248	0
NA|PP755591.1|A/cattle/Texas/24-008749-003/2024(H5N1)	249	0
NA|PP755591.1|A/cattle/Texas/24-008749-003/2024(H5N1)	250	0
NA|PP755591.1|A/cattle/Texas/24-008749-003/2024(H5N1)	251	0
NA|PP755591.1|A/cattle/Texas/24-008749-003/2024(H5N1)	252	0
NA|PP755591.1|A/cattle/Texas/24-008749-003/2024(H5N1)	253	0
NA|PP755591.1|A/cattle/Texas/24-008749-003/2024(H5N1)	254	0
NA|PP755591.1|A/cattle/Texas/24-008749-003/2024(H5N1)	255	0
NA|PP755591.1|A/cattle/Texas/24-008749-003/2024(H5N1)	256	0
NA|PP755591.1|A/cattle/Texas/24-008749-003/2024(H5N1)	257	0
NA|PP755591.1|A/cattle/Texas/24-008749-003/2024(H5N1)	258	0
NA|PP755591.1|A/cattle/Texas/24-008749-003/2024(H5N1)	259	0
NA|PP755591.1|A/cattle/Texas/24-008749-003/2024(H5N1)	260	0
NA|PP755591.1|A/cattle/Texas/24-008749-003/2024(H5N1)	261	0
NA|PP755591.1|A/cattle/Texas/24-008749-003/2024(H5N1)	262	0
NA|PP755591.1|A/cattle/Texas/24-008749-003/2024(H5N1)	263	0
NA|PP755591.1|A/cattle/Texas/24-008749-003/2024(H5N1)	264	0
NA|PP755591.1|A/cattle/Texas/24-008749-003/2024(H5N1)	265	0
NA|PP755591.1|A/cattle/Texas/24-008749-003/2024(H5N1)	266	0
NA|PP755591.1|A/cattle/Texas/24-008749-003/2024(H5N1)	267	0
NA|PP755591.1|A/cattle/Texas/24-008749-003/2024(H5N1)	268	0
NA|PP755591.1|A/cattle/Texas/24-008749-003/2024(H5N1)	269	0
NA|PP755591.1|A/cattle/Texas/24-008749-003/2024(H5N1)	270	0
NA|PP755591.1|A/cattle/Texas/24-008749-003/2024(H5N1)	271	0
NA|PP755591.1|A/cattle/Texas/24-008749-003/2024(H5N1)	272	0
NA|PP755591.1|A/cattle/Texas/24-008749-003/2024(H5N1)	273	0
NA|PP755591.1|A/cattle/Texas/24-008749-003/2024(H5N1)	274	0
NA|PP755591.1|A/cattle/Texas/24-008749-003/2024(H5N1)	275	0
NA|PP755591.1|A/cattle/Texas/24-008749-003/2024(H5N1)	276	0
NA|PP755591.1|A/cattle/Texas/24-008749-003/2024(H5N1)	277	0
NA|PP755591.1|A/cattle/Texas/24-008749-003/2024(H5N1)	278	0
NA|PP755591.1|A/cattle/Texas/24-008749-003/2024(H5N1)	279	0
NA|PP755591.1|A/cattle/Texas/24-008749-003/2024(H5N1)	280	0
NA|PP755591.1|A/cattle/Texas/24-008749-003/2024(H5N1)	281	0
NA|PP755591.1|A/cattle/Texas/24-008749-003/2024(H5N1)	282	0
NA|PP755591.1|A/cattle/Texas/24-008749-003/2024(H5N1)	283	3
NA|PP755591.1|A/cattle/Texas/24-008749-003/2024(H5N1)	284	3
NA|PP755591.1|A/cattle/Texas/24-008749-003/2024(H5N1)	285	3
NA|PP755591.1|A/cattle/Texas/24-008749-003/2024(H5N1)	286	3
NA|PP755591.1|A/cattle/Texas/24-008749-003/2024(H5N1)	287	3
NA|PP755591.1|A/cattle/Texas/24-008749-003/2024(H5N1)	288	3
NA|PP755591.1|A/cattle/Texas/24-008749-003/2024(H5N1)	289	3
NA|PP755591.1|A/cattle/Texas/24-008749-003/2024(H5N1)	290	3
NA|PP755591.1|A/cattle/Texas/24-008749-003/2024(H5N1)	291	3
NA|PP755591.1|A/cattle/Texas/24-008749-003/2024(H5N1)	292	4
NA|PP755591.1|A/cattle/Texas/24-008749-003/2024(H5N1)	293	4
NA|PP755591.1|A/cattle/Texas/24-008749-003/2024(H5N1)	294	4
NA|PP755591.1|A/cattle/Texas/24-008749-003/2024(H5N1)	295	5
NA|PP755591.1|A/cattle/Texas/24-008749-003/2024(H5N1)	296	5
NA|PP755591.1|A/cattle/Texas/24-008749-003/2024(H5N1)	297	5
NA|PP755591.1|A/cattle/Texas/24-008749-003/2024(H5N1)	298	5
NA|PP755591.1|A/cattle/Texas/24-008749-003/2024(H5N1)	299	5
NA|PP755591.1|A/cattle/Texas/24-008749-003/2024(H5N1)	300	5
NA|PP755591.1|A/cattle/Texas/24-008749-003/2024(H5N1)	301	5
NA|PP755591.1|A/cattle/Texas/24-008749-003/2024(H5N1)	302	5
NA|PP755591.1|A/cattle/Texas/24-008749-003/2024(H5N1)	303	5
NA|PP755591.1|A/cattle/Texas/24-008749-003/2024(H5N1)	304	5
NA|PP755591.1|A/cattle/Texas/24-008749-003/2024(H5N1)	305	5
NA|PP755591.1|A/cattle/Texas/24-008749-003/2024(H5N1)	306	5
NA|PP755591.1|A/cattle/Texas/24-008749-003/2024(H5N1)	307	5
NA|PP755591.1|A/cattle/Texas/24-008749-003/2024(H5N1)	308	5
NA|PP755591.1|A/cattle/Texas/24-008749-003/2024(H5N1)	309	5
NA|PP755591.1|A/cattle/Texas/24-008749-003/2024(H5N1)	310	5
NA|PP755591.1|A/cattle/Texas/24-008749-003/2024(H5N1)	311	5
NA|PP755591.1|A/cattle/Texas/24-008749-003/2024(H5N1)	312	5
NA|PP755591.1|A/cattle/Texas/24-008749-003/2024(H5N1)	313	5
NA|PP755591.1|A/cattle/Texas/24-008749-003/2024(H5N1)	314	5
NA|PP755591.1|A/cattle/Texas/24-008749-003/2024(H5N1)	315	5
NA|PP755591.1|A/cattle/Texas/24-008749-003/2024(H5N1)	316	5
NA|PP755591.1|A/cattle/Texas/24-008749-003/2024(H5N1)	317	5
NA|PP755591.1|A/cattle/Texas/24-008749-003/2024(H5N1)	318	5
NA|PP755591.1|A/cattle/Texas/24-008749-003/2024(H5N1)	319	5
NA|PP755591.1|A/cattle/Texas/24-008749-003/2024(H5N1)	320	5
NA|PP755591.1|A/cattle/Texas/24-008749-003/2024(H5N1)	321	3
NA|PP755591.1|A/cattle/Texas/24-008749-003/2024(H5N1)	322	3
NA|PP755591.1|A/cattle/Texas/24-008749-003/2024(H5N1)	323	3
NA|PP755591.1|A/cattle/Texas/24-008749-003/2024(H5N1)	324	3
NA|PP755591.1|A/cattle/Texas/24-008749-003/2024(H5N1)	325	3
NA|PP755591.1|A/cattle/Texas/24-008749-003/2024(H5N1)	326	3
NA|PP755591.1|A/cattle/Texas/24-008749-003/2024(H5N1)	327	3
NA|PP755591.1|A/cattle/Texas/24-008749-003/2024(H5N1)	328	3
NA|PP755591.1|A/cattle/Texas/24-008749-003/2024(H5N1)	329	3
NA|PP755591.1|A/cattle/Texas/24-008749-003/2024(H5N1)	330	3
NA|PP755591.1|A/cattle/Texas/24-008749-003/2024(H5N1)	331	3
NA|PP755591.1|A/cattle/Texas/24-008749-003/2024(H5N1)	332	3
NA|PP755591.1|A/cattle/Texas/24-008749-003/2024(H5N1)	333	3
NA|PP755591.1|A/cattle/Texas/24-008749-003/2024(H5N1)	334	3
NA|PP755591.1|A/cattle/Texas/24-008749-003/2024(H5N1)	335	3
NA|PP755591.1|A/cattle/Texas/24-008749-003/2024(H5N1)	336	3
NA|PP755591.1|A/cattle/Texas/24-008749-003/2024(H5N1)	337	3
NA|PP755591.1|A/cattle/Texas/24-008749-003/2024(H5N1)	338	3
NA|PP755591.1|A/cattle/Texas/24-008749-003/2024(H5N1)	339	3
NA|PP755591.1|A/cattle/Texas/24-008749-003/2024(H5N1)	340	3
NA|PP755591.1|A/cattle/Texas/24-008749-003/2024(H5N1)	341	3
NA|PP755591.1|A/cattle/Texas/24-008749-003/2024(H5N1)	342	3
NA|PP755591.1|A/cattle/Texas/24-008749-003/2024(H5N1)	343	3
NA|PP755591.1|A/cattle/Texas/24-008749-003/2024(H5N1)	344	3
NA|PP755591.1|A/cattle/Texas/24-008749-003/2024(H5N1)	345	3
NA|PP755591.1|A/cattle/Texas/24-008749-003/2024(H5N1)	346	3
NA|PP755591.1|A/cattle/Texas/24-008749-003/2024(H5N1)	347	3
NA|PP755591.1|A/cattle/Texas/24-008749-003/2024(H5N1)	348	3
NA|PP755591.1|A/cattle/Texas/24-008749-003/2024(H5N1)	349	3
NA|PP755591.1|A/cattle/Texas/24-008749-003/2024(H5N1)	350	3
NA|PP755591.1|A/cattle/Texas/24-008749-003/2024(H5N1)	351	3
NA|PP755591.1|A/cattle/Texas/24-008749-003/2024(H5N1)	352	3
NA|PP755591.1|A/cattle/Texas/24-008749-003/2024(H5N1)	353	3
NA|PP755591.1|A/cattle/Texas/24-008749-003/2024(H5N1)	354	3
NA|PP755591.1|A/cattle/Texas/24-008749-003/2024(H5N1)	355	3
NA|PP755591.1|A/cattle/Texas/24-008749-003/2024(H5N1)	356	3
NA|PP755591.1|A/cattle/Texas/24-008749-003/2024(H5N1)	357	3
NA|PP755591.1|A/cattle/Texas/24-008749-003/2024(H5N1)	358	3
NA|PP755591.1|A/cattle/Texas/24-008749-003/2024(H5N1)	359	3
NA|PP755591.1|A/cattle/Texas/24-008749-003/2024(H5N1)	360	3
NA|PP755591.1|A/cattle/Texas/24-008749-003/2024(H5N1)	361	4
NA|PP755591.1|A/cattle/Texas/24-008749-003/2024(H5N1)	362	4
NA|PP755591.1|A/cattle/Texas/24-008749-003/2024(H5N1)	363	4
NA|PP755591.1|A/cattle/Texas/24-008749-003/2024(H5N1)	364	5
NA|PP755591.1|A/cattle/Texas/24-008749-003/2024(H5N1)	365	5
NA|PP755591.1|A/cattle/Texas/24-008749-003/2024(H5N1)	366	6
NA|PP755591.1|A/cattle/Texas/24-008749-003/2024(H5N1)	367	1351
NA|PP755591.1|A/cattle/Texas/24-008749-003/2024(H5N1)	368	1352
NA|PP755591.1|A/cattle/Texas/24-008749-003/2024(H5N1)	369	1356
NA|PP755591.1|A/cattle/Texas/24-008749-003/2024(H5N1)	370	1363
NA|PP755591.1|A/cattle/Texas/24-008749-003/2024(H5N1)	371	1363
NA|PP755591.1|A/cattle/Texas/24-008749-003/2024(H5N1)	372	1363
NA|PP755591.1|A/cattle/Texas/24-008749-003/2024(H5N1)	373	1363
NA|PP755591.1|A/cattle/Texas/24-008749-003/2024(H5N1)	374	1363
NA|PP755591.1|A/cattle/Texas/24-008749-003/2024(H5N1)	375	1363
NA|PP755591.1|A/cattle/Texas/24-008749-003/2024(H5N1)	376	1528
NA|PP755591.1|A/cattle/Texas/24-008749-003/2024(H5N1)	377	1532
NA|PP755591.1|A/cattle/Texas/24-008749-003/2024(H5N1)	378	1549
NA|PP755591.1|A/cattle/Texas/24-008749-003/2024(H5N1)	379	1549
NA|PP755591.1|A/cattle/Texas/24-008749-003/2024(H5N1)	380	1549
NA|PP755591.1|A/cattle/Texas/24-008749-003/2024(H5N1)	381	1549
NA|PP755591.1|A/cattle/Texas/24-008749-003/2024(H5N1)	382	1549
NA|PP755591.1|A/cattle/Texas/24-008749-003/2024(H5N1)	383	1549
NA|PP755591.1|A/cattle/Texas/24-008749-003/2024(H5N1)	384	1549
NA|PP755591.1|A/cattle/Texas/24-008749-003/2024(H5N1)	385	1549
NA|PP755591.1|A/cattle/Texas/24-008749-003/2024(H5N1)	386	1549
NA|PP755591.1|A/cattle/Texas/24-008749-003/2024(H5N1)	387	1549
NA|PP755591.1|A/cattle/Texas/24-008749-003/2024(H5N1)	388	1548
NA|PP755591.1|A/cattle/Texas/24-008749-003/2024(H5N1)	389	1548
NA|PP755591.1|A/cattle/Texas/24-008749-003/2024(H5N1)	390	1548
NA|PP755591.1|A/cattle/Texas/24-008749-003/2024(H5N1)	391	1548
NA|PP755591.1|A/cattle/Texas/24-008749-003/2024(H5N1)	392	1548
NA|PP755591.1|A/cattle/Texas/24-008749-003/2024(H5N1)	393	1548
NA|PP755591.1|A/cattle/Texas/24-008749-003/2024(H5N1)	394	1548
NA|PP755591.1|A/cattle/Texas/24-008749-003/2024(H5N1)	395	1548
NA|PP755591.1|A/cattle/Texas/24-008749-003/2024(H5N1)	396	1522
NA|PP755591.1|A/cattle/Texas/24-008749-003/2024(H5N1)	397	1522
NA|PP755591.1|A/cattle/Texas/24-008749-003/2024(H5N1)	398	1521
NA|PP755591.1|A/cattle/Texas/24-008749-003/2024(H5N1)	399	764
NA|PP755591.1|A/cattle/Texas/24-008749-003/2024(H5N1)	400	763
NA|PP755591.1|A/cattle/Texas/24-008749-003/2024(H5N1)	401	763
NA|PP755591.1|A/cattle/Texas/24-008749-003/2024(H5N1)	402	763
NA|PP755591.1|A/cattle/Texas/24-008749-003/2024(H5N1)	403	763
NA|PP755591.1|A/cattle/Texas/24-008749-003/2024(H5N1)	404	763
NA|PP755591.1|A/cattle/Texas/24-008749-003/2024(H5N1)	405	764
NA|PP755591.1|A/cattle/Texas/24-008749-003/2024(H5N1)	406	764
NA|PP755591.1|A/cattle/Texas/24-008749-003/2024(H5N1)	407	764
NA|PP755591.1|A/cattle/Texas/24-008749-003/2024(H5N1)	408	764
NA|PP755591.1|A/cattle/Texas/24-008749-003/2024(H5N1)	409	764
NA|PP755591.1|A/cattle/Texas/24-008749-003/2024(H5N1)	410	765
NA|PP755591.1|A/cattle/Texas/24-008749-003/2024(H5N1)	411	763
NA|PP755591.1|A/cattle/Texas/24-008749-003/2024(H5N1)	412	824
NA|PP755591.1|A/cattle/Texas/24-008749-003/2024(H5N1)	413	829
NA|PP755591.1|A/cattle/Texas/24-008749-003/2024(H5N1)	414	829
NA|PP755591.1|A/cattle/Texas/24-008749-003/2024(H5N1)	415	878
NA|PP755591.1|A/cattle/Texas/24-008749-003/2024(H5N1)	416	895
NA|PP755591.1|A/cattle/Texas/24-008749-003/2024(H5N1)	417	1052
NA|PP755591.1|A/cattle/Texas/24-008749-003/2024(H5N1)	418	1182
NA|PP755591.1|A/cattle/Texas/24-008749-003/2024(H5N1)	419	1758
NA|PP755591.1|A/cattle/Texas/24-008749-003/2024(H5N1)	420	1761
NA|PP755591.1|A/cattle/Texas/24-008749-003/2024(H5N1)	421	1766
NA|PP755591.1|A/cattle/Texas/24-008749-003/2024(H5N1)	422	1799
NA|PP755591.1|A/cattle/Texas/24-008749-003/2024(H5N1)	423	1810
NA|PP755591.1|A/cattle/Texas/24-008749-003/2024(H5N1)	424	1832
NA|PP755591.1|A/cattle/Texas/24-008749-003/2024(H5N1)	425	1832
NA|PP755591.1|A/cattle/Texas/24-008749-003/2024(H5N1)	426	1832
NA|PP755591.1|A/cattle/Texas/24-008749-003/2024(H5N1)	427	1842
NA|PP755591.1|A/cattle/Texas/24-008749-003/2024(H5N1)	428	1842
NA|PP755591.1|A/cattle/Texas/24-008749-003/2024(H5N1)	429	1903
NA|PP755591.1|A/cattle/Texas/24-008749-003/2024(H5N1)	430	1962
NA|PP755591.1|A/cattle/Texas/24-008749-003/2024(H5N1)	431	1968
NA|PP755591.1|A/cattle/Texas/24-008749-003/2024(H5N1)	432	2048
NA|PP755591.1|A/cattle/Texas/24-008749-003/2024(H5N1)	433	2083
NA|PP755591.1|A/cattle/Texas/24-008749-003/2024(H5N1)	434	2089
NA|PP755591.1|A/cattle/Texas/24-008749-003/2024(H5N1)	435	2102
NA|PP755591.1|A/cattle/Texas/24-008749-003/2024(H5N1)	436	2108
NA|PP755591.1|A/cattle/Texas/24-008749-003/2024(H5N1)	437	2146
NA|PP755591.1|A/cattle/Texas/24-008749-003/2024(H5N1)	438	2151
NA|PP755591.1|A/cattle/Texas/24-008749-003/2024(H5N1)	439	2151
NA|PP755591.1|A/cattle/Texas/24-008749-003/2024(H5N1)	440	2151
NA|PP755591.1|A/cattle/Texas/24-008749-003/2024(H5N1)	441	2149
NA|PP755591.1|A/cattle/Texas/24-008749-003/2024(H5N1)	442	2173
NA|PP755591.1|A/cattle/Texas/24-008749-003/2024(H5N1)	443	2235
NA|PP755591.1|A/cattle/Texas/24-008749-003/2024(H5N1)	444	2235
NA|PP755591.1|A/cattle/Texas/24-008749-003/2024(H5N1)	445	2473
NA|PP755591.1|A/cattle/Texas/24-008749-003/2024(H5N1)	446	2473
NA|PP755591.1|A/cattle/Texas/24-008749-003/2024(H5N1)	447	2552
NA|PP755591.1|A/cattle/Texas/24-008749-003/2024(H5N1)	448	2559
NA|PP755591.1|A/cattle/Texas/24-008749-003/2024(H5N1)	449	2559
NA|PP755591.1|A/cattle/Texas/24-008749-003/2024(H5N1)	450	2559
NA|PP755591.1|A/cattle/Texas/24-008749-003/2024(H5N1)	451	2573
NA|PP755591.1|A/cattle/Texas/24-008749-003/2024(H5N1)	452	2589
NA|PP755591.1|A/cattle/Texas/24-008749-003/2024(H5N1)	453	2621
NA|PP755591.1|A/cattle/Texas/24-008749-003/2024(H5N1)	454	2704
NA|PP755591.1|A/cattle/Texas/24-008749-003/2024(H5N1)	455	2705
NA|PP755591.1|A/cattle/Texas/24-008749-003/2024(H5N1)	456	2878
NA|PP755591.1|A/cattle/Texas/24-008749-003/2024(H5N1)	457	2890
NA|PP755591.1|A/cattle/Texas/24-008749-003/2024(H5N1)	458	2896
NA|PP755591.1|A/cattle/Texas/24-008749-003/2024(H5N1)	459	3237
NA|PP755591.1|A/cattle/Texas/24-008749-003/2024(H5N1)	460	3248
NA|PP755591.1|A/cattle/Texas/24-008749-003/2024(H5N1)	461	3289
NA|PP755591.1|A/cattle/Texas/24-008749-003/2024(H5N1)	462	3320
NA|PP755591.1|A/cattle/Texas/24-008749-003/2024(H5N1)	463	3331
NA|PP755591.1|A/cattle/Texas/24-008749-003/2024(H5N1)	464	3414
NA|PP755591.1|A/cattle/Texas/24-008749-003/2024(H5N1)	465	3338
NA|PP755591.1|A/cattle/Texas/24-008749-003/2024(H5N1)	466	3337
NA|PP755591.1|A/cattle/Texas/24-008749-003/2024(H5N1)	467	3336
NA|PP755591.1|A/cattle/Texas/24-008749-003/2024(H5N1)	468	3333
NA|PP755591.1|A/cattle/Texas/24-008749-003/2024(H5N1)	469	3324
NA|PP755591.1|A/cattle/Texas/24-008749-003/2024(H5N1)	470	3272
NA|PP755591.1|A/cattle/Texas/24-008749-003/2024(H5N1)	471	2837
NA|PP755591.1|A/cattle/Texas/24-008749-003/2024(H5N1)	472	2837
NA|PP755591.1|A/cattle/Texas/24-008749-003/2024(H5N1)	473	2839
NA|PP755591.1|A/cattle/Texas/24-008749-003/2024(H5N1)	474	2849
NA|PP755591.1|A/cattle/Texas/24-008749-003/2024(H5N1)	475	2849
NA|PP755591.1|A/cattle/Texas/24-008749-003/2024(H5N1)	476	2849
NA|PP755591.1|A/cattle/Texas/24-008749-003/2024(H5N1)	477	2849
NA|PP755591.1|A/cattle/Texas/24-008749-003/2024(H5N1)	478	2849
NA|PP755591.1|A/cattle/Texas/24-008749-003/2024(H5N1)	479	2850
NA|PP755591.1|A/cattle/Texas/24-008749-003/2024(H5N1)	480	2850
NA|PP755591.1|A/cattle/Texas/24-008749-003/2024(H5N1)	481	2850
NA|PP755591.1|A/cattle/Texas/24-008749-003/2024(H5N1)	482	2853
NA|PP755591.1|A/cattle/Texas/24-008749-003/2024(H5N1)	483	2852
NA|PP755591.1|A/cattle/Texas/24-008749-003/2024(H5N1)	484	2854
NA|PP755591.1|A/cattle/Texas/24-008749-003/2024(H5N1)	485	2855
NA|PP755591.1|A/cattle/Texas/24-008749-003/2024(H5N1)	486	2855
NA|PP755591.1|A/cattle/Texas/24-008749-003/2024(H5N1)	487	2902
NA|PP755591.1|A/cattle/Texas/24-008749-003/2024(H5N1)	488	2960
NA|PP755591.1|A/cattle/Texas/24-008749-003/2024(H5N1)	489	2968
NA|PP755591.1|A/cattle/Texas/24-008749-003/2024(H5N1)	490	3693
NA|PP755591.1|A/cattle/Texas/24-008749-003/2024(H5N1)	491	3751
NA|PP755591.1|A/cattle/Texas/24-008749-003/2024(H5N1)	492	3762
NA|PP755591.1|A/cattle/Texas/24-008749-003/2024(H5N1)	493	3762
NA|PP755591.1|A/cattle/Texas/24-008749-003/2024(H5N1)	494	3795
NA|PP755591.1|A/cattle/Texas/24-008749-003/2024(H5N1)	495	3811
NA|PP755591.1|A/cattle/Texas/24-008749-003/2024(H5N1)	496	3912
NA|PP755591.1|A/cattle/Texas/24-008749-003/2024(H5N1)	497	3984
NA|PP755591.1|A/cattle/Texas/24-008749-003/2024(H5N1)	498	4005
NA|PP755591.1|A/cattle/Texas/24-008749-003/2024(H5N1)	499	4047
NA|PP755591.1|A/cattle/Texas/24-008749-003/2024(H5N1)	500	4049
NA|PP755591.1|A/cattle/Texas/24-008749-003/2024(H5N1)	501	4135
NA|PP755591.1|A/cattle/Texas/24-008749-003/2024(H5N1)	502	4434
NA|PP755591.1|A/cattle/Texas/24-008749-003/2024(H5N1)	503	4434
NA|PP755591.1|A/cattle/Texas/24-008749-003/2024(H5N1)	504	4434
NA|PP755591.1|A/cattle/Texas/24-008749-003/2024(H5N1)	505	4487
NA|PP755591.1|A/cattle/Texas/24-008749-003/2024(H5N1)	506	4488
NA|PP755591.1|A/cattle/Texas/24-008749-003/2024(H5N1)	507	4533
NA|PP755591.1|A/cattle/Texas/24-008749-003/2024(H5N1)	508	5096
NA|PP755591.1|A/cattle/Texas/24-008749-003/2024(H5N1)	509	5160
NA|PP755591.1|A/cattle/Texas/24-008749-003/2024(H5N1)	510	5182
NA|PP755591.1|A/cattle/Texas/24-008749-003/2024(H5N1)	511	5190
NA|PP755591.1|A/cattle/Texas/24-008749-003/2024(H5N1)	512	5271
NA|PP755591.1|A/cattle/Texas/24-008749-003/2024(H5N1)	513	5273
NA|PP755591.1|A/cattle/Texas/24-008749-003/2024(H5N1)	514	5277
NA|PP755591.1|A/cattle/Texas/24-008749-003/2024(H5N1)	515	5279
NA|PP755591.1|A/cattle/Texas/24-008749-003/2024(H5N1)	516	5279
NA|PP755591.1|A/cattle/Texas/24-008749-003/2024(H5N1)	517	5306
NA|PP755591.1|A/cattle/Texas/24-008749-003/2024(H5N1)	518	5318
NA|PP755591.1|A/cattle/Texas/24-008749-003/2024(H5N1)	519	5387
NA|PP755591.1|A/cattle/Texas/24-008749-003/2024(H5N1)	520	5445
NA|PP755591.1|A/cattle/Texas/24-008749-003/2024(H5N1)	521	5445
NA|PP755591.1|A/cattle/Texas/24-008749-003/2024(H5N1)	522	5461
NA|PP755591.1|A/cattle/Texas/24-008749-003/2024(H5N1)	523	5461
NA|PP755591.1|A/cattle/Texas/24-008749-003/2024(H5N1)	524	5484
NA|PP755591.1|A/cattle/Texas/24-008749-003/2024(H5N1)	525	5497
NA|PP755591.1|A/cattle/Texas/24-008749-003/2024(H5N1)	526	5543
NA|PP755591.1|A/cattle/Texas/24-008749-003/2024(H5N1)	527	5463
NA|PP755591.1|A/cattle/Texas/24-008749-003/2024(H5N1)	528	5463
NA|PP755591.1|A/cattle/Texas/24-008749-003/2024(H5N1)	529	5499
NA|PP755591.1|A/cattle/Texas/24-008749-003/2024(H5N1)	530	5508
NA|PP755591.1|A/cattle/Texas/24-008749-003/2024(H5N1)	531	5526
NA|PP755591.1|A/cattle/Texas/24-008749-003/2024(H5N1)	532	5520
NA|PP755591.1|A/cattle/Texas/24-008749-003/2024(H5N1)	533	5567
NA|PP755591.1|A/cattle/Texas/24-008749-003/2024(H5N1)	534	5623
NA|PP755591.1|A/cattle/Texas/24-008749-003/2024(H5N1)	535	5627
NA|PP755591.1|A/cattle/Texas/24-008749-003/2024(H5N1)	536	5625
NA|PP755591.1|A/cattle/Texas/24-008749-003/2024(H5N1)	537	5710
NA|PP755591.1|A/cattle/Texas/24-008749-003/2024(H5N1)	538	5715
NA|PP755591.1|A/cattle/Texas/24-008749-003/2024(H5N1)	539	5725
NA|PP755591.1|A/cattle/Texas/24-008749-003/2024(H5N1)	540	5719
NA|PP755591.1|A/cattle/Texas/24-008749-003/2024(H5N1)	541	5767
NA|PP755591.1|A/cattle/Texas/24-008749-003/2024(H5N1)	542	5936
NA|PP755591.1|A/cattle/Texas/24-008749-003/2024(H5N1)	543	5937
NA|PP755591.1|A/cattle/Texas/24-008749-003/2024(H5N1)	544	5937
NA|PP755591.1|A/cattle/Texas/24-008749-003/2024(H5N1)	545	6031
NA|PP755591.1|A/cattle/Texas/24-008749-003/2024(H5N1)	546	5987
NA|PP755591.1|A/cattle/Texas/24-008749-003/2024(H5N1)	547	5990
NA|PP755591.1|A/cattle/Texas/24-008749-003/2024(H5N1)	548	5980
NA|PP755591.1|A/cattle/Texas/24-008749-003/2024(H5N1)	549	5969
NA|PP755591.1|A/cattle/Texas/24-008749-003/2024(H5N1)	550	5973
NA|PP755591.1|A/cattle/Texas/24-008749-003/2024(H5N1)	551	5991
NA|PP755591.1|A/cattle/Texas/24-008749-003/2024(H5N1)	552	6009
NA|PP755591.1|A/cattle/Texas/24-008749-003/2024(H5N1)	553	5980
NA|PP755591.1|A/cattle/Texas/24-008749-003/2024(H5N1)	554	5915
NA|PP755591.1|A/cattle/Texas/24-008749-003/2024(H5N1)	555	5856
NA|PP755591.1|A/cattle/Texas/24-008749-003/2024(H5N1)	556	5852
NA|PP755591.1|A/cattle/Texas/24-008749-003/2024(H5N1)	557	5926
NA|PP755591.1|A/cattle/Texas/24-008749-003/2024(H5N1)	558	5935
NA|PP755591.1|A/cattle/Texas/24-008749-003/2024(H5N1)	559	5945
NA|PP755591.1|A/cattle/Texas/24-008749-003/2024(H5N1)	560	5968
NA|PP755591.1|A/cattle/Texas/24-008749-003/2024(H5N1)	561	5946
NA|PP755591.1|A/cattle/Texas/24-008749-003/2024(H5N1)	562	5943
NA|PP755591.1|A/cattle/Texas/24-008749-003/2024(H5N1)	563	5891
NA|PP755591.1|A/cattle/Texas/24-008749-003/2024(H5N1)	564	5890
NA|PP755591.1|A/cattle/Texas/24-008749-003/2024(H5N1)	565	5915
NA|PP755591.1|A/cattle/Texas/24-008749-003/2024(H5N1)	566	5872
NA|PP755591.1|A/cattle/Texas/24-008749-003/2024(H5N1)	567	5899
NA|PP755591.1|A/cattle/Texas/24-008749-003/2024(H5N1)	568	5619
NA|PP755591.1|A/cattle/Texas/24-008749-003/2024(H5N1)	569	5588
NA|PP755591.1|A/cattle/Texas/24-008749-003/2024(H5N1)	570	5599
NA|PP755591.1|A/cattle/Texas/24-008749-003/2024(H5N1)	571	5639
NA|PP755591.1|A/cattle/Texas/24-008749-003/2024(H5N1)	572	5640
NA|PP755591.1|A/cattle/Texas/24-008749-003/2024(H5N1)	573	5611
NA|PP755591.1|A/cattle/Texas/24-008749-003/2024(H5N1)	574	5611
NA|PP755591.1|A/cattle/Texas/24-008749-003/2024(H5N1)	575	5613
NA|PP755591.1|A/cattle/Texas/24-008749-003/2024(H5N1)	576	5628
NA|PP755591.1|A/cattle/Texas/24-008749-003/2024(H5N1)	577	5628
NA|PP755591.1|A/cattle/Texas/24-008749-003/2024(H5N1)	578	5626
NA|PP755591.1|A/cattle/Texas/24-008749-003/2024(H5N1)	579	5594
NA|PP755591.1|A/cattle/Texas/24-008749-003/2024(H5N1)	580	5573
NA|PP755591.1|A/cattle/Texas/24-008749-003/2024(H5N1)	581	5577
NA|PP755591.1|A/cattle/Texas/24-008749-003/2024(H5N1)	582	5587
NA|PP755591.1|A/cattle/Texas/24-008749-003/2024(H5N1)	583	5520
NA|PP755591.1|A/cattle/Texas/24-008749-003/2024(H5N1)	584	5522
NA|PP755591.1|A/cattle/Texas/24-008749-003/2024(H5N1)	585	5535
NA|PP755591.1|A/cattle/Texas/24-008749-003/2024(H5N1)	586	5668
NA|PP755591.1|A/cattle/Texas/24-008749-003/2024(H5N1)	587	5658
NA|PP755591.1|A/cattle/Texas/24-008749-003/2024(H5N1)	588	5611
NA|PP755591.1|A/cattle/Texas/24-008749-003/2024(H5N1)	589	5671
NA|PP755591.1|A/cattle/Texas/24-008749-003/2024(H5N1)	590	5668
NA|PP755591.1|A/cattle/Texas/24-008749-003/2024(H5N1)	591	5661
NA|PP755591.1|A/cattle/Texas/24-008749-003/2024(H5N1)	592	5688
NA|PP755591.1|A/cattle/Texas/24-008749-003/2024(H5N1)	593	5614
NA|PP755591.1|A/cattle/Texas/24-008749-003/2024(H5N1)	594	5624
NA|PP755591.1|A/cattle/Texas/24-008749-003/2024(H5N1)	595	5671
NA|PP755591.1|A/cattle/Texas/24-008749-003/2024(H5N1)	596	5578
NA|PP755591.1|A/cattle/Texas/24-008749-003/2024(H5N1)	597	5662
NA|PP755591.1|A/cattle/Texas/24-008749-003/2024(H5N1)	598	5644
NA|PP755591.1|A/cattle/Texas/24-008749-003/2024(H5N1)	599	5649
NA|PP755591.1|A/cattle/Texas/24-008749-003/2024(H5N1)	600	5647
NA|PP755591.1|A/cattle/Texas/24-008749-003/2024(H5N1)	601	5609
NA|PP755591.1|A/cattle/Texas/24-008749-003/2024(H5N1)	602	5593
NA|PP755591.1|A/cattle/Texas/24-008749-003/2024(H5N1)	603	5471
NA|PP755591.1|A/cattle/Texas/24-008749-003/2024(H5N1)	604	5505
NA|PP755591.1|A/cattle/Texas/24-008749-003/2024(H5N1)	605	5477
NA|PP755591.1|A/cattle/Texas/24-008749-003/2024(H5N1)	606	5367
NA|PP755591.1|A/cattle/Texas/24-008749-003/2024(H5N1)	607	5548
NA|PP755591.1|A/cattle/Texas/24-008749-003/2024(H5N1)	608	5554
NA|PP755591.1|A/cattle/Texas/24-008749-003/2024(H5N1)	609	5550
NA|PP755591.1|A/cattle/Texas/24-008749-003/2024(H5N1)	610	5317
NA|PP755591.1|A/cattle/Texas/24-008749-003/2024(H5N1)	611	5205
NA|PP755591.1|A/cattle/Texas/24-008749-003/2024(H5N1)	612	5152
NA|PP755591.1|A/cattle/Texas/24-008749-003/2024(H5N1)	613	5234
NA|PP755591.1|A/cattle/Texas/24-008749-003/2024(H5N1)	614	5242
NA|PP755591.1|A/cattle/Texas/24-008749-003/2024(H5N1)	615	5265
NA|PP755591.1|A/cattle/Texas/24-008749-003/2024(H5N1)	616	5286
NA|PP755591.1|A/cattle/Texas/24-008749-003/2024(H5N1)	617	5277
NA|PP755591.1|A/cattle/Texas/24-008749-003/2024(H5N1)	618	5289
NA|PP755591.1|A/cattle/Texas/24-008749-003/2024(H5N1)	619	5281
NA|PP755591.1|A/cattle/Texas/24-008749-003/2024(H5N1)	620	5171
NA|PP755591.1|A/cattle/Texas/24-008749-003/2024(H5N1)	621	5182
NA|PP755591.1|A/cattle/Texas/24-008749-003/2024(H5N1)	622	5114
NA|PP755591.1|A/cattle/Texas/24-008749-003/2024(H5N1)	623	5010
NA|PP755591.1|A/cattle/Texas/24-008749-003/2024(H5N1)	624	5011
NA|PP755591.1|A/cattle/Texas/24-008749-003/2024(H5N1)	625	4953
NA|PP755591.1|A/cattle/Texas/24-008749-003/2024(H5N1)	626	4954
NA|PP755591.1|A/cattle/Texas/24-008749-003/2024(H5N1)	627	4931
NA|PP755591.1|A/cattle/Texas/24-008749-003/2024(H5N1)	628	4902
NA|PP755591.1|A/cattle/Texas/24-008749-003/2024(H5N1)	629	4948
NA|PP755591.1|A/cattle/Texas/24-008749-003/2024(H5N1)	630	4957
NA|PP755591.1|A/cattle/Texas/24-008749-003/2024(H5N1)	631	4959
NA|PP755591.1|A/cattle/Texas/24-008749-003/2024(H5N1)	632	4992
NA|PP755591.1|A/cattle/Texas/24-008749-003/2024(H5N1)	633	4916
NA|PP755591.1|A/cattle/Texas/24-008749-003/2024(H5N1)	634	4926
NA|PP755591.1|A/cattle/Texas/24-008749-003/2024(H5N1)	635	4939
NA|PP755591.1|A/cattle/Texas/24-008749-003/2024(H5N1)	636	4912
NA|PP755591.1|A/cattle/Texas/24-008749-003/2024(H5N1)	637	4893
NA|PP755591.1|A/cattle/Texas/24-008749-003/2024(H5N1)	638	4850
NA|PP755591.1|A/cattle/Texas/24-008749-003/2024(H5N1)	639	4787
NA|PP755591.1|A/cattle/Texas/24-008749-003/2024(H5N1)	640	4804
NA|PP755591.1|A/cattle/Texas/24-008749-003/2024(H5N1)	641	4810
NA|PP755591.1|A/cattle/Texas/24-008749-003/2024(H5N1)	642	4805
NA|PP755591.1|A/cattle/Texas/24-008749-003/2024(H5N1)	643	4836
NA|PP755591.1|A/cattle/Texas/24-008749-003/2024(H5N1)	644	5179
NA|PP755591.1|A/cattle/Texas/24-008749-003/2024(H5N1)	645	5170
NA|PP755591.1|A/cattle/Texas/24-008749-003/2024(H5N1)	646	5191
NA|PP755591.1|A/cattle/Texas/24-008749-003/2024(H5N1)	647	5160
NA|PP755591.1|A/cattle/Texas/24-008749-003/2024(H5N1)	648	5100
NA|PP755591.1|A/cattle/Texas/24-008749-003/2024(H5N1)	649	5287
NA|PP755591.1|A/cattle/Texas/24-008749-003/2024(H5N1)	650	5247
NA|PP755591.1|A/cattle/Texas/24-008749-003/2024(H5N1)	651	5277
NA|PP755591.1|A/cattle/Texas/24-008749-003/2024(H5N1)	652	5182
NA|PP755591.1|A/cattle/Texas/24-008749-003/2024(H5N1)	653	4895
NA|PP755591.1|A/cattle/Texas/24-008749-003/2024(H5N1)	654	4354
NA|PP755591.1|A/cattle/Texas/24-008749-003/2024(H5N1)	655	4340
NA|PP755591.1|A/cattle/Texas/24-008749-003/2024(H5N1)	656	4309
NA|PP755591.1|A/cattle/Texas/24-008749-003/2024(H5N1)	657	4309
NA|PP755591.1|A/cattle/Texas/24-008749-003/2024(H5N1)	658	4272
NA|PP755591.1|A/cattle/Texas/24-008749-003/2024(H5N1)	659	4271
NA|PP755591.1|A/cattle/Texas/24-008749-003/2024(H5N1)	660	4217
NA|PP755591.1|A/cattle/Texas/24-008749-003/2024(H5N1)	661	4194
NA|PP755591.1|A/cattle/Texas/24-008749-003/2024(H5N1)	662	4187
NA|PP755591.1|A/cattle/Texas/24-008749-003/2024(H5N1)	663	4274
NA|PP755591.1|A/cattle/Texas/24-008749-003/2024(H5N1)	664	4276
NA|PP755591.1|A/cattle/Texas/24-008749-003/2024(H5N1)	665	4272
NA|PP755591.1|A/cattle/Texas/24-008749-003/2024(H5N1)	666	4270
NA|PP755591.1|A/cattle/Texas/24-008749-003/2024(H5N1)	667	4270
NA|PP755591.1|A/cattle/Texas/24-008749-003/2024(H5N1)	668	4239
NA|PP755591.1|A/cattle/Texas/24-008749-003/2024(H5N1)	669	4205
NA|PP755591.1|A/cattle/Texas/24-008749-003/2024(H5N1)	670	4271
NA|PP755591.1|A/cattle/Texas/24-008749-003/2024(H5N1)	671	4217
NA|PP755591.1|A/cattle/Texas/24-008749-003/2024(H5N1)	672	4217
NA|PP755591.1|A/cattle/Texas/24-008749-003/2024(H5N1)	673	4207
NA|PP755591.1|A/cattle/Texas/24-008749-003/2024(H5N1)	674	4295
NA|PP755591.1|A/cattle/Texas/24-008749-003/2024(H5N1)	675	4324
NA|PP755591.1|A/cattle/Texas/24-008749-003/2024(H5N1)	676	4338
NA|PP755591.1|A/cattle/Texas/24-008749-003/2024(H5N1)	677	4343
NA|PP755591.1|A/cattle/Texas/24-008749-003/2024(H5N1)	678	4291
NA|PP755591.1|A/cattle/Texas/24-008749-003/2024(H5N1)	679	4299
NA|PP755591.1|A/cattle/Texas/24-008749-003/2024(H5N1)	680	4336
NA|PP755591.1|A/cattle/Texas/24-008749-003/2024(H5N1)	681	4331
NA|PP755591.1|A/cattle/Texas/24-008749-003/2024(H5N1)	682	4356
NA|PP755591.1|A/cattle/Texas/24-008749-003/2024(H5N1)	683	4531
NA|PP755591.1|A/cattle/Texas/24-008749-003/2024(H5N1)	684	4658
NA|PP755591.1|A/cattle/Texas/24-008749-003/2024(H5N1)	685	4700
NA|PP755591.1|A/cattle/Texas/24-008749-003/2024(H5N1)	686	4635
NA|PP755591.1|A/cattle/Texas/24-008749-003/2024(H5N1)	687	4642
NA|PP755591.1|A/cattle/Texas/24-008749-003/2024(H5N1)	688	4694
NA|PP755591.1|A/cattle/Texas/24-008749-003/2024(H5N1)	689	4713
NA|PP755591.1|A/cattle/Texas/24-008749-003/2024(H5N1)	690	4720
NA|PP755591.1|A/cattle/Texas/24-008749-003/2024(H5N1)	691	4681
NA|PP755591.1|A/cattle/Texas/24-008749-003/2024(H5N1)	692	4592
NA|PP755591.1|A/cattle/Texas/24-008749-003/2024(H5N1)	693	4441
NA|PP755591.1|A/cattle/Texas/24-008749-003/2024(H5N1)	694	4440
NA|PP755591.1|A/cattle/Texas/24-008749-003/2024(H5N1)	695	4378
NA|PP755591.1|A/cattle/Texas/24-008749-003/2024(H5N1)	696	3920
NA|PP755591.1|A/cattle/Texas/24-008749-003/2024(H5N1)	697	3884
NA|PP755591.1|A/cattle/Texas/24-008749-003/2024(H5N1)	698	3884
NA|PP755591.1|A/cattle/Texas/24-008749-003/2024(H5N1)	699	3884
NA|PP755591.1|A/cattle/Texas/24-008749-003/2024(H5N1)	700	3884
NA|PP755591.1|A/cattle/Texas/24-008749-003/2024(H5N1)	701	3884
NA|PP755591.1|A/cattle/Texas/24-008749-003/2024(H5N1)	702	3855
NA|PP755591.1|A/cattle/Texas/24-008749-003/2024(H5N1)	703	3878
NA|PP755591.1|A/cattle/Texas/24-008749-003/2024(H5N1)	704	3894
NA|PP755591.1|A/cattle/Texas/24-008749-003/2024(H5N1)	705	3900
NA|PP755591.1|A/cattle/Texas/24-008749-003/2024(H5N1)	706	3918
NA|PP755591.1|A/cattle/Texas/24-008749-003/2024(H5N1)	707	3911
NA|PP755591.1|A/cattle/Texas/24-008749-003/2024(H5N1)	708	3791
NA|PP755591.1|A/cattle/Texas/24-008749-003/2024(H5N1)	709	3810
NA|PP755591.1|A/cattle/Texas/24-008749-003/2024(H5N1)	710	3811
NA|PP755591.1|A/cattle/Texas/24-008749-003/2024(H5N1)	711	3814
NA|PP755591.1|A/cattle/Texas/24-008749-003/2024(H5N1)	712	3845
NA|PP755591.1|A/cattle/Texas/24-008749-003/2024(H5N1)	713	3873
NA|PP755591.1|A/cattle/Texas/24-008749-003/2024(H5N1)	714	3884
NA|PP755591.1|A/cattle/Texas/24-008749-003/2024(H5N1)	715	3890
NA|PP755591.1|A/cattle/Texas/24-008749-003/2024(H5N1)	716	3903
NA|PP755591.1|A/cattle/Texas/24-008749-003/2024(H5N1)	717	3898
NA|PP755591.1|A/cattle/Texas/24-008749-003/2024(H5N1)	718	3948
NA|PP755591.1|A/cattle/Texas/24-008749-003/2024(H5N1)	719	4090
NA|PP755591.1|A/cattle/Texas/24-008749-003/2024(H5N1)	720	4101
NA|PP755591.1|A/cattle/Texas/24-008749-003/2024(H5N1)	721	4120
NA|PP755591.1|A/cattle/Texas/24-008749-003/2024(H5N1)	722	4949
NA|PP755591.1|A/cattle/Texas/24-008749-003/2024(H5N1)	723	4989
NA|PP755591.1|A/cattle/Texas/24-008749-003/2024(H5N1)	724	5004
NA|PP755591.1|A/cattle/Texas/24-008749-003/2024(H5N1)	725	5018
NA|PP755591.1|A/cattle/Texas/24-008749-003/2024(H5N1)	726	5036
NA|PP755591.1|A/cattle/Texas/24-008749-003/2024(H5N1)	727	5059
NA|PP755591.1|A/cattle/Texas/24-008749-003/2024(H5N1)	728	5282
NA|PP755591.1|A/cattle/Texas/24-008749-003/2024(H5N1)	729	5275
NA|PP755591.1|A/cattle/Texas/24-008749-003/2024(H5N1)	730	5286
NA|PP755591.1|A/cattle/Texas/24-008749-003/2024(H5N1)	731	5375
NA|PP755591.1|A/cattle/Texas/24-008749-003/2024(H5N1)	732	5366
NA|PP755591.1|A/cattle/Texas/24-008749-003/2024(H5N1)	733	5387
NA|PP755591.1|A/cattle/Texas/24-008749-003/2024(H5N1)	734	5389
NA|PP755591.1|A/cattle/Texas/24-008749-003/2024(H5N1)	735	5398
NA|PP755591.1|A/cattle/Texas/24-008749-003/2024(H5N1)	736	5444
NA|PP755591.1|A/cattle/Texas/24-008749-003/2024(H5N1)	737	5275
NA|PP755591.1|A/cattle/Texas/24-008749-003/2024(H5N1)	738	5085
NA|PP755591.1|A/cattle/Texas/24-008749-003/2024(H5N1)	739	5133
NA|PP755591.1|A/cattle/Texas/24-008749-003/2024(H5N1)	740	5197
NA|PP755591.1|A/cattle/Texas/24-008749-003/2024(H5N1)	741	5230
NA|PP755591.1|A/cattle/Texas/24-008749-003/2024(H5N1)	742	5312
NA|PP755591.1|A/cattle/Texas/24-008749-003/2024(H5N1)	743	5316
NA|PP755591.1|A/cattle/Texas/24-008749-003/2024(H5N1)	744	5297
NA|PP755591.1|A/cattle/Texas/24-008749-003/2024(H5N1)	745	5417
NA|PP755591.1|A/cattle/Texas/24-008749-003/2024(H5N1)	746	5400
NA|PP755591.1|A/cattle/Texas/24-008749-003/2024(H5N1)	747	5274
NA|PP755591.1|A/cattle/Texas/24-008749-003/2024(H5N1)	748	5280
NA|PP755591.1|A/cattle/Texas/24-008749-003/2024(H5N1)	749	5185
NA|PP755591.1|A/cattle/Texas/24-008749-003/2024(H5N1)	750	5180
NA|PP755591.1|A/cattle/Texas/24-008749-003/2024(H5N1)	751	5437
NA|PP755591.1|A/cattle/Texas/24-008749-003/2024(H5N1)	752	5486
NA|PP755591.1|A/cattle/Texas/24-008749-003/2024(H5N1)	753	5461
NA|PP755591.1|A/cattle/Texas/24-008749-003/2024(H5N1)	754	5344
NA|PP755591.1|A/cattle/Texas/24-008749-003/2024(H5N1)	755	5309
NA|PP755591.1|A/cattle/Texas/24-008749-003/2024(H5N1)	756	5307
NA|PP755591.1|A/cattle/Texas/24-008749-003/2024(H5N1)	757	5305
NA|PP755591.1|A/cattle/Texas/24-008749-003/2024(H5N1)	758	5295
NA|PP755591.1|A/cattle/Texas/24-008749-003/2024(H5N1)	759	5252
NA|PP755591.1|A/cattle/Texas/24-008749-003/2024(H5N1)	760	5231
NA|PP755591.1|A/cattle/Texas/24-008749-003/2024(H5N1)	761	5227
NA|PP755591.1|A/cattle/Texas/24-008749-003/2024(H5N1)	762	5220
NA|PP755591.1|A/cattle/Texas/24-008749-003/2024(H5N1)	763	5220
NA|PP755591.1|A/cattle/Texas/24-008749-003/2024(H5N1)	764	5167
NA|PP755591.1|A/cattle/Texas/24-008749-003/2024(H5N1)	765	4238
NA|PP755591.1|A/cattle/Texas/24-008749-003/2024(H5N1)	766	4224
NA|PP755591.1|A/cattle/Texas/24-008749-003/2024(H5N1)	767	4212
NA|PP755591.1|A/cattle/Texas/24-008749-003/2024(H5N1)	768	4193
NA|PP755591.1|A/cattle/Texas/24-008749-003/2024(H5N1)	769	4193
NA|PP755591.1|A/cattle/Texas/24-008749-003/2024(H5N1)	770	4189
NA|PP755591.1|A/cattle/Texas/24-008749-003/2024(H5N1)	771	4188
NA|PP755591.1|A/cattle/Texas/24-008749-003/2024(H5N1)	772	4220
NA|PP755591.1|A/cattle/Texas/24-008749-003/2024(H5N1)	773	4221
NA|PP755591.1|A/cattle/Texas/24-008749-003/2024(H5N1)	774	4225
NA|PP755591.1|A/cattle/Texas/24-008749-003/2024(H5N1)	775	4225
NA|PP755591.1|A/cattle/Texas/24-008749-003/2024(H5N1)	776	4224
NA|PP755591.1|A/cattle/Texas/24-008749-003/2024(H5N1)	777	426
NA|PP755591.1|A/cattle/Texas/24-008749-003/2024(H5N1)	778	4233
NA|PP755591.1|A/cattle/Texas/24-008749-003/2024(H5N1)	779	4246
NA|PP755591.1|A/cattle/Texas/24-008749-003/2024(H5N1)	780	4263
NA|PP755591.1|A/cattle/Texas/24-008749-003/2024(H5N1)	781	4347
NA|PP755591.1|A/cattle/Texas/24-008749-003/2024(H5N1)	782	4347
NA|PP755591.1|A/cattle/Texas/24-008749-003/2024(H5N1)	783	4347
NA|PP755591.1|A/cattle/Texas/24-008749-003/2024(H5N1)	784	4328
NA|PP755591.1|A/cattle/Texas/24-008749-003/2024(H5N1)	785	4320
NA|PP755591.1|A/cattle/Texas/24-008749-003/2024(H5N1)	786	4305
NA|PP755591.1|A/cattle/Texas/24-008749-003/2024(H5N1)	787	4303
NA|PP755591.1|A/cattle/Texas/24-008749-003/2024(H5N1)	788	4287
NA|PP755591.1|A/cattle/Texas/24-008749-003/2024(H5N1)	789	4322
NA|PP755591.1|A/cattle/Texas/24-008749-003/2024(H5N1)	790	4681
NA|PP755591.1|A/cattle/Texas/24-008749-003/2024(H5N1)	791	4724
NA|PP755591.1|A/cattle/Texas/24-008749-003/2024(H5N1)	792	4730
NA|PP755591.1|A/cattle/Texas/24-008749-003/2024(H5N1)	793	4809
NA|PP755591.1|A/cattle/Texas/24-008749-003/2024(H5N1)	794	4871
NA|PP755591.1|A/cattle/Texas/24-008749-003/2024(H5N1)	795	4891
NA|PP755591.1|A/cattle/Texas/24-008749-003/2024(H5N1)	796	4899
NA|PP755591.1|A/cattle/Texas/24-008749-003/2024(H5N1)	797	4925
NA|PP755591.1|A/cattle/Texas/24-008749-003/2024(H5N1)	798	4924
NA|PP755591.1|A/cattle/Texas/24-008749-003/2024(H5N1)	799	4994
NA|PP755591.1|A/cattle/Texas/24-008749-003/2024(H5N1)	800	5008
NA|PP755591.1|A/cattle/Texas/24-008749-003/2024(H5N1)	801	5006
NA|PP755591.1|A/cattle/Texas/24-008749-003/2024(H5N1)	802	4972
NA|PP755591.1|A/cattle/Texas/24-008749-003/2024(H5N1)	803	4941
NA|PP755591.1|A/cattle/Texas/24-008749-003/2024(H5N1)	804	4784
NA|PP755591.1|A/cattle/Texas/24-008749-003/2024(H5N1)	805	4943
NA|PP755591.1|A/cattle/Texas/24-008749-003/2024(H5N1)	806	5279
NA|PP755591.1|A/cattle/Texas/24-008749-003/2024(H5N1)	807	5299
NA|PP755591.1|A/cattle/Texas/24-008749-003/2024(H5N1)	808	5300
NA|PP755591.1|A/cattle/Texas/24-008749-003/2024(H5N1)	809	5313
NA|PP755591.1|A/cattle/Texas/24-008749-003/2024(H5N1)	810	5317
NA|PP755591.1|A/cattle/Texas/24-008749-003/2024(H5N1)	811	5329
NA|PP755591.1|A/cattle/Texas/24-008749-003/2024(H5N1)	812	5418
NA|PP755591.1|A/cattle/Texas/24-008749-003/2024(H5N1)	813	5424
NA|PP755591.1|A/cattle/Texas/24-008749-003/2024(H5N1)	814	5440
NA|PP755591.1|A/cattle/Texas/24-008749-003/2024(H5N1)	815	5418
NA|PP755591.1|A/cattle/Texas/24-008749-003/2024(H5N1)	816	5413
NA|PP755591.1|A/cattle/Texas/24-008749-003/2024(H5N1)	817	5570
NA|PP755591.1|A/cattle/Texas/24-008749-003/2024(H5N1)	818	5579
NA|PP755591.1|A/cattle/Texas/24-008749-003/2024(H5N1)	819	5589
NA|PP755591.1|A/cattle/Texas/24-008749-003/2024(H5N1)	820	5563
NA|PP755591.1|A/cattle/Texas/24-008749-003/2024(H5N1)	821	5529
NA|PP755591.1|A/cattle/Texas/24-008749-003/2024(H5N1)	822	5603
NA|PP755591.1|A/cattle/Texas/24-008749-003/2024(H5N1)	823	5602
NA|PP755591.1|A/cattle/Texas/24-008749-003/2024(H5N1)	824	5847
NA|PP755591.1|A/cattle/Texas/24-008749-003/2024(H5N1)	825	5781
NA|PP755591.1|A/cattle/Texas/24-008749-003/2024(H5N1)	826	5699
NA|PP755591.1|A/cattle/Texas/24-008749-003/2024(H5N1)	827	5728
NA|PP755591.1|A/cattle/Texas/24-008749-003/2024(H5N1)	828	5666
NA|PP755591.1|A/cattle/Texas/24-008749-003/2024(H5N1)	829	5705
NA|PP755591.1|A/cattle/Texas/24-008749-003/2024(H5N1)	830	5695
NA|PP755591.1|A/cattle/Texas/24-008749-003/2024(H5N1)	831	5672
NA|PP755591.1|A/cattle/Texas/24-008749-003/2024(H5N1)	832	5689
NA|PP755591.1|A/cattle/Texas/24-008749-003/2024(H5N1)	833	5417
NA|PP755591.1|A/cattle/Texas/24-008749-003/2024(H5N1)	834	5480
NA|PP755591.1|A/cattle/Texas/24-008749-003/2024(H5N1)	835	5298
NA|PP755591.1|A/cattle/Texas/24-008749-003/2024(H5N1)	836	5309
NA|PP755591.1|A/cattle/Texas/24-008749-003/2024(H5N1)	837	5258
NA|PP755591.1|A/cattle/Texas/24-008749-003/2024(H5N1)	838	5241
NA|PP755591.1|A/cattle/Texas/24-008749-003/2024(H5N1)	839	5241
NA|PP755591.1|A/cattle/Texas/24-008749-003/2024(H5N1)	840	5187
NA|PP755591.1|A/cattle/Texas/24-008749-003/2024(H5N1)	841	5160
NA|PP755591.1|A/cattle/Texas/24-008749-003/2024(H5N1)	842	5160
NA|PP755591.1|A/cattle/Texas/24-008749-003/2024(H5N1)	843	4997
NA|PP755591.1|A/cattle/Texas/24-008749-003/2024(H5N1)	844	4991
NA|PP755591.1|A/cattle/Texas/24-008749-003/2024(H5N1)	845	4971
NA|PP755591.1|A/cattle/Texas/24-008749-003/2024(H5N1)	846	4956
NA|PP755591.1|A/cattle/Texas/24-008749-003/2024(H5N1)	847	4955
NA|PP755591.1|A/cattle/Texas/24-008749-003/2024(H5N1)	848	4769
NA|PP755591.1|A/cattle/Texas/24-008749-003/2024(H5N1)	849	4595
NA|PP755591.1|A/cattle/Texas/24-008749-003/2024(H5N1)	850	4593
NA|PP755591.1|A/cattle/Texas/24-008749-003/2024(H5N1)	851	4579
NA|PP755591.1|A/cattle/Texas/24-008749-003/2024(H5N1)	852	4577
NA|PP755591.1|A/cattle/Texas/24-008749-003/2024(H5N1)	853	4572
NA|PP755591.1|A/cattle/Texas/24-008749-003/2024(H5N1)	854	4534
NA|PP755591.1|A/cattle/Texas/24-008749-003/2024(H5N1)	855	865
NA|PP755591.1|A/cattle/Texas/24-008749-003/2024(H5N1)	856	860
NA|PP755591.1|A/cattle/Texas/24-008749-003/2024(H5N1)	857	829
NA|PP755591.1|A/cattle/Texas/24-008749-003/2024(H5N1)	858	826
NA|PP755591.1|A/cattle/Texas/24-008749-003/2024(H5N1)	859	819
NA|PP755591.1|A/cattle/Texas/24-008749-003/2024(H5N1)	860	819
NA|PP755591.1|A/cattle/Texas/24-008749-003/2024(H5N1)	861	819
NA|PP755591.1|A/cattle/Texas/24-008749-003/2024(H5N1)	862	819
NA|PP755591.1|A/cattle/Texas/24-008749-003/2024(H5N1)	863	858
NA|PP755591.1|A/cattle/Texas/24-008749-003/2024(H5N1)	864	860
NA|PP755591.1|A/cattle/Texas/24-008749-003/2024(H5N1)	865	1662
NA|PP755591.1|A/cattle/Texas/24-008749-003/2024(H5N1)	866	1665
NA|PP755591.1|A/cattle/Texas/24-008749-003/2024(H5N1)	867	1680
NA|PP755591.1|A/cattle/Texas/24-008749-003/2024(H5N1)	868	1707
NA|PP755591.1|A/cattle/Texas/24-008749-003/2024(H5N1)	869	1707
NA|PP755591.1|A/cattle/Texas/24-008749-003/2024(H5N1)	870	1707
NA|PP755591.1|A/cattle/Texas/24-008749-003/2024(H5N1)	871	1707
NA|PP755591.1|A/cattle/Texas/24-008749-003/2024(H5N1)	872	1707
NA|PP755591.1|A/cattle/Texas/24-008749-003/2024(H5N1)	873	1707
NA|PP755591.1|A/cattle/Texas/24-008749-003/2024(H5N1)	874	1707
NA|PP755591.1|A/cattle/Texas/24-008749-003/2024(H5N1)	875	1707
NA|PP755591.1|A/cattle/Texas/24-008749-003/2024(H5N1)	876	1707
NA|PP755591.1|A/cattle/Texas/24-008749-003/2024(H5N1)	877	1707
NA|PP755591.1|A/cattle/Texas/24-008749-003/2024(H5N1)	878	1707
NA|PP755591.1|A/cattle/Texas/24-008749-003/2024(H5N1)	879	1707
NA|PP755591.1|A/cattle/Texas/24-008749-003/2024(H5N1)	880	1707
NA|PP755591.1|A/cattle/Texas/24-008749-003/2024(H5N1)	881	1707
NA|PP755591.1|A/cattle/Texas/24-008749-003/2024(H5N1)	882	1707
NA|PP755591.1|A/cattle/Texas/24-008749-003/2024(H5N1)	883	1708
NA|PP755591.1|A/cattle/Texas/24-008749-003/2024(H5N1)	884	1710
NA|PP755591.1|A/cattle/Texas/24-008749-003/2024(H5N1)	885	1710
NA|PP755591.1|A/cattle/Texas/24-008749-003/2024(H5N1)	886	1726
NA|PP755591.1|A/cattle/Texas/24-008749-003/2024(H5N1)	887	1746
NA|PP755591.1|A/cattle/Texas/24-008749-003/2024(H5N1)	888	1770
NA|PP755591.1|A/cattle/Texas/24-008749-003/2024(H5N1)	889	1770
NA|PP755591.1|A/cattle/Texas/24-008749-003/2024(H5N1)	890	1770
NA|PP755591.1|A/cattle/Texas/24-008749-003/2024(H5N1)	891	1770
NA|PP755591.1|A/cattle/Texas/24-008749-003/2024(H5N1)	892	1770
NA|PP755591.1|A/cattle/Texas/24-008749-003/2024(H5N1)	893	1770
NA|PP755591.1|A/cattle/Texas/24-008749-003/2024(H5N1)	894	1770
NA|PP755591.1|A/cattle/Texas/24-008749-003/2024(H5N1)	895	1770
NA|PP755591.1|A/cattle/Texas/24-008749-003/2024(H5N1)	896	1770
NA|PP755591.1|A/cattle/Texas/24-008749-003/2024(H5N1)	897	1770
NA|PP755591.1|A/cattle/Texas/24-008749-003/2024(H5N1)	898	1773
NA|PP755591.1|A/cattle/Texas/24-008749-003/2024(H5N1)	899	1773
NA|PP755591.1|A/cattle/Texas/24-008749-003/2024(H5N1)	900	1773
NA|PP755591.1|A/cattle/Texas/24-008749-003/2024(H5N1)	901	1773
NA|PP755591.1|A/cattle/Texas/24-008749-003/2024(H5N1)	902	1774
NA|PP755591.1|A/cattle/Texas/24-008749-003/2024(H5N1)	903	1774
NA|PP755591.1|A/cattle/Texas/24-008749-003/2024(H5N1)	904	1774
NA|PP755591.1|A/cattle/Texas/24-008749-003/2024(H5N1)	905	1774
NA|PP755591.1|A/cattle/Texas/24-008749-003/2024(H5N1)	906	1774
NA|PP755591.1|A/cattle/Texas/24-008749-003/2024(H5N1)	907	1815
NA|PP755591.1|A/cattle/Texas/24-008749-003/2024(H5N1)	908	1826
NA|PP755591.1|A/cattle/Texas/24-008749-003/2024(H5N1)	909	1826
NA|PP755591.1|A/cattle/Texas/24-008749-003/2024(H5N1)	910	1826
NA|PP755591.1|A/cattle/Texas/24-008749-003/2024(H5N1)	911	1826
NA|PP755591.1|A/cattle/Texas/24-008749-003/2024(H5N1)	912	1826
NA|PP755591.1|A/cattle/Texas/24-008749-003/2024(H5N1)	913	1842
NA|PP755591.1|A/cattle/Texas/24-008749-003/2024(H5N1)	914	1842
NA|PP755591.1|A/cattle/Texas/24-008749-003/2024(H5N1)	915	1842
NA|PP755591.1|A/cattle/Texas/24-008749-003/2024(H5N1)	916	1843
NA|PP755591.1|A/cattle/Texas/24-008749-003/2024(H5N1)	917	1977
NA|PP755591.1|A/cattle/Texas/24-008749-003/2024(H5N1)	918	1978
NA|PP755591.1|A/cattle/Texas/24-008749-003/2024(H5N1)	919	3495
NA|PP755591.1|A/cattle/Texas/24-008749-003/2024(H5N1)	920	3508
NA|PP755591.1|A/cattle/Texas/24-008749-003/2024(H5N1)	921	3511
NA|PP755591.1|A/cattle/Texas/24-008749-003/2024(H5N1)	922	3516
NA|PP755591.1|A/cattle/Texas/24-008749-003/2024(H5N1)	923	3517
NA|PP755591.1|A/cattle/Texas/24-008749-003/2024(H5N1)	924	3526
NA|PP755591.1|A/cattle/Texas/24-008749-003/2024(H5N1)	925	3551
NA|PP755591.1|A/cattle/Texas/24-008749-003/2024(H5N1)	926	3607
NA|PP755591.1|A/cattle/Texas/24-008749-003/2024(H5N1)	927	3612
NA|PP755591.1|A/cattle/Texas/24-008749-003/2024(H5N1)	928	3620
NA|PP755591.1|A/cattle/Texas/24-008749-003/2024(H5N1)	929	3621
NA|PP755591.1|A/cattle/Texas/24-008749-003/2024(H5N1)	930	3622
NA|PP755591.1|A/cattle/Texas/24-008749-003/2024(H5N1)	931	3627
NA|PP755591.1|A/cattle/Texas/24-008749-003/2024(H5N1)	932	3659
NA|PP755591.1|A/cattle/Texas/24-008749-003/2024(H5N1)	933	3691
NA|PP755591.1|A/cattle/Texas/24-008749-003/2024(H5N1)	934	3691
NA|PP755591.1|A/cattle/Texas/24-008749-003/2024(H5N1)	935	3777
NA|PP755591.1|A/cattle/Texas/24-008749-003/2024(H5N1)	936	3782
NA|PP755591.1|A/cattle/Texas/24-008749-003/2024(H5N1)	937	3800
NA|PP755591.1|A/cattle/Texas/24-008749-003/2024(H5N1)	938	3814
NA|PP755591.1|A/cattle/Texas/24-008749-003/2024(H5N1)	939	3814
NA|PP755591.1|A/cattle/Texas/24-008749-003/2024(H5N1)	940	3814
NA|PP755591.1|A/cattle/Texas/24-008749-003/2024(H5N1)	941	3813
NA|PP755591.1|A/cattle/Texas/24-008749-003/2024(H5N1)	942	3779
NA|PP755591.1|A/cattle/Texas/24-008749-003/2024(H5N1)	943	3776
NA|PP755591.1|A/cattle/Texas/24-008749-003/2024(H5N1)	944	3702
NA|PP755591.1|A/cattle/Texas/24-008749-003/2024(H5N1)	945	3659
NA|PP755591.1|A/cattle/Texas/24-008749-003/2024(H5N1)	946	3645
NA|PP755591.1|A/cattle/Texas/24-008749-003/2024(H5N1)	947	3638
NA|PP755591.1|A/cattle/Texas/24-008749-003/2024(H5N1)	948	3619
NA|PP755591.1|A/cattle/Texas/24-008749-003/2024(H5N1)	949	3619
NA|PP755591.1|A/cattle/Texas/24-008749-003/2024(H5N1)	950	3619
NA|PP755591.1|A/cattle/Texas/24-008749-003/2024(H5N1)	951	3614
NA|PP755591.1|A/cattle/Texas/24-008749-003/2024(H5N1)	952	3441
NA|PP755591.1|A/cattle/Texas/24-008749-003/2024(H5N1)	953	3403
NA|PP755591.1|A/cattle/Texas/24-008749-003/2024(H5N1)	954	3330
NA|PP755591.1|A/cattle/Texas/24-008749-003/2024(H5N1)	955	3220
NA|PP755591.1|A/cattle/Texas/24-008749-003/2024(H5N1)	956	3219
NA|PP755591.1|A/cattle/Texas/24-008749-003/2024(H5N1)	957	2619
NA|PP755591.1|A/cattle/Texas/24-008749-003/2024(H5N1)	958	2618
NA|PP755591.1|A/cattle/Texas/24-008749-003/2024(H5N1)	959	2618
NA|PP755591.1|A/cattle/Texas/24-008749-003/2024(H5N1)	960	2615
NA|PP755591.1|A/cattle/Texas/24-008749-003/2024(H5N1)	961	2615
NA|PP755591.1|A/cattle/Texas/24-008749-003/2024(H5N1)	962	2676
NA|PP755591.1|A/cattle/Texas/24-008749-003/2024(H5N1)	963	2676
NA|PP755591.1|A/cattle/Texas/24-008749-003/2024(H5N1)	964	2676
NA|PP755591.1|A/cattle/Texas/24-008749-003/2024(H5N1)	965	2676
NA|PP755591.1|A/cattle/Texas/24-008749-003/2024(H5N1)	966	2676
NA|PP755591.1|A/cattle/Texas/24-008749-003/2024(H5N1)	967	2680
NA|PP755591.1|A/cattle/Texas/24-008749-003/2024(H5N1)	968	2805
NA|PP755591.1|A/cattle/Texas/24-008749-003/2024(H5N1)	969	2805
NA|PP755591.1|A/cattle/Texas/24-008749-003/2024(H5N1)	970	2812
NA|PP755591.1|A/cattle/Texas/24-008749-003/2024(H5N1)	971	2813
NA|PP755591.1|A/cattle/Texas/24-008749-003/2024(H5N1)	972	2841
NA|PP755591.1|A/cattle/Texas/24-008749-003/2024(H5N1)	973	2841
NA|PP755591.1|A/cattle/Texas/24-008749-003/2024(H5N1)	974	2841
NA|PP755591.1|A/cattle/Texas/24-008749-003/2024(H5N1)	975	2841
NA|PP755591.1|A/cattle/Texas/24-008749-003/2024(H5N1)	976	2852
NA|PP755591.1|A/cattle/Texas/24-008749-003/2024(H5N1)	977	2916
NA|PP755591.1|A/cattle/Texas/24-008749-003/2024(H5N1)	978	2933
NA|PP755591.1|A/cattle/Texas/24-008749-003/2024(H5N1)	979	4094
NA|PP755591.1|A/cattle/Texas/24-008749-003/2024(H5N1)	980	4097
NA|PP755591.1|A/cattle/Texas/24-008749-003/2024(H5N1)	981	4177
NA|PP755591.1|A/cattle/Texas/24-008749-003/2024(H5N1)	982	4185
NA|PP755591.1|A/cattle/Texas/24-008749-003/2024(H5N1)	983	4215
NA|PP755591.1|A/cattle/Texas/24-008749-003/2024(H5N1)	984	4223
NA|PP755591.1|A/cattle/Texas/24-008749-003/2024(H5N1)	985	4228
NA|PP755591.1|A/cattle/Texas/24-008749-003/2024(H5N1)	986	4350
NA|PP755591.1|A/cattle/Texas/24-008749-003/2024(H5N1)	987	4559
NA|PP755591.1|A/cattle/Texas/24-008749-003/2024(H5N1)	988	4565
NA|PP755591.1|A/cattle/Texas/24-008749-003/2024(H5N1)	989	4574
NA|PP755591.1|A/cattle/Texas/24-008749-003/2024(H5N1)	990	4581
NA|PP755591.1|A/cattle/Texas/24-008749-003/2024(H5N1)	991	4612
NA|PP755591.1|A/cattle/Texas/24-008749-003/2024(H5N1)	992	4664
NA|PP755591.1|A/cattle/Texas/24-008749-003/2024(H5N1)	993	4684
NA|PP755591.1|A/cattle/Texas/24-008749-003/2024(H5N1)	994	4689
NA|PP755591.1|A/cattle/Texas/24-008749-003/2024(H5N1)	995	4689
NA|PP755591.1|A/cattle/Texas/24-008749-003/2024(H5N1)	996	4770
NA|PP755591.1|A/cattle/Texas/24-008749-003/2024(H5N1)	997	4804
NA|PP755591.1|A/cattle/Texas/24-008749-003/2024(H5N1)	998	4822
NA|PP755591.1|A/cattle/Texas/24-008749-003/2024(H5N1)	999	4904
NA|PP755591.1|A/cattle/Texas/24-008749-003/2024(H5N1)	1000	4892
NA|PP755591.1|A/cattle/Texas/24-008749-003/2024(H5N1)	1001	4885
NA|PP755591.1|A/cattle/Texas/24-008749-003/2024(H5N1)	1002	4862
NA|PP755591.1|A/cattle/Texas/24-008749-003/2024(H5N1)	1003	4860
NA|PP755591.1|A/cattle/Texas/24-008749-003/2024(H5N1)	1004	4859
NA|PP755591.1|A/cattle/Texas/24-008749-003/2024(H5N1)	1005	4021
NA|PP755591.1|A/cattle/Texas/24-008749-003/2024(H5N1)	1006	4021
NA|PP755591.1|A/cattle/Texas/24-008749-003/2024(H5N1)	1007	4159
NA|PP755591.1|A/cattle/Texas/24-008749-003/2024(H5N1)	1008	4165
NA|PP755591.1|A/cattle/Texas/24-008749-003/2024(H5N1)	1009	4192
NA|PP755591.1|A/cattle/Texas/24-008749-003/2024(H5N1)	1010	4193
NA|PP755591.1|A/cattle/Texas/24-008749-003/2024(H5N1)	1011	4194
NA|PP755591.1|A/cattle/Texas/24-008749-003/2024(H5N1)	1012	4194
NA|PP755591.1|A/cattle/Texas/24-008749-003/2024(H5N1)	1013	4207
NA|PP755591.1|A/cattle/Texas/24-008749-003/2024(H5N1)	1014	4330
NA|PP755591.1|A/cattle/Texas/24-008749-003/2024(H5N1)	1015	4335
NA|PP755591.1|A/cattle/Texas/24-008749-003/2024(H5N1)	1016	4906
NA|PP755591.1|A/cattle/Texas/24-008749-003/2024(H5N1)	1017	4915
NA|PP755591.1|A/cattle/Texas/24-008749-003/2024(H5N1)	1018	4919
NA|PP755591.1|A/cattle/Texas/24-008749-003/2024(H5N1)	1019	4937
NA|PP755591.1|A/cattle/Texas/24-008749-003/2024(H5N1)	1020	4938
NA|PP755591.1|A/cattle/Texas/24-008749-003/2024(H5N1)	1021	4952
NA|PP755591.1|A/cattle/Texas/24-008749-003/2024(H5N1)	1022	4952
NA|PP755591.1|A/cattle/Texas/24-008749-003/2024(H5N1)	1023	4952
NA|PP755591.1|A/cattle/Texas/24-008749-003/2024(H5N1)	1024	4953
NA|PP755591.1|A/cattle/Texas/24-008749-003/2024(H5N1)	1025	4953
NA|PP755591.1|A/cattle/Texas/24-008749-003/2024(H5N1)	1026	4900
NA|PP755591.1|A/cattle/Texas/24-008749-003/2024(H5N1)	1027	4899
NA|PP755591.1|A/cattle/Texas/24-008749-003/2024(H5N1)	1028	4812
NA|PP755591.1|A/cattle/Texas/24-008749-003/2024(H5N1)	1029	4812
NA|PP755591.1|A/cattle/Texas/24-008749-003/2024(H5N1)	1030	4803
NA|PP755591.1|A/cattle/Texas/24-008749-003/2024(H5N1)	1031	4782
NA|PP755591.1|A/cattle/Texas/24-008749-003/2024(H5N1)	1032	4780
NA|PP755591.1|A/cattle/Texas/24-008749-003/2024(H5N1)	1033	4762
NA|PP755591.1|A/cattle/Texas/24-008749-003/2024(H5N1)	1034	4754
NA|PP755591.1|A/cattle/Texas/24-008749-003/2024(H5N1)	1035	4102
NA|PP755591.1|A/cattle/Texas/24-008749-003/2024(H5N1)	1036	4100
NA|PP755591.1|A/cattle/Texas/24-008749-003/2024(H5N1)	1037	4075
NA|PP755591.1|A/cattle/Texas/24-008749-003/2024(H5N1)	1038	4037
NA|PP755591.1|A/cattle/Texas/24-008749-003/2024(H5N1)	1039	4038
NA|PP755591.1|A/cattle/Texas/24-008749-003/2024(H5N1)	1040	4036
NA|PP755591.1|A/cattle/Texas/24-008749-003/2024(H5N1)	1041	4036
NA|PP755591.1|A/cattle/Texas/24-008749-003/2024(H5N1)	1042	4036
NA|PP755591.1|A/cattle/Texas/24-008749-003/2024(H5N1)	1043	4036
NA|PP755591.1|A/cattle/Texas/24-008749-003/2024(H5N1)	1044	4035
NA|PP755591.1|A/cattle/Texas/24-008749-003/2024(H5N1)	1045	4314
NA|PP755591.1|A/cattle/Texas/24-008749-003/2024(H5N1)	1046	4314
NA|PP755591.1|A/cattle/Texas/24-008749-003/2024(H5N1)	1047	4316
NA|PP755591.1|A/cattle/Texas/24-008749-003/2024(H5N1)	1048	4318
NA|PP755591.1|A/cattle/Texas/24-008749-003/2024(H5N1)	1049	4336
NA|PP755591.1|A/cattle/Texas/24-008749-003/2024(H5N1)	1050	4336
NA|PP755591.1|A/cattle/Texas/24-008749-003/2024(H5N1)	1051	4337
NA|PP755591.1|A/cattle/Texas/24-008749-003/2024(H5N1)	1052	4333
NA|PP755591.1|A/cattle/Texas/24-008749-003/2024(H5N1)	1053	4191
NA|PP755591.1|A/cattle/Texas/24-008749-003/2024(H5N1)	1054	4188
NA|PP755591.1|A/cattle/Texas/24-008749-003/2024(H5N1)	1055	4169
NA|PP755591.1|A/cattle/Texas/24-008749-003/2024(H5N1)	1056	4164
NA|PP755591.1|A/cattle/Texas/24-008749-003/2024(H5N1)	1057	4538
NA|PP755591.1|A/cattle/Texas/24-008749-003/2024(H5N1)	1058	4515
NA|PP755591.1|A/cattle/Texas/24-008749-003/2024(H5N1)	1059	4658
NA|PP755591.1|A/cattle/Texas/24-008749-003/2024(H5N1)	1060	4652
NA|PP755591.1|A/cattle/Texas/24-008749-003/2024(H5N1)	1061	4663
NA|PP755591.1|A/cattle/Texas/24-008749-003/2024(H5N1)	1062	4676
NA|PP755591.1|A/cattle/Texas/24-008749-003/2024(H5N1)	1063	4661
NA|PP755591.1|A/cattle/Texas/24-008749-003/2024(H5N1)	1064	4657
NA|PP755591.1|A/cattle/Texas/24-008749-003/2024(H5N1)	1065	4644
NA|PP755591.1|A/cattle/Texas/24-008749-003/2024(H5N1)	1066	4644
NA|PP755591.1|A/cattle/Texas/24-008749-003/2024(H5N1)	1067	4645
NA|PP755591.1|A/cattle/Texas/24-008749-003/2024(H5N1)	1068	4470
NA|PP755591.1|A/cattle/Texas/24-008749-003/2024(H5N1)	1069	4492
NA|PP755591.1|A/cattle/Texas/24-008749-003/2024(H5N1)	1070	4396
NA|PP755591.1|A/cattle/Texas/24-008749-003/2024(H5N1)	1071	4384
NA|PP755591.1|A/cattle/Texas/24-008749-003/2024(H5N1)	1072	4384
NA|PP755591.1|A/cattle/Texas/24-008749-003/2024(H5N1)	1073	4383
NA|PP755591.1|A/cattle/Texas/24-008749-003/2024(H5N1)	1074	4383
NA|PP755591.1|A/cattle/Texas/24-008749-003/2024(H5N1)	1075	4374
NA|PP755591.1|A/cattle/Texas/24-008749-003/2024(H5N1)	1076	4343
NA|PP755591.1|A/cattle/Texas/24-008749-003/2024(H5N1)	1077	4273
NA|PP755591.1|A/cattle/Texas/24-008749-003/2024(H5N1)	1078	4269
NA|PP755591.1|A/cattle/Texas/24-008749-003/2024(H5N1)	1079	4264
NA|PP755591.1|A/cattle/Texas/24-008749-003/2024(H5N1)	1080	4263
NA|PP755591.1|A/cattle/Texas/24-008749-003/2024(H5N1)	1081	4254
NA|PP755591.1|A/cattle/Texas/24-008749-003/2024(H5N1)	1082	4232
NA|PP755591.1|A/cattle/Texas/24-008749-003/2024(H5N1)	1083	4195
NA|PP755591.1|A/cattle/Texas/24-008749-003/2024(H5N1)	1084	4154
NA|PP755591.1|A/cattle/Texas/24-008749-003/2024(H5N1)	1085	4070
NA|PP755591.1|A/cattle/Texas/24-008749-003/2024(H5N1)	1086	4051
NA|PP755591.1|A/cattle/Texas/24-008749-003/2024(H5N1)	1087	4046
NA|PP755591.1|A/cattle/Texas/24-008749-003/2024(H5N1)	1088	4030
NA|PP755591.1|A/cattle/Texas/24-008749-003/2024(H5N1)	1089	4019
NA|PP755591.1|A/cattle/Texas/24-008749-003/2024(H5N1)	1090	4017
NA|PP755591.1|A/cattle/Texas/24-008749-003/2024(H5N1)	1091	3995
NA|PP755591.1|A/cattle/Texas/24-008749-003/2024(H5N1)	1092	3965
NA|PP755591.1|A/cattle/Texas/24-008749-003/2024(H5N1)	1093	3954
NA|PP755591.1|A/cattle/Texas/24-008749-003/2024(H5N1)	1094	3616
NA|PP755591.1|A/cattle/Texas/24-008749-003/2024(H5N1)	1095	3614
NA|PP755591.1|A/cattle/Texas/24-008749-003/2024(H5N1)	1096	3609
NA|PP755591.1|A/cattle/Texas/24-008749-003/2024(H5N1)	1097	3597
NA|PP755591.1|A/cattle/Texas/24-008749-003/2024(H5N1)	1098	2824
NA|PP755591.1|A/cattle/Texas/24-008749-003/2024(H5N1)	1099	2818
NA|PP755591.1|A/cattle/Texas/24-008749-003/2024(H5N1)	1100	2708
NA|PP755591.1|A/cattle/Texas/24-008749-003/2024(H5N1)	1101	2704
NA|PP755591.1|A/cattle/Texas/24-008749-003/2024(H5N1)	1102	2704
NA|PP755591.1|A/cattle/Texas/24-008749-003/2024(H5N1)	1103	2704
NA|PP755591.1|A/cattle/Texas/24-008749-003/2024(H5N1)	1104	2701
NA|PP755591.1|A/cattle/Texas/24-008749-003/2024(H5N1)	1105	2702
NA|PP755591.1|A/cattle/Texas/24-008749-003/2024(H5N1)	1106	2702
NA|PP755591.1|A/cattle/Texas/24-008749-003/2024(H5N1)	1107	2702
NA|PP755591.1|A/cattle/Texas/24-008749-003/2024(H5N1)	1108	2702
NA|PP755591.1|A/cattle/Texas/24-008749-003/2024(H5N1)	1109	2703
NA|PP755591.1|A/cattle/Texas/24-008749-003/2024(H5N1)	1110	2702
NA|PP755591.1|A/cattle/Texas/24-008749-003/2024(H5N1)	1111	3332
NA|PP755591.1|A/cattle/Texas/24-008749-003/2024(H5N1)	1112	3339
NA|PP755591.1|A/cattle/Texas/24-008749-003/2024(H5N1)	1113	3347
NA|PP755591.1|A/cattle/Texas/24-008749-003/2024(H5N1)	1114	3365
NA|PP755591.1|A/cattle/Texas/24-008749-003/2024(H5N1)	1115	3467
NA|PP755591.1|A/cattle/Texas/24-008749-003/2024(H5N1)	1116	3469
NA|PP755591.1|A/cattle/Texas/24-008749-003/2024(H5N1)	1117	3488
NA|PP755591.1|A/cattle/Texas/24-008749-003/2024(H5N1)	1118	3488
NA|PP755591.1|A/cattle/Texas/24-008749-003/2024(H5N1)	1119	3471
NA|PP755591.1|A/cattle/Texas/24-008749-003/2024(H5N1)	1120	3471
NA|PP755591.1|A/cattle/Texas/24-008749-003/2024(H5N1)	1121	3463
NA|PP755591.1|A/cattle/Texas/24-008749-003/2024(H5N1)	1122	3426
NA|PP755591.1|A/cattle/Texas/24-008749-003/2024(H5N1)	1123	3579
NA|PP755591.1|A/cattle/Texas/24-008749-003/2024(H5N1)	1124	3584
NA|PP755591.1|A/cattle/Texas/24-008749-003/2024(H5N1)	1125	3593
NA|PP755591.1|A/cattle/Texas/24-008749-003/2024(H5N1)	1126	3589
NA|PP755591.1|A/cattle/Texas/24-008749-003/2024(H5N1)	1127	3588
NA|PP755591.1|A/cattle/Texas/24-008749-003/2024(H5N1)	1128	3530
NA|PP755591.1|A/cattle/Texas/24-008749-003/2024(H5N1)	1129	3495
NA|PP755591.1|A/cattle/Texas/24-008749-003/2024(H5N1)	1130	3425
NA|PP755591.1|A/cattle/Texas/24-008749-003/2024(H5N1)	1131	3405
NA|PP755591.1|A/cattle/Texas/24-008749-003/2024(H5N1)	1132	3606
NA|PP755591.1|A/cattle/Texas/24-008749-003/2024(H5N1)	1133	3609
NA|PP755591.1|A/cattle/Texas/24-008749-003/2024(H5N1)	1134	3589
NA|PP755591.1|A/cattle/Texas/24-008749-003/2024(H5N1)	1135	3577
NA|PP755591.1|A/cattle/Texas/24-008749-003/2024(H5N1)	1136	3546
NA|PP755591.1|A/cattle/Texas/24-008749-003/2024(H5N1)	1137	3486
NA|PP755591.1|A/cattle/Texas/24-008749-003/2024(H5N1)	1138	3367
NA|PP755591.1|A/cattle/Texas/24-008749-003/2024(H5N1)	1139	3353
NA|PP755591.1|A/cattle/Texas/24-008749-003/2024(H5N1)	1140	3353
NA|PP755591.1|A/cattle/Texas/24-008749-003/2024(H5N1)	1141	3341
NA|PP755591.1|A/cattle/Texas/24-008749-003/2024(H5N1)	1142	3278
NA|PP755591.1|A/cattle/Texas/24-008749-003/2024(H5N1)	1143	3200
NA|PP755591.1|A/cattle/Texas/24-008749-003/2024(H5N1)	1144	3192
NA|PP755591.1|A/cattle/Texas/24-008749-003/2024(H5N1)	1145	3170
NA|PP755591.1|A/cattle/Texas/24-008749-003/2024(H5N1)	1146	3168
NA|PP755591.1|A/cattle/Texas/24-008749-003/2024(H5N1)	1147	3091
NA|PP755591.1|A/cattle/Texas/24-008749-003/2024(H5N1)	1148	3054
NA|PP755591.1|A/cattle/Texas/24-008749-003/2024(H5N1)	1149	2924
NA|PP755591.1|A/cattle/Texas/24-008749-003/2024(H5N1)	1150	2915
NA|PP755591.1|A/cattle/Texas/24-008749-003/2024(H5N1)	1151	2912
NA|PP755591.1|A/cattle/Texas/24-008749-003/2024(H5N1)	1152	2758
NA|PP755591.1|A/cattle/Texas/24-008749-003/2024(H5N1)	1153	2683
NA|PP755591.1|A/cattle/Texas/24-008749-003/2024(H5N1)	1154	2683
NA|PP755591.1|A/cattle/Texas/24-008749-003/2024(H5N1)	1155	2646
NA|PP755591.1|A/cattle/Texas/24-008749-003/2024(H5N1)	1156	2645
NA|PP755591.1|A/cattle/Texas/24-008749-003/2024(H5N1)	1157	2613
NA|PP755591.1|A/cattle/Texas/24-008749-003/2024(H5N1)	1158	2498
NA|PP755591.1|A/cattle/Texas/24-008749-003/2024(H5N1)	1159	2494
NA|PP755591.1|A/cattle/Texas/24-008749-003/2024(H5N1)	1160	2470
NA|PP755591.1|A/cattle/Texas/24-008749-003/2024(H5N1)	1161	2335
NA|PP755591.1|A/cattle/Texas/24-008749-003/2024(H5N1)	1162	2326
NA|PP755591.1|A/cattle/Texas/24-008749-003/2024(H5N1)	1163	2092
NA|PP755591.1|A/cattle/Texas/24-008749-003/2024(H5N1)	1164	2083
NA|PP755591.1|A/cattle/Texas/24-008749-003/2024(H5N1)	1165	2083
NA|PP755591.1|A/cattle/Texas/24-008749-003/2024(H5N1)	1166	2083
NA|PP755591.1|A/cattle/Texas/24-008749-003/2024(H5N1)	1167	2081
NA|PP755591.1|A/cattle/Texas/24-008749-003/2024(H5N1)	1168	2513
NA|PP755591.1|A/cattle/Texas/24-008749-003/2024(H5N1)	1169	2514
NA|PP755591.1|A/cattle/Texas/24-008749-003/2024(H5N1)	1170	2542
NA|PP755591.1|A/cattle/Texas/24-008749-003/2024(H5N1)	1171	2549
NA|PP755591.1|A/cattle/Texas/24-008749-003/2024(H5N1)	1172	2549
NA|PP755591.1|A/cattle/Texas/24-008749-003/2024(H5N1)	1173	2549
NA|PP755591.1|A/cattle/Texas/24-008749-003/2024(H5N1)	1174	2549
NA|PP755591.1|A/cattle/Texas/24-008749-003/2024(H5N1)	1175	2549
NA|PP755591.1|A/cattle/Texas/24-008749-003/2024(H5N1)	1176	2549
NA|PP755591.1|A/cattle/Texas/24-008749-003/2024(H5N1)	1177	2652
NA|PP755591.1|A/cattle/Texas/24-008749-003/2024(H5N1)	1178	2663
NA|PP755591.1|A/cattle/Texas/24-008749-003/2024(H5N1)	1179	2663
NA|PP755591.1|A/cattle/Texas/24-008749-003/2024(H5N1)	1180	2663
NA|PP755591.1|A/cattle/Texas/24-008749-003/2024(H5N1)	1181	2663
NA|PP755591.1|A/cattle/Texas/24-008749-003/2024(H5N1)	1182	2649
NA|PP755591.1|A/cattle/Texas/24-008749-003/2024(H5N1)	1183	2649
NA|PP755591.1|A/cattle/Texas/24-008749-003/2024(H5N1)	1184	2577
NA|PP755591.1|A/cattle/Texas/24-008749-003/2024(H5N1)	1185	2614
NA|PP755591.1|A/cattle/Texas/24-008749-003/2024(H5N1)	1186	2689
NA|PP755591.1|A/cattle/Texas/24-008749-003/2024(H5N1)	1187	2689
NA|PP755591.1|A/cattle/Texas/24-008749-003/2024(H5N1)	1188	2689
NA|PP755591.1|A/cattle/Texas/24-008749-003/2024(H5N1)	1189	2689
NA|PP755591.1|A/cattle/Texas/24-008749-003/2024(H5N1)	1190	2688
NA|PP755591.1|A/cattle/Texas/24-008749-003/2024(H5N1)	1191	2589
NA|PP755591.1|A/cattle/Texas/24-008749-003/2024(H5N1)	1192	2611
NA|PP755591.1|A/cattle/Texas/24-008749-003/2024(H5N1)	1193	2616
NA|PP755591.1|A/cattle/Texas/24-008749-003/2024(H5N1)	1194	2621
NA|PP755591.1|A/cattle/Texas/24-008749-003/2024(H5N1)	1195	2626
NA|PP755591.1|A/cattle/Texas/24-008749-003/2024(H5N1)	1196	2917
NA|PP755591.1|A/cattle/Texas/24-008749-003/2024(H5N1)	1197	2920
NA|PP755591.1|A/cattle/Texas/24-008749-003/2024(H5N1)	1198	2936
NA|PP755591.1|A/cattle/Texas/24-008749-003/2024(H5N1)	1199	2934
NA|PP755591.1|A/cattle/Texas/24-008749-003/2024(H5N1)	1200	2920
NA|PP755591.1|A/cattle/Texas/24-008749-003/2024(H5N1)	1201	3089
NA|PP755591.1|A/cattle/Texas/24-008749-003/2024(H5N1)	1202	3099
NA|PP755591.1|A/cattle/Texas/24-008749-003/2024(H5N1)	1203	3092
NA|PP755591.1|A/cattle/Texas/24-008749-003/2024(H5N1)	1204	3087
NA|PP755591.1|A/cattle/Texas/24-008749-003/2024(H5N1)	1205	2714
NA|PP755591.1|A/cattle/Texas/24-008749-003/2024(H5N1)	1206	2707
NA|PP755591.1|A/cattle/Texas/24-008749-003/2024(H5N1)	1207	2703
NA|PP755591.1|A/cattle/Texas/24-008749-003/2024(H5N1)	1208	2702
NA|PP755591.1|A/cattle/Texas/24-008749-003/2024(H5N1)	1209	2453
NA|PP755591.1|A/cattle/Texas/24-008749-003/2024(H5N1)	1210	2452
NA|PP755591.1|A/cattle/Texas/24-008749-003/2024(H5N1)	1211	2452
NA|PP755591.1|A/cattle/Texas/24-008749-003/2024(H5N1)	1212	2452
NA|PP755591.1|A/cattle/Texas/24-008749-003/2024(H5N1)	1213	2496
NA|PP755591.1|A/cattle/Texas/24-008749-003/2024(H5N1)	1214	2505
NA|PP755591.1|A/cattle/Texas/24-008749-003/2024(H5N1)	1215	2523
NA|PP755591.1|A/cattle/Texas/24-008749-003/2024(H5N1)	1216	2527
NA|PP755591.1|A/cattle/Texas/24-008749-003/2024(H5N1)	1217	2527
NA|PP755591.1|A/cattle/Texas/24-008749-003/2024(H5N1)	1218	2526
NA|PP755591.1|A/cattle/Texas/24-008749-003/2024(H5N1)	1219	2526
NA|PP755591.1|A/cattle/Texas/24-008749-003/2024(H5N1)	1220	2524
NA|PP755591.1|A/cattle/Texas/24-008749-003/2024(H5N1)	1221	2487
NA|PP755591.1|A/cattle/Texas/24-008749-003/2024(H5N1)	1222	2503
NA|PP755591.1|A/cattle/Texas/24-008749-003/2024(H5N1)	1223	2503
NA|PP755591.1|A/cattle/Texas/24-008749-003/2024(H5N1)	1224	2520
NA|PP755591.1|A/cattle/Texas/24-008749-003/2024(H5N1)	1225	2540
NA|PP755591.1|A/cattle/Texas/24-008749-003/2024(H5N1)	1226	2611
NA|PP755591.1|A/cattle/Texas/24-008749-003/2024(H5N1)	1227	2613
NA|PP755591.1|A/cattle/Texas/24-008749-003/2024(H5N1)	1228	2604
NA|PP755591.1|A/cattle/Texas/24-008749-003/2024(H5N1)	1229	2603
NA|PP755591.1|A/cattle/Texas/24-008749-003/2024(H5N1)	1230	2600
NA|PP755591.1|A/cattle/Texas/24-008749-003/2024(H5N1)	1231	2602
NA|PP755591.1|A/cattle/Texas/24-008749-003/2024(H5N1)	1232	2602
NA|PP755591.1|A/cattle/Texas/24-008749-003/2024(H5N1)	1233	2571
NA|PP755591.1|A/cattle/Texas/24-008749-003/2024(H5N1)	1234	2549
NA|PP755591.1|A/cattle/Texas/24-008749-003/2024(H5N1)	1235	2452
NA|PP755591.1|A/cattle/Texas/24-008749-003/2024(H5N1)	1236	2452
NA|PP755591.1|A/cattle/Texas/24-008749-003/2024(H5N1)	1237	2452
NA|PP755591.1|A/cattle/Texas/24-008749-003/2024(H5N1)	1238	2445
NA|PP755591.1|A/cattle/Texas/24-008749-003/2024(H5N1)	1239	2120
NA|PP755591.1|A/cattle/Texas/24-008749-003/2024(H5N1)	1240	2210
NA|PP755591.1|A/cattle/Texas/24-008749-003/2024(H5N1)	1241	2209
NA|PP755591.1|A/cattle/Texas/24-008749-003/2024(H5N1)	1242	2208
NA|PP755591.1|A/cattle/Texas/24-008749-003/2024(H5N1)	1243	2305
NA|PP755591.1|A/cattle/Texas/24-008749-003/2024(H5N1)	1244	2308
NA|PP755591.1|A/cattle/Texas/24-008749-003/2024(H5N1)	1245	2329
NA|PP755591.1|A/cattle/Texas/24-008749-003/2024(H5N1)	1246	3054
NA|PP755591.1|A/cattle/Texas/24-008749-003/2024(H5N1)	1247	3092
NA|PP755591.1|A/cattle/Texas/24-008749-003/2024(H5N1)	1248	3125
NA|PP755591.1|A/cattle/Texas/24-008749-003/2024(H5N1)	1249	3130
NA|PP755591.1|A/cattle/Texas/24-008749-003/2024(H5N1)	1250	3209
NA|PP755591.1|A/cattle/Texas/24-008749-003/2024(H5N1)	1251	3265
NA|PP755591.1|A/cattle/Texas/24-008749-003/2024(H5N1)	1252	3270
NA|PP755591.1|A/cattle/Texas/24-008749-003/2024(H5N1)	1253	3271
NA|PP755591.1|A/cattle/Texas/24-008749-003/2024(H5N1)	1254	3271
NA|PP755591.1|A/cattle/Texas/24-008749-003/2024(H5N1)	1255	3251
NA|PP755591.1|A/cattle/Texas/24-008749-003/2024(H5N1)	1256	3266
NA|PP755591.1|A/cattle/Texas/24-008749-003/2024(H5N1)	1257	3425
NA|PP755591.1|A/cattle/Texas/24-008749-003/2024(H5N1)	1258	3459
NA|PP755591.1|A/cattle/Texas/24-008749-003/2024(H5N1)	1259	3337
NA|PP755591.1|A/cattle/Texas/24-008749-003/2024(H5N1)	1260	3415
NA|PP755591.1|A/cattle/Texas/24-008749-003/2024(H5N1)	1261	3411
NA|PP755591.1|A/cattle/Texas/24-008749-003/2024(H5N1)	1262	3422
NA|PP755591.1|A/cattle/Texas/24-008749-003/2024(H5N1)	1263	3615
NA|PP755591.1|A/cattle/Texas/24-008749-003/2024(H5N1)	1264	3623
NA|PP755591.1|A/cattle/Texas/24-008749-003/2024(H5N1)	1265	3639
NA|PP755591.1|A/cattle/Texas/24-008749-003/2024(H5N1)	1266	3639
NA|PP755591.1|A/cattle/Texas/24-008749-003/2024(H5N1)	1267	3658
NA|PP755591.1|A/cattle/Texas/24-008749-003/2024(H5N1)	1268	3721
NA|PP755591.1|A/cattle/Texas/24-008749-003/2024(H5N1)	1269	3720
NA|PP755591.1|A/cattle/Texas/24-008749-003/2024(H5N1)	1270	3677
NA|PP755591.1|A/cattle/Texas/24-008749-003/2024(H5N1)	1271	3666
NA|PP755591.1|A/cattle/Texas/24-008749-003/2024(H5N1)	1272	3591
NA|PP755591.1|A/cattle/Texas/24-008749-003/2024(H5N1)	1273	3609
NA|PP755591.1|A/cattle/Texas/24-008749-003/2024(H5N1)	1274	3605
NA|PP755591.1|A/cattle/Texas/24-008749-003/2024(H5N1)	1275	3606
NA|PP755591.1|A/cattle/Texas/24-008749-003/2024(H5N1)	1276	3592
NA|PP755591.1|A/cattle/Texas/24-008749-003/2024(H5N1)	1277	3526
NA|PP755591.1|A/cattle/Texas/24-008749-003/2024(H5N1)	1278	3275
NA|PP755591.1|A/cattle/Texas/24-008749-003/2024(H5N1)	1279	3283
NA|PP755591.1|A/cattle/Texas/24-008749-003/2024(H5N1)	1280	3296
NA|PP755591.1|A/cattle/Texas/24-008749-003/2024(H5N1)	1281	3296
NA|PP755591.1|A/cattle/Texas/24-008749-003/2024(H5N1)	1282	3383
NA|PP755591.1|A/cattle/Texas/24-008749-003/2024(H5N1)	1283	3413
NA|PP755591.1|A/cattle/Texas/24-008749-003/2024(H5N1)	1284	3472
NA|PP755591.1|A/cattle/Texas/24-008749-003/2024(H5N1)	1285	3485
NA|PP755591.1|A/cattle/Texas/24-008749-003/2024(H5N1)	1286	3531
NA|PP755591.1|A/cattle/Texas/24-008749-003/2024(H5N1)	1287	3548
NA|PP755591.1|A/cattle/Texas/24-008749-003/2024(H5N1)	1288	3932
NA|PP755591.1|A/cattle/Texas/24-008749-003/2024(H5N1)	1289	3984
NA|PP755591.1|A/cattle/Texas/24-008749-003/2024(H5N1)	1290	3910
NA|PP755591.1|A/cattle/Texas/24-008749-003/2024(H5N1)	1291	3945
NA|PP755591.1|A/cattle/Texas/24-008749-003/2024(H5N1)	1292	4057
NA|PP755591.1|A/cattle/Texas/24-008749-003/2024(H5N1)	1293	4057
NA|PP755591.1|A/cattle/Texas/24-008749-003/2024(H5N1)	1294	4059
NA|PP755591.1|A/cattle/Texas/24-008749-003/2024(H5N1)	1295	4059
NA|PP755591.1|A/cattle/Texas/24-008749-003/2024(H5N1)	1296	4063
NA|PP755591.1|A/cattle/Texas/24-008749-003/2024(H5N1)	1297	4065
NA|PP755591.1|A/cattle/Texas/24-008749-003/2024(H5N1)	1298	4065
NA|PP755591.1|A/cattle/Texas/24-008749-003/2024(H5N1)	1299	4076
NA|PP755591.1|A/cattle/Texas/24-008749-003/2024(H5N1)	1300	4075
NA|PP755591.1|A/cattle/Texas/24-008749-003/2024(H5N1)	1301	4070
NA|PP755591.1|A/cattle/Texas/24-008749-003/2024(H5N1)	1302	4023
NA|PP755591.1|A/cattle/Texas/24-008749-003/2024(H5N1)	1303	4023
NA|PP755591.1|A/cattle/Texas/24-008749-003/2024(H5N1)	1304	4032
NA|PP755591.1|A/cattle/Texas/24-008749-003/2024(H5N1)	1305	4044
NA|PP755591.1|A/cattle/Texas/24-008749-003/2024(H5N1)	1306	4079
NA|PP755591.1|A/cattle/Texas/24-008749-003/2024(H5N1)	1307	4079
NA|PP755591.1|A/cattle/Texas/24-008749-003/2024(H5N1)	1308	4081
NA|PP755591.1|A/cattle/Texas/24-008749-003/2024(H5N1)	1309	4081
NA|PP755591.1|A/cattle/Texas/24-008749-003/2024(H5N1)	1310	4085
NA|PP755591.1|A/cattle/Texas/24-008749-003/2024(H5N1)	1311	4085
NA|PP755591.1|A/cattle/Texas/24-008749-003/2024(H5N1)	1312	4085
NA|PP755591.1|A/cattle/Texas/24-008749-003/2024(H5N1)	1313	4073
NA|PP755591.1|A/cattle/Texas/24-008749-003/2024(H5N1)	1314	3833
NA|PP755591.1|A/cattle/Texas/24-008749-003/2024(H5N1)	1315	3858
NA|PP755591.1|A/cattle/Texas/24-008749-003/2024(H5N1)	1316	3858
NA|PP755591.1|A/cattle/Texas/24-008749-003/2024(H5N1)	1317	3858
NA|PP755591.1|A/cattle/Texas/24-008749-003/2024(H5N1)	1318	3858
NA|PP755591.1|A/cattle/Texas/24-008749-003/2024(H5N1)	1319	3858
NA|PP755591.1|A/cattle/Texas/24-008749-003/2024(H5N1)	1320	3861
NA|PP755591.1|A/cattle/Texas/24-008749-003/2024(H5N1)	1321	3955
NA|PP755591.1|A/cattle/Texas/24-008749-003/2024(H5N1)	1322	3955
NA|PP755591.1|A/cattle/Texas/24-008749-003/2024(H5N1)	1323	3962
NA|PP755591.1|A/cattle/Texas/24-008749-003/2024(H5N1)	1324	3964
NA|PP755591.1|A/cattle/Texas/24-008749-003/2024(H5N1)	1325	3976
NA|PP755591.1|A/cattle/Texas/24-008749-003/2024(H5N1)	1326	3978
NA|PP755591.1|A/cattle/Texas/24-008749-003/2024(H5N1)	1327	3978
NA|PP755591.1|A/cattle/Texas/24-008749-003/2024(H5N1)	1328	3978
NA|PP755591.1|A/cattle/Texas/24-008749-003/2024(H5N1)	1329	3980
NA|PP755591.1|A/cattle/Texas/24-008749-003/2024(H5N1)	1330	3984
NA|PP755591.1|A/cattle/Texas/24-008749-003/2024(H5N1)	1331	3985
NA|PP755591.1|A/cattle/Texas/24-008749-003/2024(H5N1)	1332	3989
NA|PP755591.1|A/cattle/Texas/24-008749-003/2024(H5N1)	1333	3983
NA|PP755591.1|A/cattle/Texas/24-008749-003/2024(H5N1)	1334	3989
NA|PP755591.1|A/cattle/Texas/24-008749-003/2024(H5N1)	1335	3979
NA|PP755591.1|A/cattle/Texas/24-008749-003/2024(H5N1)	1336	3978
NA|PP755591.1|A/cattle/Texas/24-008749-003/2024(H5N1)	1337	3910
NA|PP755591.1|A/cattle/Texas/24-008749-003/2024(H5N1)	1338	3908
NA|PP755591.1|A/cattle/Texas/24-008749-003/2024(H5N1)	1339	3908
NA|PP755591.1|A/cattle/Texas/24-008749-003/2024(H5N1)	1340	3908
NA|PP755591.1|A/cattle/Texas/24-008749-003/2024(H5N1)	1341	3875
NA|PP755591.1|A/cattle/Texas/24-008749-003/2024(H5N1)	1342	3880
NA|PP755591.1|A/cattle/Texas/24-008749-003/2024(H5N1)	1343	3880
NA|PP755591.1|A/cattle/Texas/24-008749-003/2024(H5N1)	1344	3890
NA|PP755591.1|A/cattle/Texas/24-008749-003/2024(H5N1)	1345	3890
NA|PP755591.1|A/cattle/Texas/24-008749-003/2024(H5N1)	1346	3890
NA|PP755591.1|A/cattle/Texas/24-008749-003/2024(H5N1)	1347	3610
NA|PP755591.1|A/cattle/Texas/24-008749-003/2024(H5N1)	1348	3597
NA|PP755591.1|A/cattle/Texas/24-008749-003/2024(H5N1)	1349	3590
NA|PP755591.1|A/cattle/Texas/24-008749-003/2024(H5N1)	1350	3395
NA|PP755591.1|A/cattle/Texas/24-008749-003/2024(H5N1)	1351	3395
NA|PP755591.1|A/cattle/Texas/24-008749-003/2024(H5N1)	1352	3394
NA|PP755591.1|A/cattle/Texas/24-008749-003/2024(H5N1)	1353	3394
NA|PP755591.1|A/cattle/Texas/24-008749-003/2024(H5N1)	1354	3394
NA|PP755591.1|A/cattle/Texas/24-008749-003/2024(H5N1)	1355	3398
NA|PP755591.1|A/cattle/Texas/24-008749-003/2024(H5N1)	1356	3380
NA|PP755591.1|A/cattle/Texas/24-008749-003/2024(H5N1)	1357	3381
NA|PP755591.1|A/cattle/Texas/24-008749-003/2024(H5N1)	1358	3381
NA|PP755591.1|A/cattle/Texas/24-008749-003/2024(H5N1)	1359	3383
NA|PP755591.1|A/cattle/Texas/24-008749-003/2024(H5N1)	1360	3383
NA|PP755591.1|A/cattle/Texas/24-008749-003/2024(H5N1)	1361	3379
NA|PP755591.1|A/cattle/Texas/24-008749-003/2024(H5N1)	1362	3374
NA|PP755591.1|A/cattle/Texas/24-008749-003/2024(H5N1)	1363	3374
NA|PP755591.1|A/cattle/Texas/24-008749-003/2024(H5N1)	1364	3361
NA|PP755591.1|A/cattle/Texas/24-008749-003/2024(H5N1)	1365	3359
NA|PP755591.1|A/cattle/Texas/24-008749-003/2024(H5N1)	1366	3357
NA|PP755591.1|A/cattle/Texas/24-008749-003/2024(H5N1)	1367	3338
NA|PP755591.1|A/cattle/Texas/24-008749-003/2024(H5N1)	1368	3339
NA|PP755591.1|A/cattle/Texas/24-008749-003/2024(H5N1)	1369	3339
NA|PP755591.1|A/cattle/Texas/24-008749-003/2024(H5N1)	1370	3340
NA|PP755591.1|A/cattle/Texas/24-008749-003/2024(H5N1)	1371	3345
NA|PP755591.1|A/cattle/Texas/24-008749-003/2024(H5N1)	1372	3345
NA|PP755591.1|A/cattle/Texas/24-008749-003/2024(H5N1)	1373	3343
NA|PP755591.1|A/cattle/Texas/24-008749-003/2024(H5N1)	1374	3326
NA|PP755591.1|A/cattle/Texas/24-008749-003/2024(H5N1)	1375	3310
NA|PP755591.1|A/cattle/Texas/24-008749-003/2024(H5N1)	1376	3308
NA|PP755591.1|A/cattle/Texas/24-008749-003/2024(H5N1)	1377	3236
NA|PP755591.1|A/cattle/Texas/24-008749-003/2024(H5N1)	1378	3236
NA|PP755591.1|A/cattle/Texas/24-008749-003/2024(H5N1)	1379	3256
NA|PP755591.1|A/cattle/Texas/24-008749-003/2024(H5N1)	1380	3253
NA|PP755591.1|A/cattle/Texas/24-008749-003/2024(H5N1)	1381	3255
NA|PP755591.1|A/cattle/Texas/24-008749-003/2024(H5N1)	1382	3223
NA|PP755591.1|A/cattle/Texas/24-008749-003/2024(H5N1)	1383	3221
NA|PP755591.1|A/cattle/Texas/24-008749-003/2024(H5N1)	1384	3223
NA|PP755591.1|A/cattle/Texas/24-008749-003/2024(H5N1)	1385	3222
NA|PP755591.1|A/cattle/Texas/24-008749-003/2024(H5N1)	1386	3224
NA|PP755591.1|A/cattle/Texas/24-008749-003/2024(H5N1)	1387	3215
NA|PP755591.1|A/cattle/Texas/24-008749-003/2024(H5N1)	1388	2420
NA|PP755591.1|A/cattle/Texas/24-008749-003/2024(H5N1)	1389	2419
NA|PP755591.1|A/cattle/Texas/24-008749-003/2024(H5N1)	1390	2368
NA|PP755591.1|A/cattle/Texas/24-008749-003/2024(H5N1)	1391	2364
NA|PP755591.1|A/cattle/Texas/24-008749-003/2024(H5N1)	1392	2365
NA|PP755591.1|A/cattle/Texas/24-008749-003/2024(H5N1)	1393	2246
NA|PP755591.1|A/cattle/Texas/24-008749-003/2024(H5N1)	1394	2237
NA|PP755591.1|A/cattle/Texas/24-008749-003/2024(H5N1)	1395	2211
NA|PP755591.1|A/cattle/Texas/24-008749-003/2024(H5N1)	1396	2188
NA|PP755591.1|A/cattle/Texas/24-008749-003/2024(H5N1)	1397	2179
NA|PP755591.1|A/cattle/Texas/24-008749-003/2024(H5N1)	1398	2132
NA|PP755591.1|A/cattle/Texas/24-008749-003/2024(H5N1)	1399	2096
NA|PP755591.1|A/cattle/Texas/24-008749-003/2024(H5N1)	1400	2094
NA|PP755591.1|A/cattle/Texas/24-008749-003/2024(H5N1)	1401	1996
NA|PP755591.1|A/cattle/Texas/24-008749-003/2024(H5N1)	1402	1986
NA|PP755591.1|A/cattle/Texas/24-008749-003/2024(H5N1)	1403	1982
NA|PP755591.1|A/cattle/Texas/24-008749-003/2024(H5N1)	1404	1980
NA|PP755591.1|A/cattle/Texas/24-008749-003/2024(H5N1)	1405	1965
NA|PP755591.1|A/cattle/Texas/24-008749-003/2024(H5N1)	1406	1777
NA|PP755591.1|A/cattle/Texas/24-008749-003/2024(H5N1)	1407	1744
NA|PP755591.1|A/cattle/Texas/24-008749-003/2024(H5N1)	1408	1727
NA|PP755591.1|A/cattle/Texas/24-008749-003/2024(H5N1)	1409	1677
NA|PP755591.1|A/cattle/Texas/24-008749-003/2024(H5N1)	1410	1676
