PB1|PP755595.1|A/cattle/Texas/24-008749-003/2024(H5N1)	1	2578
PB1|PP755595.1|A/cattle/Texas/24-008749-003/2024(H5N1)	2	2587
PB1|PP755595.1|A/cattle/Texas/24-008749-003/2024(H5N1)	3	2594
PB1|PP755595.1|A/cattle/Texas/24-008749-003/2024(H5N1)	4	2628
PB1|PP755595.1|A/cattle/Texas/24-008749-003/2024(H5N1)	5	2721
PB1|PP755595.1|A/cattle/Texas/24-008749-003/2024(H5N1)	6	2756
PB1|PP755595.1|A/cattle/Texas/24-008749-003/2024(H5N1)	7	2760
PB1|PP755595.1|A/cattle/Texas/24-008749-003/2024(H5N1)	8	2765
PB1|PP755595.1|A/cattle/Texas/24-008749-003/2024(H5N1)	9	2805
PB1|PP755595.1|A/cattle/Texas/24-008749-003/2024(H5N1)	10	2814
PB1|PP755595.1|A/cattle/Texas/24-008749-003/2024(H5N1)	11	2820
PB1|PP755595.1|A/cattle/Texas/24-008749-003/2024(H5N1)	12	2824
PB1|PP755595.1|A/cattle/Texas/24-008749-003/2024(H5N1)	13	2828
PB1|PP755595.1|A/cattle/Texas/24-008749-003/2024(H5N1)	14	2845
PB1|PP755595.1|A/cattle/Texas/24-008749-003/2024(H5N1)	15	2869
PB1|PP755595.1|A/cattle/Texas/24-008749-003/2024(H5N1)	16	2931
PB1|PP755595.1|A/cattle/Texas/24-008749-003/2024(H5N1)	17	2937
PB1|PP755595.1|A/cattle/Texas/24-008749-003/2024(H5N1)	18	2937
PB1|PP755595.1|A/cattle/Texas/24-008749-003/2024(H5N1)	19	2952
PB1|PP755595.1|A/cattle/Texas/24-008749-003/2024(H5N1)	20	2957
PB1|PP755595.1|A/cattle/Texas/24-008749-003/2024(H5N1)	21	2958
PB1|PP755595.1|A/cattle/Texas/24-008749-003/2024(H5N1)	22	2964
PB1|PP755595.1|A/cattle/Texas/24-008749-003/2024(H5N1)	23	2965
PB1|PP755595.1|A/cattle/Texas/24-008749-003/2024(H5N1)	24	2971
PB1|PP755595.1|A/cattle/Texas/24-008749-003/2024(H5N1)	25	2978
PB1|PP755595.1|A/cattle/Texas/24-008749-003/2024(H5N1)	26	3064
PB1|PP755595.1|A/cattle/Texas/24-008749-003/2024(H5N1)	27	3066
PB1|PP755595.1|A/cattle/Texas/24-008749-003/2024(H5N1)	28	3071
PB1|PP755595.1|A/cattle/Texas/24-008749-003/2024(H5N1)	29	3073
PB1|PP755595.1|A/cattle/Texas/24-008749-003/2024(H5N1)	30	3074
PB1|PP755595.1|A/cattle/Texas/24-008749-003/2024(H5N1)	31	3078
PB1|PP755595.1|A/cattle/Texas/24-008749-003/2024(H5N1)	32	3096
PB1|PP755595.1|A/cattle/Texas/24-008749-003/2024(H5N1)	33	3098
PB1|PP755595.1|A/cattle/Texas/24-008749-003/2024(H5N1)	34	3129
PB1|PP755595.1|A/cattle/Texas/24-008749-003/2024(H5N1)	35	3165
PB1|PP755595.1|A/cattle/Texas/24-008749-003/2024(H5N1)	36	3172
PB1|PP755595.1|A/cattle/Texas/24-008749-003/2024(H5N1)	37	3172
PB1|PP755595.1|A/cattle/Texas/24-008749-003/2024(H5N1)	38	3181
PB1|PP755595.1|A/cattle/Texas/24-008749-003/2024(H5N1)	39	3183
PB1|PP755595.1|A/cattle/Texas/24-008749-003/2024(H5N1)	40	3333
PB1|PP755595.1|A/cattle/Texas/24-008749-003/2024(H5N1)	41	3383
PB1|PP755595.1|A/cattle/Texas/24-008749-003/2024(H5N1)	42	3382
PB1|PP755595.1|A/cattle/Texas/24-008749-003/2024(H5N1)	43	3415
PB1|PP755595.1|A/cattle/Texas/24-008749-003/2024(H5N1)	44	3415
PB1|PP755595.1|A/cattle/Texas/24-008749-003/2024(H5N1)	45	3425
PB1|PP755595.1|A/cattle/Texas/24-008749-003/2024(H5N1)	46	3434
PB1|PP755595.1|A/cattle/Texas/24-008749-003/2024(H5N1)	47	3465
PB1|PP755595.1|A/cattle/Texas/24-008749-003/2024(H5N1)	48	3646
PB1|PP755595.1|A/cattle/Texas/24-008749-003/2024(H5N1)	49	3735
PB1|PP755595.1|A/cattle/Texas/24-008749-003/2024(H5N1)	50	3756
PB1|PP755595.1|A/cattle/Texas/24-008749-003/2024(H5N1)	51	3787
PB1|PP755595.1|A/cattle/Texas/24-008749-003/2024(H5N1)	52	3792
PB1|PP755595.1|A/cattle/Texas/24-008749-003/2024(H5N1)	53	3837
PB1|PP755595.1|A/cattle/Texas/24-008749-003/2024(H5N1)	54	3946
PB1|PP755595.1|A/cattle/Texas/24-008749-003/2024(H5N1)	55	3953
PB1|PP755595.1|A/cattle/Texas/24-008749-003/2024(H5N1)	56	4063
PB1|PP755595.1|A/cattle/Texas/24-008749-003/2024(H5N1)	57	4081
PB1|PP755595.1|A/cattle/Texas/24-008749-003/2024(H5N1)	58	4153
PB1|PP755595.1|A/cattle/Texas/24-008749-003/2024(H5N1)	59	4229
PB1|PP755595.1|A/cattle/Texas/24-008749-003/2024(H5N1)	60	4233
PB1|PP755595.1|A/cattle/Texas/24-008749-003/2024(H5N1)	61	4246
PB1|PP755595.1|A/cattle/Texas/24-008749-003/2024(H5N1)	62	4263
PB1|PP755595.1|A/cattle/Texas/24-008749-003/2024(H5N1)	63	4285
PB1|PP755595.1|A/cattle/Texas/24-008749-003/2024(H5N1)	64	4321
PB1|PP755595.1|A/cattle/Texas/24-008749-003/2024(H5N1)	65	4323
PB1|PP755595.1|A/cattle/Texas/24-008749-003/2024(H5N1)	66	4798
PB1|PP755595.1|A/cattle/Texas/24-008749-003/2024(H5N1)	67	4800
PB1|PP755595.1|A/cattle/Texas/24-008749-003/2024(H5N1)	68	4800
PB1|PP755595.1|A/cattle/Texas/24-008749-003/2024(H5N1)	69	4800
PB1|PP755595.1|A/cattle/Texas/24-008749-003/2024(H5N1)	70	4838
PB1|PP755595.1|A/cattle/Texas/24-008749-003/2024(H5N1)	71	5085
PB1|PP755595.1|A/cattle/Texas/24-008749-003/2024(H5N1)	72	5137
PB1|PP755595.1|A/cattle/Texas/24-008749-003/2024(H5N1)	73	5187
PB1|PP755595.1|A/cattle/Texas/24-008749-003/2024(H5N1)	74	5224
PB1|PP755595.1|A/cattle/Texas/24-008749-003/2024(H5N1)	75	5260
PB1|PP755595.1|A/cattle/Texas/24-008749-003/2024(H5N1)	76	5301
PB1|PP755595.1|A/cattle/Texas/24-008749-003/2024(H5N1)	77	5343
PB1|PP755595.1|A/cattle/Texas/24-008749-003/2024(H5N1)	78	5371
PB1|PP755595.1|A/cattle/Texas/24-008749-003/2024(H5N1)	79	5376
PB1|PP755595.1|A/cattle/Texas/24-008749-003/2024(H5N1)	80	5502
PB1|PP755595.1|A/cattle/Texas/24-008749-003/2024(H5N1)	81	5526
PB1|PP755595.1|A/cattle/Texas/24-008749-003/2024(H5N1)	82	5786
PB1|PP755595.1|A/cattle/Texas/24-008749-003/2024(H5N1)	83	5808
PB1|PP755595.1|A/cattle/Texas/24-008749-003/2024(H5N1)	84	5822
PB1|PP755595.1|A/cattle/Texas/24-008749-003/2024(H5N1)	85	6047
PB1|PP755595.1|A/cattle/Texas/24-008749-003/2024(H5N1)	86	6085
PB1|PP755595.1|A/cattle/Texas/24-008749-003/2024(H5N1)	87	6101
PB1|PP755595.1|A/cattle/Texas/24-008749-003/2024(H5N1)	88	6101
PB1|PP755595.1|A/cattle/Texas/24-008749-003/2024(H5N1)	89	6101
PB1|PP755595.1|A/cattle/Texas/24-008749-003/2024(H5N1)	90	6112
PB1|PP755595.1|A/cattle/Texas/24-008749-003/2024(H5N1)	91	6114
PB1|PP755595.1|A/cattle/Texas/24-008749-003/2024(H5N1)	92	6256
PB1|PP755595.1|A/cattle/Texas/24-008749-003/2024(H5N1)	93	6322
PB1|PP755595.1|A/cattle/Texas/24-008749-003/2024(H5N1)	94	6271
PB1|PP755595.1|A/cattle/Texas/24-008749-003/2024(H5N1)	95	6303
PB1|PP755595.1|A/cattle/Texas/24-008749-003/2024(H5N1)	96	6297
PB1|PP755595.1|A/cattle/Texas/24-008749-003/2024(H5N1)	97	6303
PB1|PP755595.1|A/cattle/Texas/24-008749-003/2024(H5N1)	98	6440
PB1|PP755595.1|A/cattle/Texas/24-008749-003/2024(H5N1)	99	6433
PB1|PP755595.1|A/cattle/Texas/24-008749-003/2024(H5N1)	100	6431
PB1|PP755595.1|A/cattle/Texas/24-008749-003/2024(H5N1)	101	6403
PB1|PP755595.1|A/cattle/Texas/24-008749-003/2024(H5N1)	102	6358
PB1|PP755595.1|A/cattle/Texas/24-008749-003/2024(H5N1)	103	6359
PB1|PP755595.1|A/cattle/Texas/24-008749-003/2024(H5N1)	104	6359
PB1|PP755595.1|A/cattle/Texas/24-008749-003/2024(H5N1)	105	6355
PB1|PP755595.1|A/cattle/Texas/24-008749-003/2024(H5N1)	106	6745
PB1|PP755595.1|A/cattle/Texas/24-008749-003/2024(H5N1)	107	6804
PB1|PP755595.1|A/cattle/Texas/24-008749-003/2024(H5N1)	108	6764
PB1|PP755595.1|A/cattle/Texas/24-008749-003/2024(H5N1)	109	6760
PB1|PP755595.1|A/cattle/Texas/24-008749-003/2024(H5N1)	110	6759
PB1|PP755595.1|A/cattle/Texas/24-008749-003/2024(H5N1)	111	6758
PB1|PP755595.1|A/cattle/Texas/24-008749-003/2024(H5N1)	112	6724
PB1|PP755595.1|A/cattle/Texas/24-008749-003/2024(H5N1)	113	6705
PB1|PP755595.1|A/cattle/Texas/24-008749-003/2024(H5N1)	114	6635
PB1|PP755595.1|A/cattle/Texas/24-008749-003/2024(H5N1)	115	6633
PB1|PP755595.1|A/cattle/Texas/24-008749-003/2024(H5N1)	116	6635
PB1|PP755595.1|A/cattle/Texas/24-008749-003/2024(H5N1)	117	6576
PB1|PP755595.1|A/cattle/Texas/24-008749-003/2024(H5N1)	118	7321
PB1|PP755595.1|A/cattle/Texas/24-008749-003/2024(H5N1)	119	7327
PB1|PP755595.1|A/cattle/Texas/24-008749-003/2024(H5N1)	120	7375
PB1|PP755595.1|A/cattle/Texas/24-008749-003/2024(H5N1)	121	7380
PB1|PP755595.1|A/cattle/Texas/24-008749-003/2024(H5N1)	122	7412
PB1|PP755595.1|A/cattle/Texas/24-008749-003/2024(H5N1)	123	7406
PB1|PP755595.1|A/cattle/Texas/24-008749-003/2024(H5N1)	124	7376
PB1|PP755595.1|A/cattle/Texas/24-008749-003/2024(H5N1)	125	7336
PB1|PP755595.1|A/cattle/Texas/24-008749-003/2024(H5N1)	126	7324
PB1|PP755595.1|A/cattle/Texas/24-008749-003/2024(H5N1)	127	6268
PB1|PP755595.1|A/cattle/Texas/24-008749-003/2024(H5N1)	128	6114
PB1|PP755595.1|A/cattle/Texas/24-008749-003/2024(H5N1)	129	5862
PB1|PP755595.1|A/cattle/Texas/24-008749-003/2024(H5N1)	130	6268
PB1|PP755595.1|A/cattle/Texas/24-008749-003/2024(H5N1)	131	6299
PB1|PP755595.1|A/cattle/Texas/24-008749-003/2024(H5N1)	132	6260
PB1|PP755595.1|A/cattle/Texas/24-008749-003/2024(H5N1)	133	6254
PB1|PP755595.1|A/cattle/Texas/24-008749-003/2024(H5N1)	134	6350
PB1|PP755595.1|A/cattle/Texas/24-008749-003/2024(H5N1)	135	6350
PB1|PP755595.1|A/cattle/Texas/24-008749-003/2024(H5N1)	136	6338
PB1|PP755595.1|A/cattle/Texas/24-008749-003/2024(H5N1)	137	6259
PB1|PP755595.1|A/cattle/Texas/24-008749-003/2024(H5N1)	138	6201
PB1|PP755595.1|A/cattle/Texas/24-008749-003/2024(H5N1)	139	6724
PB1|PP755595.1|A/cattle/Texas/24-008749-003/2024(H5N1)	140	6714
PB1|PP755595.1|A/cattle/Texas/24-008749-003/2024(H5N1)	141	6815
PB1|PP755595.1|A/cattle/Texas/24-008749-003/2024(H5N1)	142	6798
PB1|PP755595.1|A/cattle/Texas/24-008749-003/2024(H5N1)	143	6759
PB1|PP755595.1|A/cattle/Texas/24-008749-003/2024(H5N1)	144	6708
PB1|PP755595.1|A/cattle/Texas/24-008749-003/2024(H5N1)	145	6695
PB1|PP755595.1|A/cattle/Texas/24-008749-003/2024(H5N1)	146	6664
PB1|PP755595.1|A/cattle/Texas/24-008749-003/2024(H5N1)	147	6609
PB1|PP755595.1|A/cattle/Texas/24-008749-003/2024(H5N1)	148	6539
PB1|PP755595.1|A/cattle/Texas/24-008749-003/2024(H5N1)	149	6516
PB1|PP755595.1|A/cattle/Texas/24-008749-003/2024(H5N1)	150	6485
PB1|PP755595.1|A/cattle/Texas/24-008749-003/2024(H5N1)	151	6485
PB1|PP755595.1|A/cattle/Texas/24-008749-003/2024(H5N1)	152	6461
PB1|PP755595.1|A/cattle/Texas/24-008749-003/2024(H5N1)	153	6389
PB1|PP755595.1|A/cattle/Texas/24-008749-003/2024(H5N1)	154	6378
PB1|PP755595.1|A/cattle/Texas/24-008749-003/2024(H5N1)	155	6439
PB1|PP755595.1|A/cattle/Texas/24-008749-003/2024(H5N1)	156	6404
PB1|PP755595.1|A/cattle/Texas/24-008749-003/2024(H5N1)	157	6502
PB1|PP755595.1|A/cattle/Texas/24-008749-003/2024(H5N1)	158	6514
PB1|PP755595.1|A/cattle/Texas/24-008749-003/2024(H5N1)	159	6511
PB1|PP755595.1|A/cattle/Texas/24-008749-003/2024(H5N1)	160	7120
PB1|PP755595.1|A/cattle/Texas/24-008749-003/2024(H5N1)	161	7122
PB1|PP755595.1|A/cattle/Texas/24-008749-003/2024(H5N1)	162	7132
PB1|PP755595.1|A/cattle/Texas/24-008749-003/2024(H5N1)	163	7135
PB1|PP755595.1|A/cattle/Texas/24-008749-003/2024(H5N1)	164	7155
PB1|PP755595.1|A/cattle/Texas/24-008749-003/2024(H5N1)	165	7146
PB1|PP755595.1|A/cattle/Texas/24-008749-003/2024(H5N1)	166	7119
PB1|PP755595.1|A/cattle/Texas/24-008749-003/2024(H5N1)	167	7134
PB1|PP755595.1|A/cattle/Texas/24-008749-003/2024(H5N1)	168	7139
PB1|PP755595.1|A/cattle/Texas/24-008749-003/2024(H5N1)	169	7152
PB1|PP755595.1|A/cattle/Texas/24-008749-003/2024(H5N1)	170	7168
PB1|PP755595.1|A/cattle/Texas/24-008749-003/2024(H5N1)	171	7159
PB1|PP755595.1|A/cattle/Texas/24-008749-003/2024(H5N1)	172	7164
PB1|PP755595.1|A/cattle/Texas/24-008749-003/2024(H5N1)	173	7249
PB1|PP755595.1|A/cattle/Texas/24-008749-003/2024(H5N1)	174	7287
PB1|PP755595.1|A/cattle/Texas/24-008749-003/2024(H5N1)	175	7284
PB1|PP755595.1|A/cattle/Texas/24-008749-003/2024(H5N1)	176	7243
PB1|PP755595.1|A/cattle/Texas/24-008749-003/2024(H5N1)	177	7226
PB1|PP755595.1|A/cattle/Texas/24-008749-003/2024(H5N1)	178	7229
PB1|PP755595.1|A/cattle/Texas/24-008749-003/2024(H5N1)	179	7304
PB1|PP755595.1|A/cattle/Texas/24-008749-003/2024(H5N1)	180	7383
PB1|PP755595.1|A/cattle/Texas/24-008749-003/2024(H5N1)	181	7381
PB1|PP755595.1|A/cattle/Texas/24-008749-003/2024(H5N1)	182	7407
PB1|PP755595.1|A/cattle/Texas/24-008749-003/2024(H5N1)	183	7385
PB1|PP755595.1|A/cattle/Texas/24-008749-003/2024(H5N1)	184	7377
PB1|PP755595.1|A/cattle/Texas/24-008749-003/2024(H5N1)	185	7393
PB1|PP755595.1|A/cattle/Texas/24-008749-003/2024(H5N1)	186	7365
PB1|PP755595.1|A/cattle/Texas/24-008749-003/2024(H5N1)	187	7364
PB1|PP755595.1|A/cattle/Texas/24-008749-003/2024(H5N1)	188	7480
PB1|PP755595.1|A/cattle/Texas/24-008749-003/2024(H5N1)	189	7457
PB1|PP755595.1|A/cattle/Texas/24-008749-003/2024(H5N1)	190	7735
PB1|PP755595.1|A/cattle/Texas/24-008749-003/2024(H5N1)	191	7714
PB1|PP755595.1|A/cattle/Texas/24-008749-003/2024(H5N1)	192	7713
PB1|PP755595.1|A/cattle/Texas/24-008749-003/2024(H5N1)	193	7766
PB1|PP755595.1|A/cattle/Texas/24-008749-003/2024(H5N1)	194	7738
PB1|PP755595.1|A/cattle/Texas/24-008749-003/2024(H5N1)	195	7851
PB1|PP755595.1|A/cattle/Texas/24-008749-003/2024(H5N1)	196	7834
PB1|PP755595.1|A/cattle/Texas/24-008749-003/2024(H5N1)	197	7825
PB1|PP755595.1|A/cattle/Texas/24-008749-003/2024(H5N1)	198	7830
PB1|PP755595.1|A/cattle/Texas/24-008749-003/2024(H5N1)	199	7627
PB1|PP755595.1|A/cattle/Texas/24-008749-003/2024(H5N1)	200	7652
PB1|PP755595.1|A/cattle/Texas/24-008749-003/2024(H5N1)	201	7629
PB1|PP755595.1|A/cattle/Texas/24-008749-003/2024(H5N1)	202	7610
PB1|PP755595.1|A/cattle/Texas/24-008749-003/2024(H5N1)	203	7747
PB1|PP755595.1|A/cattle/Texas/24-008749-003/2024(H5N1)	204	7687
PB1|PP755595.1|A/cattle/Texas/24-008749-003/2024(H5N1)	205	7710
PB1|PP755595.1|A/cattle/Texas/24-008749-003/2024(H5N1)	206	7716
PB1|PP755595.1|A/cattle/Texas/24-008749-003/2024(H5N1)	207	7606
PB1|PP755595.1|A/cattle/Texas/24-008749-003/2024(H5N1)	208	7607
PB1|PP755595.1|A/cattle/Texas/24-008749-003/2024(H5N1)	209	7547
PB1|PP755595.1|A/cattle/Texas/24-008749-003/2024(H5N1)	210	7479
PB1|PP755595.1|A/cattle/Texas/24-008749-003/2024(H5N1)	211	7474
PB1|PP755595.1|A/cattle/Texas/24-008749-003/2024(H5N1)	212	7449
PB1|PP755595.1|A/cattle/Texas/24-008749-003/2024(H5N1)	213	6010
PB1|PP755595.1|A/cattle/Texas/24-008749-003/2024(H5N1)	214	5967
PB1|PP755595.1|A/cattle/Texas/24-008749-003/2024(H5N1)	215	5962
PB1|PP755595.1|A/cattle/Texas/24-008749-003/2024(H5N1)	216	5960
PB1|PP755595.1|A/cattle/Texas/24-008749-003/2024(H5N1)	217	5548
PB1|PP755595.1|A/cattle/Texas/24-008749-003/2024(H5N1)	218	5564
PB1|PP755595.1|A/cattle/Texas/24-008749-003/2024(H5N1)	219	5643
PB1|PP755595.1|A/cattle/Texas/24-008749-003/2024(H5N1)	220	6069
PB1|PP755595.1|A/cattle/Texas/24-008749-003/2024(H5N1)	221	6070
PB1|PP755595.1|A/cattle/Texas/24-008749-003/2024(H5N1)	222	6069
PB1|PP755595.1|A/cattle/Texas/24-008749-003/2024(H5N1)	223	6110
PB1|PP755595.1|A/cattle/Texas/24-008749-003/2024(H5N1)	224	6101
PB1|PP755595.1|A/cattle/Texas/24-008749-003/2024(H5N1)	225	6073
PB1|PP755595.1|A/cattle/Texas/24-008749-003/2024(H5N1)	226	6181
PB1|PP755595.1|A/cattle/Texas/24-008749-003/2024(H5N1)	227	6193
PB1|PP755595.1|A/cattle/Texas/24-008749-003/2024(H5N1)	228	6247
PB1|PP755595.1|A/cattle/Texas/24-008749-003/2024(H5N1)	229	6132
PB1|PP755595.1|A/cattle/Texas/24-008749-003/2024(H5N1)	230	6127
PB1|PP755595.1|A/cattle/Texas/24-008749-003/2024(H5N1)	231	6111
PB1|PP755595.1|A/cattle/Texas/24-008749-003/2024(H5N1)	232	6128
PB1|PP755595.1|A/cattle/Texas/24-008749-003/2024(H5N1)	233	6158
PB1|PP755595.1|A/cattle/Texas/24-008749-003/2024(H5N1)	234	6254
PB1|PP755595.1|A/cattle/Texas/24-008749-003/2024(H5N1)	235	7013
PB1|PP755595.1|A/cattle/Texas/24-008749-003/2024(H5N1)	236	7018
PB1|PP755595.1|A/cattle/Texas/24-008749-003/2024(H5N1)	237	7046
PB1|PP755595.1|A/cattle/Texas/24-008749-003/2024(H5N1)	238	7047
PB1|PP755595.1|A/cattle/Texas/24-008749-003/2024(H5N1)	239	7063
PB1|PP755595.1|A/cattle/Texas/24-008749-003/2024(H5N1)	240	7375
PB1|PP755595.1|A/cattle/Texas/24-008749-003/2024(H5N1)	241	7384
PB1|PP755595.1|A/cattle/Texas/24-008749-003/2024(H5N1)	242	7688
PB1|PP755595.1|A/cattle/Texas/24-008749-003/2024(H5N1)	243	7699
PB1|PP755595.1|A/cattle/Texas/24-008749-003/2024(H5N1)	244	7705
PB1|PP755595.1|A/cattle/Texas/24-008749-003/2024(H5N1)	245	7764
PB1|PP755595.1|A/cattle/Texas/24-008749-003/2024(H5N1)	246	7924
PB1|PP755595.1|A/cattle/Texas/24-008749-003/2024(H5N1)	247	7959
PB1|PP755595.1|A/cattle/Texas/24-008749-003/2024(H5N1)	248	7959
PB1|PP755595.1|A/cattle/Texas/24-008749-003/2024(H5N1)	249	7958
PB1|PP755595.1|A/cattle/Texas/24-008749-003/2024(H5N1)	250	7952
PB1|PP755595.1|A/cattle/Texas/24-008749-003/2024(H5N1)	251	7800
PB1|PP755595.1|A/cattle/Texas/24-008749-003/2024(H5N1)	252	7793
PB1|PP755595.1|A/cattle/Texas/24-008749-003/2024(H5N1)	253	7782
PB1|PP755595.1|A/cattle/Texas/24-008749-003/2024(H5N1)	254	7656
PB1|PP755595.1|A/cattle/Texas/24-008749-003/2024(H5N1)	255	6220
PB1|PP755595.1|A/cattle/Texas/24-008749-003/2024(H5N1)	256	6220
PB1|PP755595.1|A/cattle/Texas/24-008749-003/2024(H5N1)	257	6220
PB1|PP755595.1|A/cattle/Texas/24-008749-003/2024(H5N1)	258	6220
PB1|PP755595.1|A/cattle/Texas/24-008749-003/2024(H5N1)	259	6220
PB1|PP755595.1|A/cattle/Texas/24-008749-003/2024(H5N1)	260	6220
PB1|PP755595.1|A/cattle/Texas/24-008749-003/2024(H5N1)	261	6220
PB1|PP755595.1|A/cattle/Texas/24-008749-003/2024(H5N1)	262	6220
PB1|PP755595.1|A/cattle/Texas/24-008749-003/2024(H5N1)	263	6220
PB1|PP755595.1|A/cattle/Texas/24-008749-003/2024(H5N1)	264	6219
PB1|PP755595.1|A/cattle/Texas/24-008749-003/2024(H5N1)	265	6220
PB1|PP755595.1|A/cattle/Texas/24-008749-003/2024(H5N1)	266	6235
PB1|PP755595.1|A/cattle/Texas/24-008749-003/2024(H5N1)	267	6238
PB1|PP755595.1|A/cattle/Texas/24-008749-003/2024(H5N1)	268	6823
PB1|PP755595.1|A/cattle/Texas/24-008749-003/2024(H5N1)	269	6858
PB1|PP755595.1|A/cattle/Texas/24-008749-003/2024(H5N1)	270	6891
PB1|PP755595.1|A/cattle/Texas/24-008749-003/2024(H5N1)	271	6919
PB1|PP755595.1|A/cattle/Texas/24-008749-003/2024(H5N1)	272	6996
PB1|PP755595.1|A/cattle/Texas/24-008749-003/2024(H5N1)	273	7010
PB1|PP755595.1|A/cattle/Texas/24-008749-003/2024(H5N1)	274	7024
PB1|PP755595.1|A/cattle/Texas/24-008749-003/2024(H5N1)	275	7030
PB1|PP755595.1|A/cattle/Texas/24-008749-003/2024(H5N1)	276	7087
PB1|PP755595.1|A/cattle/Texas/24-008749-003/2024(H5N1)	277	7100
PB1|PP755595.1|A/cattle/Texas/24-008749-003/2024(H5N1)	278	7227
PB1|PP755595.1|A/cattle/Texas/24-008749-003/2024(H5N1)	279	7230
PB1|PP755595.1|A/cattle/Texas/24-008749-003/2024(H5N1)	280	7235
PB1|PP755595.1|A/cattle/Texas/24-008749-003/2024(H5N1)	281	7481
PB1|PP755595.1|A/cattle/Texas/24-008749-003/2024(H5N1)	282	7566
PB1|PP755595.1|A/cattle/Texas/24-008749-003/2024(H5N1)	283	7459
PB1|PP755595.1|A/cattle/Texas/24-008749-003/2024(H5N1)	284	7453
PB1|PP755595.1|A/cattle/Texas/24-008749-003/2024(H5N1)	285	7432
PB1|PP755595.1|A/cattle/Texas/24-008749-003/2024(H5N1)	286	7488
PB1|PP755595.1|A/cattle/Texas/24-008749-003/2024(H5N1)	287	7474
PB1|PP755595.1|A/cattle/Texas/24-008749-003/2024(H5N1)	288	7271
PB1|PP755595.1|A/cattle/Texas/24-008749-003/2024(H5N1)	289	7277
PB1|PP755595.1|A/cattle/Texas/24-008749-003/2024(H5N1)	290	6769
PB1|PP755595.1|A/cattle/Texas/24-008749-003/2024(H5N1)	291	7180
PB1|PP755595.1|A/cattle/Texas/24-008749-003/2024(H5N1)	292	8090
PB1|PP755595.1|A/cattle/Texas/24-008749-003/2024(H5N1)	293	8115
PB1|PP755595.1|A/cattle/Texas/24-008749-003/2024(H5N1)	294	8088
PB1|PP755595.1|A/cattle/Texas/24-008749-003/2024(H5N1)	295	8702
PB1|PP755595.1|A/cattle/Texas/24-008749-003/2024(H5N1)	296	8792
PB1|PP755595.1|A/cattle/Texas/24-008749-003/2024(H5N1)	297	8844
PB1|PP755595.1|A/cattle/Texas/24-008749-003/2024(H5N1)	298	8882
PB1|PP755595.1|A/cattle/Texas/24-008749-003/2024(H5N1)	299	8854
PB1|PP755595.1|A/cattle/Texas/24-008749-003/2024(H5N1)	300	8402
PB1|PP755595.1|A/cattle/Texas/24-008749-003/2024(H5N1)	301	8406
PB1|PP755595.1|A/cattle/Texas/24-008749-003/2024(H5N1)	302	8402
PB1|PP755595.1|A/cattle/Texas/24-008749-003/2024(H5N1)	303	8417
PB1|PP755595.1|A/cattle/Texas/24-008749-003/2024(H5N1)	304	8504
PB1|PP755595.1|A/cattle/Texas/24-008749-003/2024(H5N1)	305	8519
PB1|PP755595.1|A/cattle/Texas/24-008749-003/2024(H5N1)	306	8453
PB1|PP755595.1|A/cattle/Texas/24-008749-003/2024(H5N1)	307	8448
PB1|PP755595.1|A/cattle/Texas/24-008749-003/2024(H5N1)	308	8465
PB1|PP755595.1|A/cattle/Texas/24-008749-003/2024(H5N1)	309	8490
PB1|PP755595.1|A/cattle/Texas/24-008749-003/2024(H5N1)	310	8492
PB1|PP755595.1|A/cattle/Texas/24-008749-003/2024(H5N1)	311	8535
PB1|PP755595.1|A/cattle/Texas/24-008749-003/2024(H5N1)	312	8535
PB1|PP755595.1|A/cattle/Texas/24-008749-003/2024(H5N1)	313	8528
PB1|PP755595.1|A/cattle/Texas/24-008749-003/2024(H5N1)	314	8538
PB1|PP755595.1|A/cattle/Texas/24-008749-003/2024(H5N1)	315	8605
PB1|PP755595.1|A/cattle/Texas/24-008749-003/2024(H5N1)	316	8602
PB1|PP755595.1|A/cattle/Texas/24-008749-003/2024(H5N1)	317	8628
PB1|PP755595.1|A/cattle/Texas/24-008749-003/2024(H5N1)	318	8614
PB1|PP755595.1|A/cattle/Texas/24-008749-003/2024(H5N1)	319	9029
PB1|PP755595.1|A/cattle/Texas/24-008749-003/2024(H5N1)	320	9091
PB1|PP755595.1|A/cattle/Texas/24-008749-003/2024(H5N1)	321	9089
PB1|PP755595.1|A/cattle/Texas/24-008749-003/2024(H5N1)	322	9093
PB1|PP755595.1|A/cattle/Texas/24-008749-003/2024(H5N1)	323	9089
PB1|PP755595.1|A/cattle/Texas/24-008749-003/2024(H5N1)	324	8983
PB1|PP755595.1|A/cattle/Texas/24-008749-003/2024(H5N1)	325	8938
PB1|PP755595.1|A/cattle/Texas/24-008749-003/2024(H5N1)	326	8940
PB1|PP755595.1|A/cattle/Texas/24-008749-003/2024(H5N1)	327	8942
PB1|PP755595.1|A/cattle/Texas/24-008749-003/2024(H5N1)	328	8955
PB1|PP755595.1|A/cattle/Texas/24-008749-003/2024(H5N1)	329	8895
PB1|PP755595.1|A/cattle/Texas/24-008749-003/2024(H5N1)	330	8940
PB1|PP755595.1|A/cattle/Texas/24-008749-003/2024(H5N1)	331	8891
PB1|PP755595.1|A/cattle/Texas/24-008749-003/2024(H5N1)	332	8889
PB1|PP755595.1|A/cattle/Texas/24-008749-003/2024(H5N1)	333	8862
PB1|PP755595.1|A/cattle/Texas/24-008749-003/2024(H5N1)	334	8939
PB1|PP755595.1|A/cattle/Texas/24-008749-003/2024(H5N1)	335	8948
PB1|PP755595.1|A/cattle/Texas/24-008749-003/2024(H5N1)	336	8905
PB1|PP755595.1|A/cattle/Texas/24-008749-003/2024(H5N1)	337	8909
PB1|PP755595.1|A/cattle/Texas/24-008749-003/2024(H5N1)	338	8880
PB1|PP755595.1|A/cattle/Texas/24-008749-003/2024(H5N1)	339	8759
PB1|PP755595.1|A/cattle/Texas/24-008749-003/2024(H5N1)	340	8759
PB1|PP755595.1|A/cattle/Texas/24-008749-003/2024(H5N1)	341	8414
PB1|PP755595.1|A/cattle/Texas/24-008749-003/2024(H5N1)	342	8417
PB1|PP755595.1|A/cattle/Texas/24-008749-003/2024(H5N1)	343	8398
PB1|PP755595.1|A/cattle/Texas/24-008749-003/2024(H5N1)	344	8382
PB1|PP755595.1|A/cattle/Texas/24-008749-003/2024(H5N1)	345	8470
PB1|PP755595.1|A/cattle/Texas/24-008749-003/2024(H5N1)	346	8668
PB1|PP755595.1|A/cattle/Texas/24-008749-003/2024(H5N1)	347	8736
PB1|PP755595.1|A/cattle/Texas/24-008749-003/2024(H5N1)	348	8744
PB1|PP755595.1|A/cattle/Texas/24-008749-003/2024(H5N1)	349	8723
PB1|PP755595.1|A/cattle/Texas/24-008749-003/2024(H5N1)	350	8651
PB1|PP755595.1|A/cattle/Texas/24-008749-003/2024(H5N1)	351	8659
PB1|PP755595.1|A/cattle/Texas/24-008749-003/2024(H5N1)	352	8695
PB1|PP755595.1|A/cattle/Texas/24-008749-003/2024(H5N1)	353	8735
PB1|PP755595.1|A/cattle/Texas/24-008749-003/2024(H5N1)	354	8584
PB1|PP755595.1|A/cattle/Texas/24-008749-003/2024(H5N1)	355	8584
PB1|PP755595.1|A/cattle/Texas/24-008749-003/2024(H5N1)	356	8442
PB1|PP755595.1|A/cattle/Texas/24-008749-003/2024(H5N1)	357	8431
PB1|PP755595.1|A/cattle/Texas/24-008749-003/2024(H5N1)	358	8423
PB1|PP755595.1|A/cattle/Texas/24-008749-003/2024(H5N1)	359	8384
PB1|PP755595.1|A/cattle/Texas/24-008749-003/2024(H5N1)	360	8382
PB1|PP755595.1|A/cattle/Texas/24-008749-003/2024(H5N1)	361	8251
PB1|PP755595.1|A/cattle/Texas/24-008749-003/2024(H5N1)	362	8233
PB1|PP755595.1|A/cattle/Texas/24-008749-003/2024(H5N1)	363	5823
PB1|PP755595.1|A/cattle/Texas/24-008749-003/2024(H5N1)	364	5597
PB1|PP755595.1|A/cattle/Texas/24-008749-003/2024(H5N1)	365	5597
PB1|PP755595.1|A/cattle/Texas/24-008749-003/2024(H5N1)	366	5598
PB1|PP755595.1|A/cattle/Texas/24-008749-003/2024(H5N1)	367	5631
PB1|PP755595.1|A/cattle/Texas/24-008749-003/2024(H5N1)	368	5663
PB1|PP755595.1|A/cattle/Texas/24-008749-003/2024(H5N1)	369	5663
PB1|PP755595.1|A/cattle/Texas/24-008749-003/2024(H5N1)	370	5668
PB1|PP755595.1|A/cattle/Texas/24-008749-003/2024(H5N1)	371	5709
PB1|PP755595.1|A/cattle/Texas/24-008749-003/2024(H5N1)	372	5712
PB1|PP755595.1|A/cattle/Texas/24-008749-003/2024(H5N1)	373	5722
PB1|PP755595.1|A/cattle/Texas/24-008749-003/2024(H5N1)	374	5722
PB1|PP755595.1|A/cattle/Texas/24-008749-003/2024(H5N1)	375	5722
PB1|PP755595.1|A/cattle/Texas/24-008749-003/2024(H5N1)	376	5835
PB1|PP755595.1|A/cattle/Texas/24-008749-003/2024(H5N1)	377	5835
PB1|PP755595.1|A/cattle/Texas/24-008749-003/2024(H5N1)	378	5843
PB1|PP755595.1|A/cattle/Texas/24-008749-003/2024(H5N1)	379	6643
PB1|PP755595.1|A/cattle/Texas/24-008749-003/2024(H5N1)	380	6645
PB1|PP755595.1|A/cattle/Texas/24-008749-003/2024(H5N1)	381	6703
PB1|PP755595.1|A/cattle/Texas/24-008749-003/2024(H5N1)	382	6971
PB1|PP755595.1|A/cattle/Texas/24-008749-003/2024(H5N1)	383	6995
PB1|PP755595.1|A/cattle/Texas/24-008749-003/2024(H5N1)	384	6996
PB1|PP755595.1|A/cattle/Texas/24-008749-003/2024(H5N1)	385	7019
PB1|PP755595.1|A/cattle/Texas/24-008749-003/2024(H5N1)	386	7055
PB1|PP755595.1|A/cattle/Texas/24-008749-003/2024(H5N1)	387	7093
PB1|PP755595.1|A/cattle/Texas/24-008749-003/2024(H5N1)	388	7094
PB1|PP755595.1|A/cattle/Texas/24-008749-003/2024(H5N1)	389	7131
PB1|PP755595.1|A/cattle/Texas/24-008749-003/2024(H5N1)	390	7140
PB1|PP755595.1|A/cattle/Texas/24-008749-003/2024(H5N1)	391	7139
PB1|PP755595.1|A/cattle/Texas/24-008749-003/2024(H5N1)	392	7139
PB1|PP755595.1|A/cattle/Texas/24-008749-003/2024(H5N1)	393	7139
PB1|PP755595.1|A/cattle/Texas/24-008749-003/2024(H5N1)	394	7136
PB1|PP755595.1|A/cattle/Texas/24-008749-003/2024(H5N1)	395	7124
PB1|PP755595.1|A/cattle/Texas/24-008749-003/2024(H5N1)	396	7064
PB1|PP755595.1|A/cattle/Texas/24-008749-003/2024(H5N1)	397	6862
PB1|PP755595.1|A/cattle/Texas/24-008749-003/2024(H5N1)	398	6862
PB1|PP755595.1|A/cattle/Texas/24-008749-003/2024(H5N1)	399	6861
PB1|PP755595.1|A/cattle/Texas/24-008749-003/2024(H5N1)	400	6861
PB1|PP755595.1|A/cattle/Texas/24-008749-003/2024(H5N1)	401	6812
PB1|PP755595.1|A/cattle/Texas/24-008749-003/2024(H5N1)	402	6809
PB1|PP755595.1|A/cattle/Texas/24-008749-003/2024(H5N1)	403	6808
PB1|PP755595.1|A/cattle/Texas/24-008749-003/2024(H5N1)	404	6806
PB1|PP755595.1|A/cattle/Texas/24-008749-003/2024(H5N1)	405	6738
PB1|PP755595.1|A/cattle/Texas/24-008749-003/2024(H5N1)	406	6697
PB1|PP755595.1|A/cattle/Texas/24-008749-003/2024(H5N1)	407	6663
PB1|PP755595.1|A/cattle/Texas/24-008749-003/2024(H5N1)	408	6627
PB1|PP755595.1|A/cattle/Texas/24-008749-003/2024(H5N1)	409	6614
PB1|PP755595.1|A/cattle/Texas/24-008749-003/2024(H5N1)	410	6570
PB1|PP755595.1|A/cattle/Texas/24-008749-003/2024(H5N1)	411	6563
PB1|PP755595.1|A/cattle/Texas/24-008749-003/2024(H5N1)	412	6563
PB1|PP755595.1|A/cattle/Texas/24-008749-003/2024(H5N1)	413	6563
PB1|PP755595.1|A/cattle/Texas/24-008749-003/2024(H5N1)	414	6529
PB1|PP755595.1|A/cattle/Texas/24-008749-003/2024(H5N1)	415	6573
PB1|PP755595.1|A/cattle/Texas/24-008749-003/2024(H5N1)	416	6573
PB1|PP755595.1|A/cattle/Texas/24-008749-003/2024(H5N1)	417	6573
PB1|PP755595.1|A/cattle/Texas/24-008749-003/2024(H5N1)	418	6573
PB1|PP755595.1|A/cattle/Texas/24-008749-003/2024(H5N1)	419	6555
PB1|PP755595.1|A/cattle/Texas/24-008749-003/2024(H5N1)	420	6554
PB1|PP755595.1|A/cattle/Texas/24-008749-003/2024(H5N1)	421	6528
PB1|PP755595.1|A/cattle/Texas/24-008749-003/2024(H5N1)	422	6485
PB1|PP755595.1|A/cattle/Texas/24-008749-003/2024(H5N1)	423	6434
PB1|PP755595.1|A/cattle/Texas/24-008749-003/2024(H5N1)	424	6420
PB1|PP755595.1|A/cattle/Texas/24-008749-003/2024(H5N1)	425	6396
PB1|PP755595.1|A/cattle/Texas/24-008749-003/2024(H5N1)	426	3659
PB1|PP755595.1|A/cattle/Texas/24-008749-003/2024(H5N1)	427	3635
PB1|PP755595.1|A/cattle/Texas/24-008749-003/2024(H5N1)	428	3635
PB1|PP755595.1|A/cattle/Texas/24-008749-003/2024(H5N1)	429	3635
PB1|PP755595.1|A/cattle/Texas/24-008749-003/2024(H5N1)	430	3770
PB1|PP755595.1|A/cattle/Texas/24-008749-003/2024(H5N1)	431	3770
PB1|PP755595.1|A/cattle/Texas/24-008749-003/2024(H5N1)	432	3769
PB1|PP755595.1|A/cattle/Texas/24-008749-003/2024(H5N1)	433	3808
PB1|PP755595.1|A/cattle/Texas/24-008749-003/2024(H5N1)	434	4491
PB1|PP755595.1|A/cattle/Texas/24-008749-003/2024(H5N1)	435	4511
PB1|PP755595.1|A/cattle/Texas/24-008749-003/2024(H5N1)	436	6086
PB1|PP755595.1|A/cattle/Texas/24-008749-003/2024(H5N1)	437	6886
PB1|PP755595.1|A/cattle/Texas/24-008749-003/2024(H5N1)	438	6895
PB1|PP755595.1|A/cattle/Texas/24-008749-003/2024(H5N1)	439	7002
PB1|PP755595.1|A/cattle/Texas/24-008749-003/2024(H5N1)	440	7008
PB1|PP755595.1|A/cattle/Texas/24-008749-003/2024(H5N1)	441	7011
PB1|PP755595.1|A/cattle/Texas/24-008749-003/2024(H5N1)	442	7038
PB1|PP755595.1|A/cattle/Texas/24-008749-003/2024(H5N1)	443	7038
PB1|PP755595.1|A/cattle/Texas/24-008749-003/2024(H5N1)	444	7061
PB1|PP755595.1|A/cattle/Texas/24-008749-003/2024(H5N1)	445	7091
PB1|PP755595.1|A/cattle/Texas/24-008749-003/2024(H5N1)	446	7102
PB1|PP755595.1|A/cattle/Texas/24-008749-003/2024(H5N1)	447	7061
PB1|PP755595.1|A/cattle/Texas/24-008749-003/2024(H5N1)	448	7020
PB1|PP755595.1|A/cattle/Texas/24-008749-003/2024(H5N1)	449	7049
PB1|PP755595.1|A/cattle/Texas/24-008749-003/2024(H5N1)	450	7050
PB1|PP755595.1|A/cattle/Texas/24-008749-003/2024(H5N1)	451	7032
PB1|PP755595.1|A/cattle/Texas/24-008749-003/2024(H5N1)	452	7113
PB1|PP755595.1|A/cattle/Texas/24-008749-003/2024(H5N1)	453	7087
PB1|PP755595.1|A/cattle/Texas/24-008749-003/2024(H5N1)	454	7110
PB1|PP755595.1|A/cattle/Texas/24-008749-003/2024(H5N1)	455	7098
PB1|PP755595.1|A/cattle/Texas/24-008749-003/2024(H5N1)	456	6933
PB1|PP755595.1|A/cattle/Texas/24-008749-003/2024(H5N1)	457	6929
PB1|PP755595.1|A/cattle/Texas/24-008749-003/2024(H5N1)	458	6928
PB1|PP755595.1|A/cattle/Texas/24-008749-003/2024(H5N1)	459	6952
PB1|PP755595.1|A/cattle/Texas/24-008749-003/2024(H5N1)	460	6921
PB1|PP755595.1|A/cattle/Texas/24-008749-003/2024(H5N1)	461	7372
PB1|PP755595.1|A/cattle/Texas/24-008749-003/2024(H5N1)	462	7433
PB1|PP755595.1|A/cattle/Texas/24-008749-003/2024(H5N1)	463	7439
PB1|PP755595.1|A/cattle/Texas/24-008749-003/2024(H5N1)	464	7479
PB1|PP755595.1|A/cattle/Texas/24-008749-003/2024(H5N1)	465	7472
PB1|PP755595.1|A/cattle/Texas/24-008749-003/2024(H5N1)	466	7515
PB1|PP755595.1|A/cattle/Texas/24-008749-003/2024(H5N1)	467	7500
PB1|PP755595.1|A/cattle/Texas/24-008749-003/2024(H5N1)	468	7442
PB1|PP755595.1|A/cattle/Texas/24-008749-003/2024(H5N1)	469	7464
PB1|PP755595.1|A/cattle/Texas/24-008749-003/2024(H5N1)	470	7239
PB1|PP755595.1|A/cattle/Texas/24-008749-003/2024(H5N1)	471	7265
PB1|PP755595.1|A/cattle/Texas/24-008749-003/2024(H5N1)	472	7256
PB1|PP755595.1|A/cattle/Texas/24-008749-003/2024(H5N1)	473	7252
PB1|PP755595.1|A/cattle/Texas/24-008749-003/2024(H5N1)	474	7258
PB1|PP755595.1|A/cattle/Texas/24-008749-003/2024(H5N1)	475	7335
PB1|PP755595.1|A/cattle/Texas/24-008749-003/2024(H5N1)	476	7334
PB1|PP755595.1|A/cattle/Texas/24-008749-003/2024(H5N1)	477	7332
PB1|PP755595.1|A/cattle/Texas/24-008749-003/2024(H5N1)	478	7316
PB1|PP755595.1|A/cattle/Texas/24-008749-003/2024(H5N1)	479	7268
PB1|PP755595.1|A/cattle/Texas/24-008749-003/2024(H5N1)	480	7143
PB1|PP755595.1|A/cattle/Texas/24-008749-003/2024(H5N1)	481	7109
PB1|PP755595.1|A/cattle/Texas/24-008749-003/2024(H5N1)	482	7093
PB1|PP755595.1|A/cattle/Texas/24-008749-003/2024(H5N1)	483	7093
PB1|PP755595.1|A/cattle/Texas/24-008749-003/2024(H5N1)	484	7094
PB1|PP755595.1|A/cattle/Texas/24-008749-003/2024(H5N1)	485	7319
PB1|PP755595.1|A/cattle/Texas/24-008749-003/2024(H5N1)	486	7381
PB1|PP755595.1|A/cattle/Texas/24-008749-003/2024(H5N1)	487	7608
PB1|PP755595.1|A/cattle/Texas/24-008749-003/2024(H5N1)	488	7609
PB1|PP755595.1|A/cattle/Texas/24-008749-003/2024(H5N1)	489	7641
PB1|PP755595.1|A/cattle/Texas/24-008749-003/2024(H5N1)	490	7735
PB1|PP755595.1|A/cattle/Texas/24-008749-003/2024(H5N1)	491	7729
PB1|PP755595.1|A/cattle/Texas/24-008749-003/2024(H5N1)	492	7729
PB1|PP755595.1|A/cattle/Texas/24-008749-003/2024(H5N1)	493	7735
PB1|PP755595.1|A/cattle/Texas/24-008749-003/2024(H5N1)	494	7551
PB1|PP755595.1|A/cattle/Texas/24-008749-003/2024(H5N1)	495	7615
PB1|PP755595.1|A/cattle/Texas/24-008749-003/2024(H5N1)	496	7455
PB1|PP755595.1|A/cattle/Texas/24-008749-003/2024(H5N1)	497	7504
PB1|PP755595.1|A/cattle/Texas/24-008749-003/2024(H5N1)	498	7559
PB1|PP755595.1|A/cattle/Texas/24-008749-003/2024(H5N1)	499	7544
PB1|PP755595.1|A/cattle/Texas/24-008749-003/2024(H5N1)	500	7548
PB1|PP755595.1|A/cattle/Texas/24-008749-003/2024(H5N1)	501	7587
PB1|PP755595.1|A/cattle/Texas/24-008749-003/2024(H5N1)	502	7577
PB1|PP755595.1|A/cattle/Texas/24-008749-003/2024(H5N1)	503	7563
PB1|PP755595.1|A/cattle/Texas/24-008749-003/2024(H5N1)	504	7581
PB1|PP755595.1|A/cattle/Texas/24-008749-003/2024(H5N1)	505	7735
PB1|PP755595.1|A/cattle/Texas/24-008749-003/2024(H5N1)	506	7884
PB1|PP755595.1|A/cattle/Texas/24-008749-003/2024(H5N1)	507	7804
PB1|PP755595.1|A/cattle/Texas/24-008749-003/2024(H5N1)	508	7923
PB1|PP755595.1|A/cattle/Texas/24-008749-003/2024(H5N1)	509	8099
PB1|PP755595.1|A/cattle/Texas/24-008749-003/2024(H5N1)	510	8135
PB1|PP755595.1|A/cattle/Texas/24-008749-003/2024(H5N1)	511	8154
PB1|PP755595.1|A/cattle/Texas/24-008749-003/2024(H5N1)	512	8142
PB1|PP755595.1|A/cattle/Texas/24-008749-003/2024(H5N1)	513	8008
PB1|PP755595.1|A/cattle/Texas/24-008749-003/2024(H5N1)	514	7916
PB1|PP755595.1|A/cattle/Texas/24-008749-003/2024(H5N1)	515	7986
PB1|PP755595.1|A/cattle/Texas/24-008749-003/2024(H5N1)	516	7968
PB1|PP755595.1|A/cattle/Texas/24-008749-003/2024(H5N1)	517	7857
PB1|PP755595.1|A/cattle/Texas/24-008749-003/2024(H5N1)	518	7922
PB1|PP755595.1|A/cattle/Texas/24-008749-003/2024(H5N1)	519	7890
PB1|PP755595.1|A/cattle/Texas/24-008749-003/2024(H5N1)	520	8097
PB1|PP755595.1|A/cattle/Texas/24-008749-003/2024(H5N1)	521	8097
PB1|PP755595.1|A/cattle/Texas/24-008749-003/2024(H5N1)	522	8125
PB1|PP755595.1|A/cattle/Texas/24-008749-003/2024(H5N1)	523	8154
PB1|PP755595.1|A/cattle/Texas/24-008749-003/2024(H5N1)	524	8103
PB1|PP755595.1|A/cattle/Texas/24-008749-003/2024(H5N1)	525	8204
PB1|PP755595.1|A/cattle/Texas/24-008749-003/2024(H5N1)	526	8227
PB1|PP755595.1|A/cattle/Texas/24-008749-003/2024(H5N1)	527	8235
PB1|PP755595.1|A/cattle/Texas/24-008749-003/2024(H5N1)	528	8231
PB1|PP755595.1|A/cattle/Texas/24-008749-003/2024(H5N1)	529	8250
PB1|PP755595.1|A/cattle/Texas/24-008749-003/2024(H5N1)	530	8555
PB1|PP755595.1|A/cattle/Texas/24-008749-003/2024(H5N1)	531	8451
PB1|PP755595.1|A/cattle/Texas/24-008749-003/2024(H5N1)	532	8405
PB1|PP755595.1|A/cattle/Texas/24-008749-003/2024(H5N1)	533	8271
PB1|PP755595.1|A/cattle/Texas/24-008749-003/2024(H5N1)	534	8251
PB1|PP755595.1|A/cattle/Texas/24-008749-003/2024(H5N1)	535	8267
PB1|PP755595.1|A/cattle/Texas/24-008749-003/2024(H5N1)	536	8254
PB1|PP755595.1|A/cattle/Texas/24-008749-003/2024(H5N1)	537	8257
PB1|PP755595.1|A/cattle/Texas/24-008749-003/2024(H5N1)	538	8240
PB1|PP755595.1|A/cattle/Texas/24-008749-003/2024(H5N1)	539	8315
PB1|PP755595.1|A/cattle/Texas/24-008749-003/2024(H5N1)	540	8299
PB1|PP755595.1|A/cattle/Texas/24-008749-003/2024(H5N1)	541	8320
PB1|PP755595.1|A/cattle/Texas/24-008749-003/2024(H5N1)	542	8428
PB1|PP755595.1|A/cattle/Texas/24-008749-003/2024(H5N1)	543	8422
PB1|PP755595.1|A/cattle/Texas/24-008749-003/2024(H5N1)	544	8426
PB1|PP755595.1|A/cattle/Texas/24-008749-003/2024(H5N1)	545	8404
PB1|PP755595.1|A/cattle/Texas/24-008749-003/2024(H5N1)	546	8372
PB1|PP755595.1|A/cattle/Texas/24-008749-003/2024(H5N1)	547	8397
PB1|PP755595.1|A/cattle/Texas/24-008749-003/2024(H5N1)	548	8398
PB1|PP755595.1|A/cattle/Texas/24-008749-003/2024(H5N1)	549	8392
PB1|PP755595.1|A/cattle/Texas/24-008749-003/2024(H5N1)	550	8394
PB1|PP755595.1|A/cattle/Texas/24-008749-003/2024(H5N1)	551	8286
PB1|PP755595.1|A/cattle/Texas/24-008749-003/2024(H5N1)	552	8329
PB1|PP755595.1|A/cattle/Texas/24-008749-003/2024(H5N1)	553	8329
PB1|PP755595.1|A/cattle/Texas/24-008749-003/2024(H5N1)	554	8326
PB1|PP755595.1|A/cattle/Texas/24-008749-003/2024(H5N1)	555	8262
PB1|PP755595.1|A/cattle/Texas/24-008749-003/2024(H5N1)	556	8245
PB1|PP755595.1|A/cattle/Texas/24-008749-003/2024(H5N1)	557	8222
PB1|PP755595.1|A/cattle/Texas/24-008749-003/2024(H5N1)	558	7730
PB1|PP755595.1|A/cattle/Texas/24-008749-003/2024(H5N1)	559	7734
PB1|PP755595.1|A/cattle/Texas/24-008749-003/2024(H5N1)	560	7733
PB1|PP755595.1|A/cattle/Texas/24-008749-003/2024(H5N1)	561	7708
PB1|PP755595.1|A/cattle/Texas/24-008749-003/2024(H5N1)	562	7774
PB1|PP755595.1|A/cattle/Texas/24-008749-003/2024(H5N1)	563	7809
PB1|PP755595.1|A/cattle/Texas/24-008749-003/2024(H5N1)	564	7862
PB1|PP755595.1|A/cattle/Texas/24-008749-003/2024(H5N1)	565	7958
PB1|PP755595.1|A/cattle/Texas/24-008749-003/2024(H5N1)	566	7991
PB1|PP755595.1|A/cattle/Texas/24-008749-003/2024(H5N1)	567	8004
PB1|PP755595.1|A/cattle/Texas/24-008749-003/2024(H5N1)	568	8005
PB1|PP755595.1|A/cattle/Texas/24-008749-003/2024(H5N1)	569	8348
PB1|PP755595.1|A/cattle/Texas/24-008749-003/2024(H5N1)	570	8212
PB1|PP755595.1|A/cattle/Texas/24-008749-003/2024(H5N1)	571	8365
PB1|PP755595.1|A/cattle/Texas/24-008749-003/2024(H5N1)	572	8326
PB1|PP755595.1|A/cattle/Texas/24-008749-003/2024(H5N1)	573	8274
PB1|PP755595.1|A/cattle/Texas/24-008749-003/2024(H5N1)	574	8286
PB1|PP755595.1|A/cattle/Texas/24-008749-003/2024(H5N1)	575	8248
PB1|PP755595.1|A/cattle/Texas/24-008749-003/2024(H5N1)	576	8437
PB1|PP755595.1|A/cattle/Texas/24-008749-003/2024(H5N1)	577	8504
PB1|PP755595.1|A/cattle/Texas/24-008749-003/2024(H5N1)	578	8503
PB1|PP755595.1|A/cattle/Texas/24-008749-003/2024(H5N1)	579	8330
PB1|PP755595.1|A/cattle/Texas/24-008749-003/2024(H5N1)	580	8312
PB1|PP755595.1|A/cattle/Texas/24-008749-003/2024(H5N1)	581	8344
PB1|PP755595.1|A/cattle/Texas/24-008749-003/2024(H5N1)	582	8337
PB1|PP755595.1|A/cattle/Texas/24-008749-003/2024(H5N1)	583	8343
PB1|PP755595.1|A/cattle/Texas/24-008749-003/2024(H5N1)	584	8287
PB1|PP755595.1|A/cattle/Texas/24-008749-003/2024(H5N1)	585	7686
PB1|PP755595.1|A/cattle/Texas/24-008749-003/2024(H5N1)	586	7896
PB1|PP755595.1|A/cattle/Texas/24-008749-003/2024(H5N1)	587	7472
PB1|PP755595.1|A/cattle/Texas/24-008749-003/2024(H5N1)	588	7240
PB1|PP755595.1|A/cattle/Texas/24-008749-003/2024(H5N1)	589	7250
PB1|PP755595.1|A/cattle/Texas/24-008749-003/2024(H5N1)	590	7164
PB1|PP755595.1|A/cattle/Texas/24-008749-003/2024(H5N1)	591	7169
PB1|PP755595.1|A/cattle/Texas/24-008749-003/2024(H5N1)	592	7252
PB1|PP755595.1|A/cattle/Texas/24-008749-003/2024(H5N1)	593	7233
PB1|PP755595.1|A/cattle/Texas/24-008749-003/2024(H5N1)	594	7272
PB1|PP755595.1|A/cattle/Texas/24-008749-003/2024(H5N1)	595	7243
PB1|PP755595.1|A/cattle/Texas/24-008749-003/2024(H5N1)	596	7232
PB1|PP755595.1|A/cattle/Texas/24-008749-003/2024(H5N1)	597	7230
PB1|PP755595.1|A/cattle/Texas/24-008749-003/2024(H5N1)	598	7173
PB1|PP755595.1|A/cattle/Texas/24-008749-003/2024(H5N1)	599	7127
PB1|PP755595.1|A/cattle/Texas/24-008749-003/2024(H5N1)	600	7089
PB1|PP755595.1|A/cattle/Texas/24-008749-003/2024(H5N1)	601	7084
PB1|PP755595.1|A/cattle/Texas/24-008749-003/2024(H5N1)	602	6960
PB1|PP755595.1|A/cattle/Texas/24-008749-003/2024(H5N1)	603	6944
PB1|PP755595.1|A/cattle/Texas/24-008749-003/2024(H5N1)	604	6939
PB1|PP755595.1|A/cattle/Texas/24-008749-003/2024(H5N1)	605	6897
PB1|PP755595.1|A/cattle/Texas/24-008749-003/2024(H5N1)	606	6893
PB1|PP755595.1|A/cattle/Texas/24-008749-003/2024(H5N1)	607	5991
PB1|PP755595.1|A/cattle/Texas/24-008749-003/2024(H5N1)	608	5991
PB1|PP755595.1|A/cattle/Texas/24-008749-003/2024(H5N1)	609	5989
PB1|PP755595.1|A/cattle/Texas/24-008749-003/2024(H5N1)	610	5990
PB1|PP755595.1|A/cattle/Texas/24-008749-003/2024(H5N1)	611	5990
PB1|PP755595.1|A/cattle/Texas/24-008749-003/2024(H5N1)	612	5990
PB1|PP755595.1|A/cattle/Texas/24-008749-003/2024(H5N1)	613	6750
PB1|PP755595.1|A/cattle/Texas/24-008749-003/2024(H5N1)	614	6756
PB1|PP755595.1|A/cattle/Texas/24-008749-003/2024(H5N1)	615	6761
PB1|PP755595.1|A/cattle/Texas/24-008749-003/2024(H5N1)	616	6761
PB1|PP755595.1|A/cattle/Texas/24-008749-003/2024(H5N1)	617	6756
PB1|PP755595.1|A/cattle/Texas/24-008749-003/2024(H5N1)	618	6744
PB1|PP755595.1|A/cattle/Texas/24-008749-003/2024(H5N1)	619	6738
PB1|PP755595.1|A/cattle/Texas/24-008749-003/2024(H5N1)	620	6631
PB1|PP755595.1|A/cattle/Texas/24-008749-003/2024(H5N1)	621	6677
PB1|PP755595.1|A/cattle/Texas/24-008749-003/2024(H5N1)	622	6721
PB1|PP755595.1|A/cattle/Texas/24-008749-003/2024(H5N1)	623	6715
PB1|PP755595.1|A/cattle/Texas/24-008749-003/2024(H5N1)	624	6717
PB1|PP755595.1|A/cattle/Texas/24-008749-003/2024(H5N1)	625	6710
PB1|PP755595.1|A/cattle/Texas/24-008749-003/2024(H5N1)	626	6638
PB1|PP755595.1|A/cattle/Texas/24-008749-003/2024(H5N1)	627	6638
PB1|PP755595.1|A/cattle/Texas/24-008749-003/2024(H5N1)	628	6626
PB1|PP755595.1|A/cattle/Texas/24-008749-003/2024(H5N1)	629	6567
PB1|PP755595.1|A/cattle/Texas/24-008749-003/2024(H5N1)	630	6546
PB1|PP755595.1|A/cattle/Texas/24-008749-003/2024(H5N1)	631	6515
PB1|PP755595.1|A/cattle/Texas/24-008749-003/2024(H5N1)	632	6512
PB1|PP755595.1|A/cattle/Texas/24-008749-003/2024(H5N1)	633	6236
PB1|PP755595.1|A/cattle/Texas/24-008749-003/2024(H5N1)	634	6033
PB1|PP755595.1|A/cattle/Texas/24-008749-003/2024(H5N1)	635	6052
PB1|PP755595.1|A/cattle/Texas/24-008749-003/2024(H5N1)	636	6052
PB1|PP755595.1|A/cattle/Texas/24-008749-003/2024(H5N1)	637	6052
PB1|PP755595.1|A/cattle/Texas/24-008749-003/2024(H5N1)	638	6052
PB1|PP755595.1|A/cattle/Texas/24-008749-003/2024(H5N1)	639	6039
PB1|PP755595.1|A/cattle/Texas/24-008749-003/2024(H5N1)	640	6025
PB1|PP755595.1|A/cattle/Texas/24-008749-003/2024(H5N1)	641	5927
PB1|PP755595.1|A/cattle/Texas/24-008749-003/2024(H5N1)	642	5927
PB1|PP755595.1|A/cattle/Texas/24-008749-003/2024(H5N1)	643	5931
PB1|PP755595.1|A/cattle/Texas/24-008749-003/2024(H5N1)	644	5921
PB1|PP755595.1|A/cattle/Texas/24-008749-003/2024(H5N1)	645	5836
PB1|PP755595.1|A/cattle/Texas/24-008749-003/2024(H5N1)	646	5741
PB1|PP755595.1|A/cattle/Texas/24-008749-003/2024(H5N1)	647	5735
PB1|PP755595.1|A/cattle/Texas/24-008749-003/2024(H5N1)	648	5589
PB1|PP755595.1|A/cattle/Texas/24-008749-003/2024(H5N1)	649	5583
PB1|PP755595.1|A/cattle/Texas/24-008749-003/2024(H5N1)	650	5568
PB1|PP755595.1|A/cattle/Texas/24-008749-003/2024(H5N1)	651	4670
PB1|PP755595.1|A/cattle/Texas/24-008749-003/2024(H5N1)	652	4668
PB1|PP755595.1|A/cattle/Texas/24-008749-003/2024(H5N1)	653	4669
PB1|PP755595.1|A/cattle/Texas/24-008749-003/2024(H5N1)	654	4648
PB1|PP755595.1|A/cattle/Texas/24-008749-003/2024(H5N1)	655	5498
PB1|PP755595.1|A/cattle/Texas/24-008749-003/2024(H5N1)	656	5513
PB1|PP755595.1|A/cattle/Texas/24-008749-003/2024(H5N1)	657	5511
PB1|PP755595.1|A/cattle/Texas/24-008749-003/2024(H5N1)	658	5499
PB1|PP755595.1|A/cattle/Texas/24-008749-003/2024(H5N1)	659	5523
PB1|PP755595.1|A/cattle/Texas/24-008749-003/2024(H5N1)	660	5509
PB1|PP755595.1|A/cattle/Texas/24-008749-003/2024(H5N1)	661	5508
PB1|PP755595.1|A/cattle/Texas/24-008749-003/2024(H5N1)	662	5482
PB1|PP755595.1|A/cattle/Texas/24-008749-003/2024(H5N1)	663	5462
PB1|PP755595.1|A/cattle/Texas/24-008749-003/2024(H5N1)	664	5347
PB1|PP755595.1|A/cattle/Texas/24-008749-003/2024(H5N1)	665	5695
PB1|PP755595.1|A/cattle/Texas/24-008749-003/2024(H5N1)	666	5699
PB1|PP755595.1|A/cattle/Texas/24-008749-003/2024(H5N1)	667	5757
PB1|PP755595.1|A/cattle/Texas/24-008749-003/2024(H5N1)	668	5707
PB1|PP755595.1|A/cattle/Texas/24-008749-003/2024(H5N1)	669	5683
PB1|PP755595.1|A/cattle/Texas/24-008749-003/2024(H5N1)	670	5619
PB1|PP755595.1|A/cattle/Texas/24-008749-003/2024(H5N1)	671	5400
PB1|PP755595.1|A/cattle/Texas/24-008749-003/2024(H5N1)	672	5407
PB1|PP755595.1|A/cattle/Texas/24-008749-003/2024(H5N1)	673	5364
PB1|PP755595.1|A/cattle/Texas/24-008749-003/2024(H5N1)	674	5361
PB1|PP755595.1|A/cattle/Texas/24-008749-003/2024(H5N1)	675	5345
PB1|PP755595.1|A/cattle/Texas/24-008749-003/2024(H5N1)	676	5552
PB1|PP755595.1|A/cattle/Texas/24-008749-003/2024(H5N1)	677	5533
PB1|PP755595.1|A/cattle/Texas/24-008749-003/2024(H5N1)	678	5434
PB1|PP755595.1|A/cattle/Texas/24-008749-003/2024(H5N1)	679	5443
PB1|PP755595.1|A/cattle/Texas/24-008749-003/2024(H5N1)	680	5413
PB1|PP755595.1|A/cattle/Texas/24-008749-003/2024(H5N1)	681	5132
PB1|PP755595.1|A/cattle/Texas/24-008749-003/2024(H5N1)	682	5158
PB1|PP755595.1|A/cattle/Texas/24-008749-003/2024(H5N1)	683	5148
PB1|PP755595.1|A/cattle/Texas/24-008749-003/2024(H5N1)	684	5142
PB1|PP755595.1|A/cattle/Texas/24-008749-003/2024(H5N1)	685	5140
PB1|PP755595.1|A/cattle/Texas/24-008749-003/2024(H5N1)	686	5123
PB1|PP755595.1|A/cattle/Texas/24-008749-003/2024(H5N1)	687	5121
PB1|PP755595.1|A/cattle/Texas/24-008749-003/2024(H5N1)	688	5084
PB1|PP755595.1|A/cattle/Texas/24-008749-003/2024(H5N1)	689	5051
PB1|PP755595.1|A/cattle/Texas/24-008749-003/2024(H5N1)	690	4977
PB1|PP755595.1|A/cattle/Texas/24-008749-003/2024(H5N1)	691	4969
PB1|PP755595.1|A/cattle/Texas/24-008749-003/2024(H5N1)	692	4849
PB1|PP755595.1|A/cattle/Texas/24-008749-003/2024(H5N1)	693	4842
PB1|PP755595.1|A/cattle/Texas/24-008749-003/2024(H5N1)	694	5036
PB1|PP755595.1|A/cattle/Texas/24-008749-003/2024(H5N1)	695	5084
PB1|PP755595.1|A/cattle/Texas/24-008749-003/2024(H5N1)	696	5079
PB1|PP755595.1|A/cattle/Texas/24-008749-003/2024(H5N1)	697	5068
PB1|PP755595.1|A/cattle/Texas/24-008749-003/2024(H5N1)	698	5040
PB1|PP755595.1|A/cattle/Texas/24-008749-003/2024(H5N1)	699	5002
PB1|PP755595.1|A/cattle/Texas/24-008749-003/2024(H5N1)	700	5003
PB1|PP755595.1|A/cattle/Texas/24-008749-003/2024(H5N1)	701	4970
PB1|PP755595.1|A/cattle/Texas/24-008749-003/2024(H5N1)	702	4928
PB1|PP755595.1|A/cattle/Texas/24-008749-003/2024(H5N1)	703	4911
PB1|PP755595.1|A/cattle/Texas/24-008749-003/2024(H5N1)	704	4910
PB1|PP755595.1|A/cattle/Texas/24-008749-003/2024(H5N1)	705	4905
PB1|PP755595.1|A/cattle/Texas/24-008749-003/2024(H5N1)	706	4904
PB1|PP755595.1|A/cattle/Texas/24-008749-003/2024(H5N1)	707	4895
PB1|PP755595.1|A/cattle/Texas/24-008749-003/2024(H5N1)	708	4878
PB1|PP755595.1|A/cattle/Texas/24-008749-003/2024(H5N1)	709	4925
PB1|PP755595.1|A/cattle/Texas/24-008749-003/2024(H5N1)	710	4919
PB1|PP755595.1|A/cattle/Texas/24-008749-003/2024(H5N1)	711	4901
PB1|PP755595.1|A/cattle/Texas/24-008749-003/2024(H5N1)	712	4839
PB1|PP755595.1|A/cattle/Texas/24-008749-003/2024(H5N1)	713	4837
PB1|PP755595.1|A/cattle/Texas/24-008749-003/2024(H5N1)	714	4776
PB1|PP755595.1|A/cattle/Texas/24-008749-003/2024(H5N1)	715	4681
PB1|PP755595.1|A/cattle/Texas/24-008749-003/2024(H5N1)	716	4681
PB1|PP755595.1|A/cattle/Texas/24-008749-003/2024(H5N1)	717	4641
PB1|PP755595.1|A/cattle/Texas/24-008749-003/2024(H5N1)	718	4640
PB1|PP755595.1|A/cattle/Texas/24-008749-003/2024(H5N1)	719	4312
PB1|PP755595.1|A/cattle/Texas/24-008749-003/2024(H5N1)	720	4311
PB1|PP755595.1|A/cattle/Texas/24-008749-003/2024(H5N1)	721	4372
PB1|PP755595.1|A/cattle/Texas/24-008749-003/2024(H5N1)	722	4299
PB1|PP755595.1|A/cattle/Texas/24-008749-003/2024(H5N1)	723	4307
PB1|PP755595.1|A/cattle/Texas/24-008749-003/2024(H5N1)	724	4316
PB1|PP755595.1|A/cattle/Texas/24-008749-003/2024(H5N1)	725	4226
PB1|PP755595.1|A/cattle/Texas/24-008749-003/2024(H5N1)	726	4154
PB1|PP755595.1|A/cattle/Texas/24-008749-003/2024(H5N1)	727	4046
PB1|PP755595.1|A/cattle/Texas/24-008749-003/2024(H5N1)	728	4050
PB1|PP755595.1|A/cattle/Texas/24-008749-003/2024(H5N1)	729	4046
PB1|PP755595.1|A/cattle/Texas/24-008749-003/2024(H5N1)	730	3952
PB1|PP755595.1|A/cattle/Texas/24-008749-003/2024(H5N1)	731	3792
PB1|PP755595.1|A/cattle/Texas/24-008749-003/2024(H5N1)	732	2943
PB1|PP755595.1|A/cattle/Texas/24-008749-003/2024(H5N1)	733	2942
PB1|PP755595.1|A/cattle/Texas/24-008749-003/2024(H5N1)	734	2932
PB1|PP755595.1|A/cattle/Texas/24-008749-003/2024(H5N1)	735	2932
PB1|PP755595.1|A/cattle/Texas/24-008749-003/2024(H5N1)	736	2932
PB1|PP755595.1|A/cattle/Texas/24-008749-003/2024(H5N1)	737	2932
PB1|PP755595.1|A/cattle/Texas/24-008749-003/2024(H5N1)	738	2913
PB1|PP755595.1|A/cattle/Texas/24-008749-003/2024(H5N1)	739	2909
PB1|PP755595.1|A/cattle/Texas/24-008749-003/2024(H5N1)	740	2910
PB1|PP755595.1|A/cattle/Texas/24-008749-003/2024(H5N1)	741	2910
PB1|PP755595.1|A/cattle/Texas/24-008749-003/2024(H5N1)	742	2911
PB1|PP755595.1|A/cattle/Texas/24-008749-003/2024(H5N1)	743	2912
PB1|PP755595.1|A/cattle/Texas/24-008749-003/2024(H5N1)	744	2912
PB1|PP755595.1|A/cattle/Texas/24-008749-003/2024(H5N1)	745	3709
PB1|PP755595.1|A/cattle/Texas/24-008749-003/2024(H5N1)	746	3709
PB1|PP755595.1|A/cattle/Texas/24-008749-003/2024(H5N1)	747	3709
PB1|PP755595.1|A/cattle/Texas/24-008749-003/2024(H5N1)	748	3709
PB1|PP755595.1|A/cattle/Texas/24-008749-003/2024(H5N1)	749	3710
PB1|PP755595.1|A/cattle/Texas/24-008749-003/2024(H5N1)	750	3709
PB1|PP755595.1|A/cattle/Texas/24-008749-003/2024(H5N1)	751	4061
PB1|PP755595.1|A/cattle/Texas/24-008749-003/2024(H5N1)	752	4105
PB1|PP755595.1|A/cattle/Texas/24-008749-003/2024(H5N1)	753	4117
PB1|PP755595.1|A/cattle/Texas/24-008749-003/2024(H5N1)	754	4127
PB1|PP755595.1|A/cattle/Texas/24-008749-003/2024(H5N1)	755	4169
PB1|PP755595.1|A/cattle/Texas/24-008749-003/2024(H5N1)	756	4176
PB1|PP755595.1|A/cattle/Texas/24-008749-003/2024(H5N1)	757	4176
PB1|PP755595.1|A/cattle/Texas/24-008749-003/2024(H5N1)	758	4151
PB1|PP755595.1|A/cattle/Texas/24-008749-003/2024(H5N1)	759	4103
PB1|PP755595.1|A/cattle/Texas/24-008749-003/2024(H5N1)	760	3852
PB1|PP755595.1|A/cattle/Texas/24-008749-003/2024(H5N1)	761	3851
PB1|PP755595.1|A/cattle/Texas/24-008749-003/2024(H5N1)	762	3820
PB1|PP755595.1|A/cattle/Texas/24-008749-003/2024(H5N1)	763	3810
PB1|PP755595.1|A/cattle/Texas/24-008749-003/2024(H5N1)	764	3804
PB1|PP755595.1|A/cattle/Texas/24-008749-003/2024(H5N1)	765	3776
PB1|PP755595.1|A/cattle/Texas/24-008749-003/2024(H5N1)	766	3776
PB1|PP755595.1|A/cattle/Texas/24-008749-003/2024(H5N1)	767	3777
PB1|PP755595.1|A/cattle/Texas/24-008749-003/2024(H5N1)	768	3777
PB1|PP755595.1|A/cattle/Texas/24-008749-003/2024(H5N1)	769	3777
PB1|PP755595.1|A/cattle/Texas/24-008749-003/2024(H5N1)	770	3777
PB1|PP755595.1|A/cattle/Texas/24-008749-003/2024(H5N1)	771	3764
PB1|PP755595.1|A/cattle/Texas/24-008749-003/2024(H5N1)	772	3567
PB1|PP755595.1|A/cattle/Texas/24-008749-003/2024(H5N1)	773	3568
PB1|PP755595.1|A/cattle/Texas/24-008749-003/2024(H5N1)	774	3577
PB1|PP755595.1|A/cattle/Texas/24-008749-003/2024(H5N1)	775	4013
PB1|PP755595.1|A/cattle/Texas/24-008749-003/2024(H5N1)	776	4043
PB1|PP755595.1|A/cattle/Texas/24-008749-003/2024(H5N1)	777	4058
PB1|PP755595.1|A/cattle/Texas/24-008749-003/2024(H5N1)	778	4061
PB1|PP755595.1|A/cattle/Texas/24-008749-003/2024(H5N1)	779	4072
PB1|PP755595.1|A/cattle/Texas/24-008749-003/2024(H5N1)	780	4160
PB1|PP755595.1|A/cattle/Texas/24-008749-003/2024(H5N1)	781	4160
PB1|PP755595.1|A/cattle/Texas/24-008749-003/2024(H5N1)	782	4160
PB1|PP755595.1|A/cattle/Texas/24-008749-003/2024(H5N1)	783	3928
PB1|PP755595.1|A/cattle/Texas/24-008749-003/2024(H5N1)	784	3921
PB1|PP755595.1|A/cattle/Texas/24-008749-003/2024(H5N1)	785	3912
PB1|PP755595.1|A/cattle/Texas/24-008749-003/2024(H5N1)	786	3741
PB1|PP755595.1|A/cattle/Texas/24-008749-003/2024(H5N1)	787	3771
PB1|PP755595.1|A/cattle/Texas/24-008749-003/2024(H5N1)	788	3773
PB1|PP755595.1|A/cattle/Texas/24-008749-003/2024(H5N1)	789	3773
PB1|PP755595.1|A/cattle/Texas/24-008749-003/2024(H5N1)	790	3773
PB1|PP755595.1|A/cattle/Texas/24-008749-003/2024(H5N1)	791	3773
PB1|PP755595.1|A/cattle/Texas/24-008749-003/2024(H5N1)	792	3659
PB1|PP755595.1|A/cattle/Texas/24-008749-003/2024(H5N1)	793	3753
PB1|PP755595.1|A/cattle/Texas/24-008749-003/2024(H5N1)	794	3784
PB1|PP755595.1|A/cattle/Texas/24-008749-003/2024(H5N1)	795	3787
PB1|PP755595.1|A/cattle/Texas/24-008749-003/2024(H5N1)	796	3799
PB1|PP755595.1|A/cattle/Texas/24-008749-003/2024(H5N1)	797	3799
PB1|PP755595.1|A/cattle/Texas/24-008749-003/2024(H5N1)	798	3776
PB1|PP755595.1|A/cattle/Texas/24-008749-003/2024(H5N1)	799	3732
PB1|PP755595.1|A/cattle/Texas/24-008749-003/2024(H5N1)	800	3727
PB1|PP755595.1|A/cattle/Texas/24-008749-003/2024(H5N1)	801	3589
PB1|PP755595.1|A/cattle/Texas/24-008749-003/2024(H5N1)	802	3615
PB1|PP755595.1|A/cattle/Texas/24-008749-003/2024(H5N1)	803	3776
PB1|PP755595.1|A/cattle/Texas/24-008749-003/2024(H5N1)	804	3828
PB1|PP755595.1|A/cattle/Texas/24-008749-003/2024(H5N1)	805	3843
PB1|PP755595.1|A/cattle/Texas/24-008749-003/2024(H5N1)	806	3851
PB1|PP755595.1|A/cattle/Texas/24-008749-003/2024(H5N1)	807	3851
PB1|PP755595.1|A/cattle/Texas/24-008749-003/2024(H5N1)	808	3868
PB1|PP755595.1|A/cattle/Texas/24-008749-003/2024(H5N1)	809	3868
PB1|PP755595.1|A/cattle/Texas/24-008749-003/2024(H5N1)	810	3852
PB1|PP755595.1|A/cattle/Texas/24-008749-003/2024(H5N1)	811	3782
PB1|PP755595.1|A/cattle/Texas/24-008749-003/2024(H5N1)	812	3611
PB1|PP755595.1|A/cattle/Texas/24-008749-003/2024(H5N1)	813	3567
PB1|PP755595.1|A/cattle/Texas/24-008749-003/2024(H5N1)	814	3527
PB1|PP755595.1|A/cattle/Texas/24-008749-003/2024(H5N1)	815	3711
PB1|PP755595.1|A/cattle/Texas/24-008749-003/2024(H5N1)	816	3604
PB1|PP755595.1|A/cattle/Texas/24-008749-003/2024(H5N1)	817	3771
PB1|PP755595.1|A/cattle/Texas/24-008749-003/2024(H5N1)	818	3775
PB1|PP755595.1|A/cattle/Texas/24-008749-003/2024(H5N1)	819	3779
PB1|PP755595.1|A/cattle/Texas/24-008749-003/2024(H5N1)	820	3785
PB1|PP755595.1|A/cattle/Texas/24-008749-003/2024(H5N1)	821	3963
PB1|PP755595.1|A/cattle/Texas/24-008749-003/2024(H5N1)	822	3892
PB1|PP755595.1|A/cattle/Texas/24-008749-003/2024(H5N1)	823	3785
PB1|PP755595.1|A/cattle/Texas/24-008749-003/2024(H5N1)	824	3887
PB1|PP755595.1|A/cattle/Texas/24-008749-003/2024(H5N1)	825	3906
PB1|PP755595.1|A/cattle/Texas/24-008749-003/2024(H5N1)	826	4023
PB1|PP755595.1|A/cattle/Texas/24-008749-003/2024(H5N1)	827	4074
PB1|PP755595.1|A/cattle/Texas/24-008749-003/2024(H5N1)	828	4085
PB1|PP755595.1|A/cattle/Texas/24-008749-003/2024(H5N1)	829	4106
PB1|PP755595.1|A/cattle/Texas/24-008749-003/2024(H5N1)	830	4106
PB1|PP755595.1|A/cattle/Texas/24-008749-003/2024(H5N1)	831	4031
PB1|PP755595.1|A/cattle/Texas/24-008749-003/2024(H5N1)	832	4221
PB1|PP755595.1|A/cattle/Texas/24-008749-003/2024(H5N1)	833	4221
PB1|PP755595.1|A/cattle/Texas/24-008749-003/2024(H5N1)	834	4226
PB1|PP755595.1|A/cattle/Texas/24-008749-003/2024(H5N1)	835	4279
PB1|PP755595.1|A/cattle/Texas/24-008749-003/2024(H5N1)	836	4333
PB1|PP755595.1|A/cattle/Texas/24-008749-003/2024(H5N1)	837	4321
PB1|PP755595.1|A/cattle/Texas/24-008749-003/2024(H5N1)	838	4315
PB1|PP755595.1|A/cattle/Texas/24-008749-003/2024(H5N1)	839	4278
PB1|PP755595.1|A/cattle/Texas/24-008749-003/2024(H5N1)	840	4018
PB1|PP755595.1|A/cattle/Texas/24-008749-003/2024(H5N1)	841	4041
PB1|PP755595.1|A/cattle/Texas/24-008749-003/2024(H5N1)	842	4041
PB1|PP755595.1|A/cattle/Texas/24-008749-003/2024(H5N1)	843	4041
PB1|PP755595.1|A/cattle/Texas/24-008749-003/2024(H5N1)	844	4041
PB1|PP755595.1|A/cattle/Texas/24-008749-003/2024(H5N1)	845	4044
PB1|PP755595.1|A/cattle/Texas/24-008749-003/2024(H5N1)	846	4138
PB1|PP755595.1|A/cattle/Texas/24-008749-003/2024(H5N1)	847	4465
PB1|PP755595.1|A/cattle/Texas/24-008749-003/2024(H5N1)	848	4467
PB1|PP755595.1|A/cattle/Texas/24-008749-003/2024(H5N1)	849	4481
PB1|PP755595.1|A/cattle/Texas/24-008749-003/2024(H5N1)	850	4483
PB1|PP755595.1|A/cattle/Texas/24-008749-003/2024(H5N1)	851	4484
PB1|PP755595.1|A/cattle/Texas/24-008749-003/2024(H5N1)	852	4493
PB1|PP755595.1|A/cattle/Texas/24-008749-003/2024(H5N1)	853	4506
PB1|PP755595.1|A/cattle/Texas/24-008749-003/2024(H5N1)	854	4901
PB1|PP755595.1|A/cattle/Texas/24-008749-003/2024(H5N1)	855	4905
PB1|PP755595.1|A/cattle/Texas/24-008749-003/2024(H5N1)	856	4913
PB1|PP755595.1|A/cattle/Texas/24-008749-003/2024(H5N1)	857	4916
PB1|PP755595.1|A/cattle/Texas/24-008749-003/2024(H5N1)	858	4921
PB1|PP755595.1|A/cattle/Texas/24-008749-003/2024(H5N1)	859	4930
PB1|PP755595.1|A/cattle/Texas/24-008749-003/2024(H5N1)	860	4976
PB1|PP755595.1|A/cattle/Texas/24-008749-003/2024(H5N1)	861	5017
PB1|PP755595.1|A/cattle/Texas/24-008749-003/2024(H5N1)	862	5006
PB1|PP755595.1|A/cattle/Texas/24-008749-003/2024(H5N1)	863	5019
PB1|PP755595.1|A/cattle/Texas/24-008749-003/2024(H5N1)	864	5228
PB1|PP755595.1|A/cattle/Texas/24-008749-003/2024(H5N1)	865	5249
PB1|PP755595.1|A/cattle/Texas/24-008749-003/2024(H5N1)	866	5333
PB1|PP755595.1|A/cattle/Texas/24-008749-003/2024(H5N1)	867	5337
PB1|PP755595.1|A/cattle/Texas/24-008749-003/2024(H5N1)	868	5337
PB1|PP755595.1|A/cattle/Texas/24-008749-003/2024(H5N1)	869	5353
PB1|PP755595.1|A/cattle/Texas/24-008749-003/2024(H5N1)	870	5431
PB1|PP755595.1|A/cattle/Texas/24-008749-003/2024(H5N1)	871	5657
PB1|PP755595.1|A/cattle/Texas/24-008749-003/2024(H5N1)	872	5608
PB1|PP755595.1|A/cattle/Texas/24-008749-003/2024(H5N1)	873	5601
PB1|PP755595.1|A/cattle/Texas/24-008749-003/2024(H5N1)	874	5608
PB1|PP755595.1|A/cattle/Texas/24-008749-003/2024(H5N1)	875	5594
PB1|PP755595.1|A/cattle/Texas/24-008749-003/2024(H5N1)	876	5189
PB1|PP755595.1|A/cattle/Texas/24-008749-003/2024(H5N1)	877	5320
PB1|PP755595.1|A/cattle/Texas/24-008749-003/2024(H5N1)	878	5395
PB1|PP755595.1|A/cattle/Texas/24-008749-003/2024(H5N1)	879	5681
PB1|PP755595.1|A/cattle/Texas/24-008749-003/2024(H5N1)	880	6035
PB1|PP755595.1|A/cattle/Texas/24-008749-003/2024(H5N1)	881	6038
PB1|PP755595.1|A/cattle/Texas/24-008749-003/2024(H5N1)	882	6061
PB1|PP755595.1|A/cattle/Texas/24-008749-003/2024(H5N1)	883	6097
PB1|PP755595.1|A/cattle/Texas/24-008749-003/2024(H5N1)	884	6786
PB1|PP755595.1|A/cattle/Texas/24-008749-003/2024(H5N1)	885	6788
PB1|PP755595.1|A/cattle/Texas/24-008749-003/2024(H5N1)	886	6859
PB1|PP755595.1|A/cattle/Texas/24-008749-003/2024(H5N1)	887	6865
PB1|PP755595.1|A/cattle/Texas/24-008749-003/2024(H5N1)	888	6865
PB1|PP755595.1|A/cattle/Texas/24-008749-003/2024(H5N1)	889	7172
PB1|PP755595.1|A/cattle/Texas/24-008749-003/2024(H5N1)	890	7187
PB1|PP755595.1|A/cattle/Texas/24-008749-003/2024(H5N1)	891	7232
PB1|PP755595.1|A/cattle/Texas/24-008749-003/2024(H5N1)	892	7095
PB1|PP755595.1|A/cattle/Texas/24-008749-003/2024(H5N1)	893	6879
PB1|PP755595.1|A/cattle/Texas/24-008749-003/2024(H5N1)	894	7039
PB1|PP755595.1|A/cattle/Texas/24-008749-003/2024(H5N1)	895	7031
PB1|PP755595.1|A/cattle/Texas/24-008749-003/2024(H5N1)	896	7152
PB1|PP755595.1|A/cattle/Texas/24-008749-003/2024(H5N1)	897	6838
PB1|PP755595.1|A/cattle/Texas/24-008749-003/2024(H5N1)	898	6846
PB1|PP755595.1|A/cattle/Texas/24-008749-003/2024(H5N1)	899	6853
PB1|PP755595.1|A/cattle/Texas/24-008749-003/2024(H5N1)	900	6872
PB1|PP755595.1|A/cattle/Texas/24-008749-003/2024(H5N1)	901	6875
PB1|PP755595.1|A/cattle/Texas/24-008749-003/2024(H5N1)	902	6948
PB1|PP755595.1|A/cattle/Texas/24-008749-003/2024(H5N1)	903	6913
PB1|PP755595.1|A/cattle/Texas/24-008749-003/2024(H5N1)	904	6907
PB1|PP755595.1|A/cattle/Texas/24-008749-003/2024(H5N1)	905	6861
PB1|PP755595.1|A/cattle/Texas/24-008749-003/2024(H5N1)	906	6396
PB1|PP755595.1|A/cattle/Texas/24-008749-003/2024(H5N1)	907	6441
PB1|PP755595.1|A/cattle/Texas/24-008749-003/2024(H5N1)	908	6487
PB1|PP755595.1|A/cattle/Texas/24-008749-003/2024(H5N1)	909	6487
PB1|PP755595.1|A/cattle/Texas/24-008749-003/2024(H5N1)	910	6633
PB1|PP755595.1|A/cattle/Texas/24-008749-003/2024(H5N1)	911	6645
PB1|PP755595.1|A/cattle/Texas/24-008749-003/2024(H5N1)	912	6904
PB1|PP755595.1|A/cattle/Texas/24-008749-003/2024(H5N1)	913	6940
PB1|PP755595.1|A/cattle/Texas/24-008749-003/2024(H5N1)	914	7031
PB1|PP755595.1|A/cattle/Texas/24-008749-003/2024(H5N1)	915	7039
PB1|PP755595.1|A/cattle/Texas/24-008749-003/2024(H5N1)	916	7069
PB1|PP755595.1|A/cattle/Texas/24-008749-003/2024(H5N1)	917	7112
PB1|PP755595.1|A/cattle/Texas/24-008749-003/2024(H5N1)	918	7563
PB1|PP755595.1|A/cattle/Texas/24-008749-003/2024(H5N1)	919	7580
PB1|PP755595.1|A/cattle/Texas/24-008749-003/2024(H5N1)	920	7634
PB1|PP755595.1|A/cattle/Texas/24-008749-003/2024(H5N1)	921	7635
PB1|PP755595.1|A/cattle/Texas/24-008749-003/2024(H5N1)	922	7660
PB1|PP755595.1|A/cattle/Texas/24-008749-003/2024(H5N1)	923	7684
PB1|PP755595.1|A/cattle/Texas/24-008749-003/2024(H5N1)	924	7697
PB1|PP755595.1|A/cattle/Texas/24-008749-003/2024(H5N1)	925	7706
PB1|PP755595.1|A/cattle/Texas/24-008749-003/2024(H5N1)	926	7708
PB1|PP755595.1|A/cattle/Texas/24-008749-003/2024(H5N1)	927	7772
PB1|PP755595.1|A/cattle/Texas/24-008749-003/2024(H5N1)	928	7780
PB1|PP755595.1|A/cattle/Texas/24-008749-003/2024(H5N1)	929	7782
PB1|PP755595.1|A/cattle/Texas/24-008749-003/2024(H5N1)	930	7788
PB1|PP755595.1|A/cattle/Texas/24-008749-003/2024(H5N1)	931	7710
PB1|PP755595.1|A/cattle/Texas/24-008749-003/2024(H5N1)	932	7700
PB1|PP755595.1|A/cattle/Texas/24-008749-003/2024(H5N1)	933	7774
PB1|PP755595.1|A/cattle/Texas/24-008749-003/2024(H5N1)	934	7873
PB1|PP755595.1|A/cattle/Texas/24-008749-003/2024(H5N1)	935	7873
PB1|PP755595.1|A/cattle/Texas/24-008749-003/2024(H5N1)	936	7704
PB1|PP755595.1|A/cattle/Texas/24-008749-003/2024(H5N1)	937	7709
PB1|PP755595.1|A/cattle/Texas/24-008749-003/2024(H5N1)	938	7718
PB1|PP755595.1|A/cattle/Texas/24-008749-003/2024(H5N1)	939	7785
PB1|PP755595.1|A/cattle/Texas/24-008749-003/2024(H5N1)	940	7904
PB1|PP755595.1|A/cattle/Texas/24-008749-003/2024(H5N1)	941	7938
PB1|PP755595.1|A/cattle/Texas/24-008749-003/2024(H5N1)	942	7944
PB1|PP755595.1|A/cattle/Texas/24-008749-003/2024(H5N1)	943	7988
PB1|PP755595.1|A/cattle/Texas/24-008749-003/2024(H5N1)	944	7987
PB1|PP755595.1|A/cattle/Texas/24-008749-003/2024(H5N1)	945	8045
PB1|PP755595.1|A/cattle/Texas/24-008749-003/2024(H5N1)	946	8057
PB1|PP755595.1|A/cattle/Texas/24-008749-003/2024(H5N1)	947	8068
PB1|PP755595.1|A/cattle/Texas/24-008749-003/2024(H5N1)	948	8158
PB1|PP755595.1|A/cattle/Texas/24-008749-003/2024(H5N1)	949	8165
PB1|PP755595.1|A/cattle/Texas/24-008749-003/2024(H5N1)	950	8170
PB1|PP755595.1|A/cattle/Texas/24-008749-003/2024(H5N1)	951	8233
PB1|PP755595.1|A/cattle/Texas/24-008749-003/2024(H5N1)	952	8237
PB1|PP755595.1|A/cattle/Texas/24-008749-003/2024(H5N1)	953	8258
PB1|PP755595.1|A/cattle/Texas/24-008749-003/2024(H5N1)	954	8099
PB1|PP755595.1|A/cattle/Texas/24-008749-003/2024(H5N1)	955	8140
PB1|PP755595.1|A/cattle/Texas/24-008749-003/2024(H5N1)	956	8174
PB1|PP755595.1|A/cattle/Texas/24-008749-003/2024(H5N1)	957	8191
PB1|PP755595.1|A/cattle/Texas/24-008749-003/2024(H5N1)	958	8196
PB1|PP755595.1|A/cattle/Texas/24-008749-003/2024(H5N1)	959	8171
PB1|PP755595.1|A/cattle/Texas/24-008749-003/2024(H5N1)	960	8158
PB1|PP755595.1|A/cattle/Texas/24-008749-003/2024(H5N1)	961	8191
PB1|PP755595.1|A/cattle/Texas/24-008749-003/2024(H5N1)	962	8284
PB1|PP755595.1|A/cattle/Texas/24-008749-003/2024(H5N1)	963	8371
PB1|PP755595.1|A/cattle/Texas/24-008749-003/2024(H5N1)	964	8341
PB1|PP755595.1|A/cattle/Texas/24-008749-003/2024(H5N1)	965	8340
PB1|PP755595.1|A/cattle/Texas/24-008749-003/2024(H5N1)	966	8146
PB1|PP755595.1|A/cattle/Texas/24-008749-003/2024(H5N1)	967	8140
PB1|PP755595.1|A/cattle/Texas/24-008749-003/2024(H5N1)	968	8064
PB1|PP755595.1|A/cattle/Texas/24-008749-003/2024(H5N1)	969	8067
PB1|PP755595.1|A/cattle/Texas/24-008749-003/2024(H5N1)	970	8061
PB1|PP755595.1|A/cattle/Texas/24-008749-003/2024(H5N1)	971	7874
PB1|PP755595.1|A/cattle/Texas/24-008749-003/2024(H5N1)	972	7577
PB1|PP755595.1|A/cattle/Texas/24-008749-003/2024(H5N1)	973	7401
PB1|PP755595.1|A/cattle/Texas/24-008749-003/2024(H5N1)	974	7372
PB1|PP755595.1|A/cattle/Texas/24-008749-003/2024(H5N1)	975	7306
PB1|PP755595.1|A/cattle/Texas/24-008749-003/2024(H5N1)	976	7630
PB1|PP755595.1|A/cattle/Texas/24-008749-003/2024(H5N1)	977	7627
PB1|PP755595.1|A/cattle/Texas/24-008749-003/2024(H5N1)	978	7585
PB1|PP755595.1|A/cattle/Texas/24-008749-003/2024(H5N1)	979	7576
PB1|PP755595.1|A/cattle/Texas/24-008749-003/2024(H5N1)	980	7555
PB1|PP755595.1|A/cattle/Texas/24-008749-003/2024(H5N1)	981	7368
PB1|PP755595.1|A/cattle/Texas/24-008749-003/2024(H5N1)	982	7500
PB1|PP755595.1|A/cattle/Texas/24-008749-003/2024(H5N1)	983	7505
PB1|PP755595.1|A/cattle/Texas/24-008749-003/2024(H5N1)	984	7575
PB1|PP755595.1|A/cattle/Texas/24-008749-003/2024(H5N1)	985	7568
PB1|PP755595.1|A/cattle/Texas/24-008749-003/2024(H5N1)	986	7544
PB1|PP755595.1|A/cattle/Texas/24-008749-003/2024(H5N1)	987	7517
PB1|PP755595.1|A/cattle/Texas/24-008749-003/2024(H5N1)	988	7563
PB1|PP755595.1|A/cattle/Texas/24-008749-003/2024(H5N1)	989	7543
PB1|PP755595.1|A/cattle/Texas/24-008749-003/2024(H5N1)	990	7482
PB1|PP755595.1|A/cattle/Texas/24-008749-003/2024(H5N1)	991	7501
PB1|PP755595.1|A/cattle/Texas/24-008749-003/2024(H5N1)	992	7500
PB1|PP755595.1|A/cattle/Texas/24-008749-003/2024(H5N1)	993	7501
PB1|PP755595.1|A/cattle/Texas/24-008749-003/2024(H5N1)	994	7478
PB1|PP755595.1|A/cattle/Texas/24-008749-003/2024(H5N1)	995	7442
PB1|PP755595.1|A/cattle/Texas/24-008749-003/2024(H5N1)	996	7437
PB1|PP755595.1|A/cattle/Texas/24-008749-003/2024(H5N1)	997	7271
PB1|PP755595.1|A/cattle/Texas/24-008749-003/2024(H5N1)	998	7265
PB1|PP755595.1|A/cattle/Texas/24-008749-003/2024(H5N1)	999	7199
PB1|PP755595.1|A/cattle/Texas/24-008749-003/2024(H5N1)	1000	7184
PB1|PP755595.1|A/cattle/Texas/24-008749-003/2024(H5N1)	1001	7182
PB1|PP755595.1|A/cattle/Texas/24-008749-003/2024(H5N1)	1002	7181
PB1|PP755595.1|A/cattle/Texas/24-008749-003/2024(H5N1)	1003	7623
PB1|PP755595.1|A/cattle/Texas/24-008749-003/2024(H5N1)	1004	7623
PB1|PP755595.1|A/cattle/Texas/24-008749-003/2024(H5N1)	1005	7182
PB1|PP755595.1|A/cattle/Texas/24-008749-003/2024(H5N1)	1006	7178
PB1|PP755595.1|A/cattle/Texas/24-008749-003/2024(H5N1)	1007	7174
PB1|PP755595.1|A/cattle/Texas/24-008749-003/2024(H5N1)	1008	7172
PB1|PP755595.1|A/cattle/Texas/24-008749-003/2024(H5N1)	1009	7524
PB1|PP755595.1|A/cattle/Texas/24-008749-003/2024(H5N1)	1010	7477
PB1|PP755595.1|A/cattle/Texas/24-008749-003/2024(H5N1)	1011	7432
PB1|PP755595.1|A/cattle/Texas/24-008749-003/2024(H5N1)	1012	7428
PB1|PP755595.1|A/cattle/Texas/24-008749-003/2024(H5N1)	1013	7426
PB1|PP755595.1|A/cattle/Texas/24-008749-003/2024(H5N1)	1014	7401
PB1|PP755595.1|A/cattle/Texas/24-008749-003/2024(H5N1)	1015	7357
PB1|PP755595.1|A/cattle/Texas/24-008749-003/2024(H5N1)	1016	7344
PB1|PP755595.1|A/cattle/Texas/24-008749-003/2024(H5N1)	1017	7245
PB1|PP755595.1|A/cattle/Texas/24-008749-003/2024(H5N1)	1018	7243
PB1|PP755595.1|A/cattle/Texas/24-008749-003/2024(H5N1)	1019	7240
PB1|PP755595.1|A/cattle/Texas/24-008749-003/2024(H5N1)	1020	7153
PB1|PP755595.1|A/cattle/Texas/24-008749-003/2024(H5N1)	1021	7684
PB1|PP755595.1|A/cattle/Texas/24-008749-003/2024(H5N1)	1022	7540
PB1|PP755595.1|A/cattle/Texas/24-008749-003/2024(H5N1)	1023	7542
PB1|PP755595.1|A/cattle/Texas/24-008749-003/2024(H5N1)	1024	7604
PB1|PP755595.1|A/cattle/Texas/24-008749-003/2024(H5N1)	1025	7595
PB1|PP755595.1|A/cattle/Texas/24-008749-003/2024(H5N1)	1026	7563
PB1|PP755595.1|A/cattle/Texas/24-008749-003/2024(H5N1)	1027	7537
PB1|PP755595.1|A/cattle/Texas/24-008749-003/2024(H5N1)	1028	7365
PB1|PP755595.1|A/cattle/Texas/24-008749-003/2024(H5N1)	1029	7311
PB1|PP755595.1|A/cattle/Texas/24-008749-003/2024(H5N1)	1030	6980
PB1|PP755595.1|A/cattle/Texas/24-008749-003/2024(H5N1)	1031	6681
PB1|PP755595.1|A/cattle/Texas/24-008749-003/2024(H5N1)	1032	6629
PB1|PP755595.1|A/cattle/Texas/24-008749-003/2024(H5N1)	1033	6564
PB1|PP755595.1|A/cattle/Texas/24-008749-003/2024(H5N1)	1034	6026
PB1|PP755595.1|A/cattle/Texas/24-008749-003/2024(H5N1)	1035	6014
PB1|PP755595.1|A/cattle/Texas/24-008749-003/2024(H5N1)	1036	6085
PB1|PP755595.1|A/cattle/Texas/24-008749-003/2024(H5N1)	1037	6040
PB1|PP755595.1|A/cattle/Texas/24-008749-003/2024(H5N1)	1038	6039
PB1|PP755595.1|A/cattle/Texas/24-008749-003/2024(H5N1)	1039	6030
PB1|PP755595.1|A/cattle/Texas/24-008749-003/2024(H5N1)	1040	5787
PB1|PP755595.1|A/cattle/Texas/24-008749-003/2024(H5N1)	1041	5780
PB1|PP755595.1|A/cattle/Texas/24-008749-003/2024(H5N1)	1042	5746
PB1|PP755595.1|A/cattle/Texas/24-008749-003/2024(H5N1)	1043	5740
PB1|PP755595.1|A/cattle/Texas/24-008749-003/2024(H5N1)	1044	5734
PB1|PP755595.1|A/cattle/Texas/24-008749-003/2024(H5N1)	1045	5589
PB1|PP755595.1|A/cattle/Texas/24-008749-003/2024(H5N1)	1046	5454
PB1|PP755595.1|A/cattle/Texas/24-008749-003/2024(H5N1)	1047	4792
PB1|PP755595.1|A/cattle/Texas/24-008749-003/2024(H5N1)	1048	4778
PB1|PP755595.1|A/cattle/Texas/24-008749-003/2024(H5N1)	1049	4773
PB1|PP755595.1|A/cattle/Texas/24-008749-003/2024(H5N1)	1050	4770
PB1|PP755595.1|A/cattle/Texas/24-008749-003/2024(H5N1)	1051	4744
PB1|PP755595.1|A/cattle/Texas/24-008749-003/2024(H5N1)	1052	4752
PB1|PP755595.1|A/cattle/Texas/24-008749-003/2024(H5N1)	1053	4671
PB1|PP755595.1|A/cattle/Texas/24-008749-003/2024(H5N1)	1054	4671
PB1|PP755595.1|A/cattle/Texas/24-008749-003/2024(H5N1)	1055	4671
PB1|PP755595.1|A/cattle/Texas/24-008749-003/2024(H5N1)	1056	4671
PB1|PP755595.1|A/cattle/Texas/24-008749-003/2024(H5N1)	1057	5282
PB1|PP755595.1|A/cattle/Texas/24-008749-003/2024(H5N1)	1058	5282
PB1|PP755595.1|A/cattle/Texas/24-008749-003/2024(H5N1)	1059	5282
PB1|PP755595.1|A/cattle/Texas/24-008749-003/2024(H5N1)	1060	5282
PB1|PP755595.1|A/cattle/Texas/24-008749-003/2024(H5N1)	1061	5289
PB1|PP755595.1|A/cattle/Texas/24-008749-003/2024(H5N1)	1062	5289
PB1|PP755595.1|A/cattle/Texas/24-008749-003/2024(H5N1)	1063	5952
PB1|PP755595.1|A/cattle/Texas/24-008749-003/2024(H5N1)	1064	5970
PB1|PP755595.1|A/cattle/Texas/24-008749-003/2024(H5N1)	1065	5979
PB1|PP755595.1|A/cattle/Texas/24-008749-003/2024(H5N1)	1066	5988
PB1|PP755595.1|A/cattle/Texas/24-008749-003/2024(H5N1)	1067	5988
PB1|PP755595.1|A/cattle/Texas/24-008749-003/2024(H5N1)	1068	5941
PB1|PP755595.1|A/cattle/Texas/24-008749-003/2024(H5N1)	1069	5497
PB1|PP755595.1|A/cattle/Texas/24-008749-003/2024(H5N1)	1070	5485
PB1|PP755595.1|A/cattle/Texas/24-008749-003/2024(H5N1)	1071	5434
PB1|PP755595.1|A/cattle/Texas/24-008749-003/2024(H5N1)	1072	5704
PB1|PP755595.1|A/cattle/Texas/24-008749-003/2024(H5N1)	1073	5714
PB1|PP755595.1|A/cattle/Texas/24-008749-003/2024(H5N1)	1074	5751
PB1|PP755595.1|A/cattle/Texas/24-008749-003/2024(H5N1)	1075	5756
PB1|PP755595.1|A/cattle/Texas/24-008749-003/2024(H5N1)	1076	5769
PB1|PP755595.1|A/cattle/Texas/24-008749-003/2024(H5N1)	1077	5723
PB1|PP755595.1|A/cattle/Texas/24-008749-003/2024(H5N1)	1078	5698
PB1|PP755595.1|A/cattle/Texas/24-008749-003/2024(H5N1)	1079	5696
PB1|PP755595.1|A/cattle/Texas/24-008749-003/2024(H5N1)	1080	5735
PB1|PP755595.1|A/cattle/Texas/24-008749-003/2024(H5N1)	1081	5774
PB1|PP755595.1|A/cattle/Texas/24-008749-003/2024(H5N1)	1082	5837
PB1|PP755595.1|A/cattle/Texas/24-008749-003/2024(H5N1)	1083	5733
PB1|PP755595.1|A/cattle/Texas/24-008749-003/2024(H5N1)	1084	5720
PB1|PP755595.1|A/cattle/Texas/24-008749-003/2024(H5N1)	1085	5695
PB1|PP755595.1|A/cattle/Texas/24-008749-003/2024(H5N1)	1086	5671
PB1|PP755595.1|A/cattle/Texas/24-008749-003/2024(H5N1)	1087	5658
PB1|PP755595.1|A/cattle/Texas/24-008749-003/2024(H5N1)	1088	5649
PB1|PP755595.1|A/cattle/Texas/24-008749-003/2024(H5N1)	1089	5639
PB1|PP755595.1|A/cattle/Texas/24-008749-003/2024(H5N1)	1090	5330
PB1|PP755595.1|A/cattle/Texas/24-008749-003/2024(H5N1)	1091	5256
PB1|PP755595.1|A/cattle/Texas/24-008749-003/2024(H5N1)	1092	5234
PB1|PP755595.1|A/cattle/Texas/24-008749-003/2024(H5N1)	1093	5379
PB1|PP755595.1|A/cattle/Texas/24-008749-003/2024(H5N1)	1094	5383
PB1|PP755595.1|A/cattle/Texas/24-008749-003/2024(H5N1)	1095	5418
PB1|PP755595.1|A/cattle/Texas/24-008749-003/2024(H5N1)	1096	5931
PB1|PP755595.1|A/cattle/Texas/24-008749-003/2024(H5N1)	1097	6177
PB1|PP755595.1|A/cattle/Texas/24-008749-003/2024(H5N1)	1098	6284
PB1|PP755595.1|A/cattle/Texas/24-008749-003/2024(H5N1)	1099	6334
PB1|PP755595.1|A/cattle/Texas/24-008749-003/2024(H5N1)	1100	6529
PB1|PP755595.1|A/cattle/Texas/24-008749-003/2024(H5N1)	1101	6540
PB1|PP755595.1|A/cattle/Texas/24-008749-003/2024(H5N1)	1102	6489
PB1|PP755595.1|A/cattle/Texas/24-008749-003/2024(H5N1)	1103	6645
PB1|PP755595.1|A/cattle/Texas/24-008749-003/2024(H5N1)	1104	6635
PB1|PP755595.1|A/cattle/Texas/24-008749-003/2024(H5N1)	1105	6637
PB1|PP755595.1|A/cattle/Texas/24-008749-003/2024(H5N1)	1106	6511
PB1|PP755595.1|A/cattle/Texas/24-008749-003/2024(H5N1)	1107	6419
PB1|PP755595.1|A/cattle/Texas/24-008749-003/2024(H5N1)	1108	6514
PB1|PP755595.1|A/cattle/Texas/24-008749-003/2024(H5N1)	1109	6532
PB1|PP755595.1|A/cattle/Texas/24-008749-003/2024(H5N1)	1110	6532
PB1|PP755595.1|A/cattle/Texas/24-008749-003/2024(H5N1)	1111	6532
PB1|PP755595.1|A/cattle/Texas/24-008749-003/2024(H5N1)	1112	6533
PB1|PP755595.1|A/cattle/Texas/24-008749-003/2024(H5N1)	1113	6431
PB1|PP755595.1|A/cattle/Texas/24-008749-003/2024(H5N1)	1114	6342
PB1|PP755595.1|A/cattle/Texas/24-008749-003/2024(H5N1)	1115	6277
PB1|PP755595.1|A/cattle/Texas/24-008749-003/2024(H5N1)	1116	6274
PB1|PP755595.1|A/cattle/Texas/24-008749-003/2024(H5N1)	1117	6182
PB1|PP755595.1|A/cattle/Texas/24-008749-003/2024(H5N1)	1118	6165
PB1|PP755595.1|A/cattle/Texas/24-008749-003/2024(H5N1)	1119	4974
PB1|PP755595.1|A/cattle/Texas/24-008749-003/2024(H5N1)	1120	4974
PB1|PP755595.1|A/cattle/Texas/24-008749-003/2024(H5N1)	1121	4974
PB1|PP755595.1|A/cattle/Texas/24-008749-003/2024(H5N1)	1122	4974
PB1|PP755595.1|A/cattle/Texas/24-008749-003/2024(H5N1)	1123	4974
PB1|PP755595.1|A/cattle/Texas/24-008749-003/2024(H5N1)	1124	4974
PB1|PP755595.1|A/cattle/Texas/24-008749-003/2024(H5N1)	1125	4974
PB1|PP755595.1|A/cattle/Texas/24-008749-003/2024(H5N1)	1126	4975
PB1|PP755595.1|A/cattle/Texas/24-008749-003/2024(H5N1)	1127	4976
PB1|PP755595.1|A/cattle/Texas/24-008749-003/2024(H5N1)	1128	4976
PB1|PP755595.1|A/cattle/Texas/24-008749-003/2024(H5N1)	1129	4976
PB1|PP755595.1|A/cattle/Texas/24-008749-003/2024(H5N1)	1130	4976
PB1|PP755595.1|A/cattle/Texas/24-008749-003/2024(H5N1)	1131	4911
PB1|PP755595.1|A/cattle/Texas/24-008749-003/2024(H5N1)	1132	4977
PB1|PP755595.1|A/cattle/Texas/24-008749-003/2024(H5N1)	1133	4978
PB1|PP755595.1|A/cattle/Texas/24-008749-003/2024(H5N1)	1134	4980
PB1|PP755595.1|A/cattle/Texas/24-008749-003/2024(H5N1)	1135	7264
PB1|PP755595.1|A/cattle/Texas/24-008749-003/2024(H5N1)	1136	7266
PB1|PP755595.1|A/cattle/Texas/24-008749-003/2024(H5N1)	1137	7291
PB1|PP755595.1|A/cattle/Texas/24-008749-003/2024(H5N1)	1138	7332
PB1|PP755595.1|A/cattle/Texas/24-008749-003/2024(H5N1)	1139	7375
PB1|PP755595.1|A/cattle/Texas/24-008749-003/2024(H5N1)	1140	7400
PB1|PP755595.1|A/cattle/Texas/24-008749-003/2024(H5N1)	1141	7400
PB1|PP755595.1|A/cattle/Texas/24-008749-003/2024(H5N1)	1142	7413
PB1|PP755595.1|A/cattle/Texas/24-008749-003/2024(H5N1)	1143	7447
PB1|PP755595.1|A/cattle/Texas/24-008749-003/2024(H5N1)	1144	7450
PB1|PP755595.1|A/cattle/Texas/24-008749-003/2024(H5N1)	1145	7502
PB1|PP755595.1|A/cattle/Texas/24-008749-003/2024(H5N1)	1146	7528
PB1|PP755595.1|A/cattle/Texas/24-008749-003/2024(H5N1)	1147	7552
PB1|PP755595.1|A/cattle/Texas/24-008749-003/2024(H5N1)	1148	7584
PB1|PP755595.1|A/cattle/Texas/24-008749-003/2024(H5N1)	1149	7603
PB1|PP755595.1|A/cattle/Texas/24-008749-003/2024(H5N1)	1150	7609
PB1|PP755595.1|A/cattle/Texas/24-008749-003/2024(H5N1)	1151	7657
PB1|PP755595.1|A/cattle/Texas/24-008749-003/2024(H5N1)	1152	7705
PB1|PP755595.1|A/cattle/Texas/24-008749-003/2024(H5N1)	1153	7745
PB1|PP755595.1|A/cattle/Texas/24-008749-003/2024(H5N1)	1154	7772
PB1|PP755595.1|A/cattle/Texas/24-008749-003/2024(H5N1)	1155	7766
PB1|PP755595.1|A/cattle/Texas/24-008749-003/2024(H5N1)	1156	7740
PB1|PP755595.1|A/cattle/Texas/24-008749-003/2024(H5N1)	1157	7518
PB1|PP755595.1|A/cattle/Texas/24-008749-003/2024(H5N1)	1158	7615
PB1|PP755595.1|A/cattle/Texas/24-008749-003/2024(H5N1)	1159	7682
PB1|PP755595.1|A/cattle/Texas/24-008749-003/2024(H5N1)	1160	7685
PB1|PP755595.1|A/cattle/Texas/24-008749-003/2024(H5N1)	1161	7686
PB1|PP755595.1|A/cattle/Texas/24-008749-003/2024(H5N1)	1162	7786
PB1|PP755595.1|A/cattle/Texas/24-008749-003/2024(H5N1)	1163	7811
PB1|PP755595.1|A/cattle/Texas/24-008749-003/2024(H5N1)	1164	7615
PB1|PP755595.1|A/cattle/Texas/24-008749-003/2024(H5N1)	1165	7602
PB1|PP755595.1|A/cattle/Texas/24-008749-003/2024(H5N1)	1166	7599
PB1|PP755595.1|A/cattle/Texas/24-008749-003/2024(H5N1)	1167	6651
PB1|PP755595.1|A/cattle/Texas/24-008749-003/2024(H5N1)	1168	6651
PB1|PP755595.1|A/cattle/Texas/24-008749-003/2024(H5N1)	1169	6651
PB1|PP755595.1|A/cattle/Texas/24-008749-003/2024(H5N1)	1170	6650
PB1|PP755595.1|A/cattle/Texas/24-008749-003/2024(H5N1)	1171	6677
PB1|PP755595.1|A/cattle/Texas/24-008749-003/2024(H5N1)	1172	6717
PB1|PP755595.1|A/cattle/Texas/24-008749-003/2024(H5N1)	1173	6791
PB1|PP755595.1|A/cattle/Texas/24-008749-003/2024(H5N1)	1174	7011
PB1|PP755595.1|A/cattle/Texas/24-008749-003/2024(H5N1)	1175	7011
PB1|PP755595.1|A/cattle/Texas/24-008749-003/2024(H5N1)	1176	7030
PB1|PP755595.1|A/cattle/Texas/24-008749-003/2024(H5N1)	1177	7030
PB1|PP755595.1|A/cattle/Texas/24-008749-003/2024(H5N1)	1178	7144
PB1|PP755595.1|A/cattle/Texas/24-008749-003/2024(H5N1)	1179	7184
PB1|PP755595.1|A/cattle/Texas/24-008749-003/2024(H5N1)	1180	7441
PB1|PP755595.1|A/cattle/Texas/24-008749-003/2024(H5N1)	1181	7490
PB1|PP755595.1|A/cattle/Texas/24-008749-003/2024(H5N1)	1182	7503
PB1|PP755595.1|A/cattle/Texas/24-008749-003/2024(H5N1)	1183	7944
PB1|PP755595.1|A/cattle/Texas/24-008749-003/2024(H5N1)	1184	7989
PB1|PP755595.1|A/cattle/Texas/24-008749-003/2024(H5N1)	1185	8143
PB1|PP755595.1|A/cattle/Texas/24-008749-003/2024(H5N1)	1186	8264
PB1|PP755595.1|A/cattle/Texas/24-008749-003/2024(H5N1)	1187	8275
PB1|PP755595.1|A/cattle/Texas/24-008749-003/2024(H5N1)	1188	8302
PB1|PP755595.1|A/cattle/Texas/24-008749-003/2024(H5N1)	1189	8354
PB1|PP755595.1|A/cattle/Texas/24-008749-003/2024(H5N1)	1190	8363
PB1|PP755595.1|A/cattle/Texas/24-008749-003/2024(H5N1)	1191	8487
PB1|PP755595.1|A/cattle/Texas/24-008749-003/2024(H5N1)	1192	8489
PB1|PP755595.1|A/cattle/Texas/24-008749-003/2024(H5N1)	1193	8341
PB1|PP755595.1|A/cattle/Texas/24-008749-003/2024(H5N1)	1194	8331
PB1|PP755595.1|A/cattle/Texas/24-008749-003/2024(H5N1)	1195	8323
PB1|PP755595.1|A/cattle/Texas/24-008749-003/2024(H5N1)	1196	8321
PB1|PP755595.1|A/cattle/Texas/24-008749-003/2024(H5N1)	1197	8004
PB1|PP755595.1|A/cattle/Texas/24-008749-003/2024(H5N1)	1198	8005
PB1|PP755595.1|A/cattle/Texas/24-008749-003/2024(H5N1)	1199	8020
PB1|PP755595.1|A/cattle/Texas/24-008749-003/2024(H5N1)	1200	8017
PB1|PP755595.1|A/cattle/Texas/24-008749-003/2024(H5N1)	1201	8628
PB1|PP755595.1|A/cattle/Texas/24-008749-003/2024(H5N1)	1202	8681
PB1|PP755595.1|A/cattle/Texas/24-008749-003/2024(H5N1)	1203	8744
PB1|PP755595.1|A/cattle/Texas/24-008749-003/2024(H5N1)	1204	8759
PB1|PP755595.1|A/cattle/Texas/24-008749-003/2024(H5N1)	1205	8901
PB1|PP755595.1|A/cattle/Texas/24-008749-003/2024(H5N1)	1206	8933
PB1|PP755595.1|A/cattle/Texas/24-008749-003/2024(H5N1)	1207	8971
PB1|PP755595.1|A/cattle/Texas/24-008749-003/2024(H5N1)	1208	8958
PB1|PP755595.1|A/cattle/Texas/24-008749-003/2024(H5N1)	1209	8224
PB1|PP755595.1|A/cattle/Texas/24-008749-003/2024(H5N1)	1210	8217
PB1|PP755595.1|A/cattle/Texas/24-008749-003/2024(H5N1)	1211	8630
PB1|PP755595.1|A/cattle/Texas/24-008749-003/2024(H5N1)	1212	8712
PB1|PP755595.1|A/cattle/Texas/24-008749-003/2024(H5N1)	1213	8753
PB1|PP755595.1|A/cattle/Texas/24-008749-003/2024(H5N1)	1214	8782
PB1|PP755595.1|A/cattle/Texas/24-008749-003/2024(H5N1)	1215	8802
PB1|PP755595.1|A/cattle/Texas/24-008749-003/2024(H5N1)	1216	8850
PB1|PP755595.1|A/cattle/Texas/24-008749-003/2024(H5N1)	1217	8899
PB1|PP755595.1|A/cattle/Texas/24-008749-003/2024(H5N1)	1218	8910
PB1|PP755595.1|A/cattle/Texas/24-008749-003/2024(H5N1)	1219	8933
PB1|PP755595.1|A/cattle/Texas/24-008749-003/2024(H5N1)	1220	8784
PB1|PP755595.1|A/cattle/Texas/24-008749-003/2024(H5N1)	1221	8850
PB1|PP755595.1|A/cattle/Texas/24-008749-003/2024(H5N1)	1222	8899
PB1|PP755595.1|A/cattle/Texas/24-008749-003/2024(H5N1)	1223	8910
PB1|PP755595.1|A/cattle/Texas/24-008749-003/2024(H5N1)	1224	8910
PB1|PP755595.1|A/cattle/Texas/24-008749-003/2024(H5N1)	1225	8851
PB1|PP755595.1|A/cattle/Texas/24-008749-003/2024(H5N1)	1226	8830
PB1|PP755595.1|A/cattle/Texas/24-008749-003/2024(H5N1)	1227	8813
PB1|PP755595.1|A/cattle/Texas/24-008749-003/2024(H5N1)	1228	8889
PB1|PP755595.1|A/cattle/Texas/24-008749-003/2024(H5N1)	1229	8927
PB1|PP755595.1|A/cattle/Texas/24-008749-003/2024(H5N1)	1230	8885
PB1|PP755595.1|A/cattle/Texas/24-008749-003/2024(H5N1)	1231	8915
PB1|PP755595.1|A/cattle/Texas/24-008749-003/2024(H5N1)	1232	8904
PB1|PP755595.1|A/cattle/Texas/24-008749-003/2024(H5N1)	1233	9025
PB1|PP755595.1|A/cattle/Texas/24-008749-003/2024(H5N1)	1234	9081
PB1|PP755595.1|A/cattle/Texas/24-008749-003/2024(H5N1)	1235	9219
PB1|PP755595.1|A/cattle/Texas/24-008749-003/2024(H5N1)	1236	9234
PB1|PP755595.1|A/cattle/Texas/24-008749-003/2024(H5N1)	1237	9171
PB1|PP755595.1|A/cattle/Texas/24-008749-003/2024(H5N1)	1238	9120
PB1|PP755595.1|A/cattle/Texas/24-008749-003/2024(H5N1)	1239	9113
PB1|PP755595.1|A/cattle/Texas/24-008749-003/2024(H5N1)	1240	9153
PB1|PP755595.1|A/cattle/Texas/24-008749-003/2024(H5N1)	1241	9122
PB1|PP755595.1|A/cattle/Texas/24-008749-003/2024(H5N1)	1242	9191
PB1|PP755595.1|A/cattle/Texas/24-008749-003/2024(H5N1)	1243	9408
PB1|PP755595.1|A/cattle/Texas/24-008749-003/2024(H5N1)	1244	9245
PB1|PP755595.1|A/cattle/Texas/24-008749-003/2024(H5N1)	1245	9387
PB1|PP755595.1|A/cattle/Texas/24-008749-003/2024(H5N1)	1246	9476
PB1|PP755595.1|A/cattle/Texas/24-008749-003/2024(H5N1)	1247	9935
PB1|PP755595.1|A/cattle/Texas/24-008749-003/2024(H5N1)	1248	9712
PB1|PP755595.1|A/cattle/Texas/24-008749-003/2024(H5N1)	1249	9594
PB1|PP755595.1|A/cattle/Texas/24-008749-003/2024(H5N1)	1250	9545
PB1|PP755595.1|A/cattle/Texas/24-008749-003/2024(H5N1)	1251	9298
PB1|PP755595.1|A/cattle/Texas/24-008749-003/2024(H5N1)	1252	9283
PB1|PP755595.1|A/cattle/Texas/24-008749-003/2024(H5N1)	1253	9274
PB1|PP755595.1|A/cattle/Texas/24-008749-003/2024(H5N1)	1254	7273
PB1|PP755595.1|A/cattle/Texas/24-008749-003/2024(H5N1)	1255	7263
PB1|PP755595.1|A/cattle/Texas/24-008749-003/2024(H5N1)	1256	7540
PB1|PP755595.1|A/cattle/Texas/24-008749-003/2024(H5N1)	1257	7543
PB1|PP755595.1|A/cattle/Texas/24-008749-003/2024(H5N1)	1258	9157
PB1|PP755595.1|A/cattle/Texas/24-008749-003/2024(H5N1)	1259	9223
PB1|PP755595.1|A/cattle/Texas/24-008749-003/2024(H5N1)	1260	9226
PB1|PP755595.1|A/cattle/Texas/24-008749-003/2024(H5N1)	1261	9249
PB1|PP755595.1|A/cattle/Texas/24-008749-003/2024(H5N1)	1262	9324
PB1|PP755595.1|A/cattle/Texas/24-008749-003/2024(H5N1)	1263	9325
PB1|PP755595.1|A/cattle/Texas/24-008749-003/2024(H5N1)	1264	9511
PB1|PP755595.1|A/cattle/Texas/24-008749-003/2024(H5N1)	1265	9490
PB1|PP755595.1|A/cattle/Texas/24-008749-003/2024(H5N1)	1266	9490
PB1|PP755595.1|A/cattle/Texas/24-008749-003/2024(H5N1)	1267	9538
PB1|PP755595.1|A/cattle/Texas/24-008749-003/2024(H5N1)	1268	9561
PB1|PP755595.1|A/cattle/Texas/24-008749-003/2024(H5N1)	1269	9643
PB1|PP755595.1|A/cattle/Texas/24-008749-003/2024(H5N1)	1270	9682
PB1|PP755595.1|A/cattle/Texas/24-008749-003/2024(H5N1)	1271	9683
PB1|PP755595.1|A/cattle/Texas/24-008749-003/2024(H5N1)	1272	9701
PB1|PP755595.1|A/cattle/Texas/24-008749-003/2024(H5N1)	1273	9703
PB1|PP755595.1|A/cattle/Texas/24-008749-003/2024(H5N1)	1274	9803
PB1|PP755595.1|A/cattle/Texas/24-008749-003/2024(H5N1)	1275	9803
PB1|PP755595.1|A/cattle/Texas/24-008749-003/2024(H5N1)	1276	9630
PB1|PP755595.1|A/cattle/Texas/24-008749-003/2024(H5N1)	1277	9589
PB1|PP755595.1|A/cattle/Texas/24-008749-003/2024(H5N1)	1278	9513
PB1|PP755595.1|A/cattle/Texas/24-008749-003/2024(H5N1)	1279	9545
PB1|PP755595.1|A/cattle/Texas/24-008749-003/2024(H5N1)	1280	9766
PB1|PP755595.1|A/cattle/Texas/24-008749-003/2024(H5N1)	1281	9710
PB1|PP755595.1|A/cattle/Texas/24-008749-003/2024(H5N1)	1282	9674
PB1|PP755595.1|A/cattle/Texas/24-008749-003/2024(H5N1)	1283	9675
PB1|PP755595.1|A/cattle/Texas/24-008749-003/2024(H5N1)	1284	9713
PB1|PP755595.1|A/cattle/Texas/24-008749-003/2024(H5N1)	1285	9759
PB1|PP755595.1|A/cattle/Texas/24-008749-003/2024(H5N1)	1286	9726
PB1|PP755595.1|A/cattle/Texas/24-008749-003/2024(H5N1)	1287	9829
PB1|PP755595.1|A/cattle/Texas/24-008749-003/2024(H5N1)	1288	9836
PB1|PP755595.1|A/cattle/Texas/24-008749-003/2024(H5N1)	1289	9835
PB1|PP755595.1|A/cattle/Texas/24-008749-003/2024(H5N1)	1290	9813
PB1|PP755595.1|A/cattle/Texas/24-008749-003/2024(H5N1)	1291	9804
PB1|PP755595.1|A/cattle/Texas/24-008749-003/2024(H5N1)	1292	9806
PB1|PP755595.1|A/cattle/Texas/24-008749-003/2024(H5N1)	1293	9854
PB1|PP755595.1|A/cattle/Texas/24-008749-003/2024(H5N1)	1294	9876
PB1|PP755595.1|A/cattle/Texas/24-008749-003/2024(H5N1)	1295	9999
PB1|PP755595.1|A/cattle/Texas/24-008749-003/2024(H5N1)	1296	9948
PB1|PP755595.1|A/cattle/Texas/24-008749-003/2024(H5N1)	1297	9898
PB1|PP755595.1|A/cattle/Texas/24-008749-003/2024(H5N1)	1298	9878
PB1|PP755595.1|A/cattle/Texas/24-008749-003/2024(H5N1)	1299	9894
PB1|PP755595.1|A/cattle/Texas/24-008749-003/2024(H5N1)	1300	10085
PB1|PP755595.1|A/cattle/Texas/24-008749-003/2024(H5N1)	1301	10306
PB1|PP755595.1|A/cattle/Texas/24-008749-003/2024(H5N1)	1302	10264
PB1|PP755595.1|A/cattle/Texas/24-008749-003/2024(H5N1)	1303	10362
PB1|PP755595.1|A/cattle/Texas/24-008749-003/2024(H5N1)	1304	10331
PB1|PP755595.1|A/cattle/Texas/24-008749-003/2024(H5N1)	1305	10388
PB1|PP755595.1|A/cattle/Texas/24-008749-003/2024(H5N1)	1306	10490
PB1|PP755595.1|A/cattle/Texas/24-008749-003/2024(H5N1)	1307	10477
PB1|PP755595.1|A/cattle/Texas/24-008749-003/2024(H5N1)	1308	10600
PB1|PP755595.1|A/cattle/Texas/24-008749-003/2024(H5N1)	1309	10342
PB1|PP755595.1|A/cattle/Texas/24-008749-003/2024(H5N1)	1310	10378
PB1|PP755595.1|A/cattle/Texas/24-008749-003/2024(H5N1)	1311	10415
PB1|PP755595.1|A/cattle/Texas/24-008749-003/2024(H5N1)	1312	10354
PB1|PP755595.1|A/cattle/Texas/24-008749-003/2024(H5N1)	1313	10388
PB1|PP755595.1|A/cattle/Texas/24-008749-003/2024(H5N1)	1314	10383
PB1|PP755595.1|A/cattle/Texas/24-008749-003/2024(H5N1)	1315	10414
PB1|PP755595.1|A/cattle/Texas/24-008749-003/2024(H5N1)	1316	10527
PB1|PP755595.1|A/cattle/Texas/24-008749-003/2024(H5N1)	1317	10424
PB1|PP755595.1|A/cattle/Texas/24-008749-003/2024(H5N1)	1318	10450
PB1|PP755595.1|A/cattle/Texas/24-008749-003/2024(H5N1)	1319	10407
PB1|PP755595.1|A/cattle/Texas/24-008749-003/2024(H5N1)	1320	10406
PB1|PP755595.1|A/cattle/Texas/24-008749-003/2024(H5N1)	1321	10774
PB1|PP755595.1|A/cattle/Texas/24-008749-003/2024(H5N1)	1322	10732
PB1|PP755595.1|A/cattle/Texas/24-008749-003/2024(H5N1)	1323	10653
PB1|PP755595.1|A/cattle/Texas/24-008749-003/2024(H5N1)	1324	10650
PB1|PP755595.1|A/cattle/Texas/24-008749-003/2024(H5N1)	1325	10647
PB1|PP755595.1|A/cattle/Texas/24-008749-003/2024(H5N1)	1326	10687
PB1|PP755595.1|A/cattle/Texas/24-008749-003/2024(H5N1)	1327	10664
PB1|PP755595.1|A/cattle/Texas/24-008749-003/2024(H5N1)	1328	10543
PB1|PP755595.1|A/cattle/Texas/24-008749-003/2024(H5N1)	1329	10497
PB1|PP755595.1|A/cattle/Texas/24-008749-003/2024(H5N1)	1330	10265
PB1|PP755595.1|A/cattle/Texas/24-008749-003/2024(H5N1)	1331	9916
PB1|PP755595.1|A/cattle/Texas/24-008749-003/2024(H5N1)	1332	9869
PB1|PP755595.1|A/cattle/Texas/24-008749-003/2024(H5N1)	1333	9869
PB1|PP755595.1|A/cattle/Texas/24-008749-003/2024(H5N1)	1334	9869
PB1|PP755595.1|A/cattle/Texas/24-008749-003/2024(H5N1)	1335	9822
PB1|PP755595.1|A/cattle/Texas/24-008749-003/2024(H5N1)	1336	9693
PB1|PP755595.1|A/cattle/Texas/24-008749-003/2024(H5N1)	1337	9556
PB1|PP755595.1|A/cattle/Texas/24-008749-003/2024(H5N1)	1338	7924
PB1|PP755595.1|A/cattle/Texas/24-008749-003/2024(H5N1)	1339	7896
PB1|PP755595.1|A/cattle/Texas/24-008749-003/2024(H5N1)	1340	7849
PB1|PP755595.1|A/cattle/Texas/24-008749-003/2024(H5N1)	1341	7727
PB1|PP755595.1|A/cattle/Texas/24-008749-003/2024(H5N1)	1342	7725
PB1|PP755595.1|A/cattle/Texas/24-008749-003/2024(H5N1)	1343	7725
PB1|PP755595.1|A/cattle/Texas/24-008749-003/2024(H5N1)	1344	7717
PB1|PP755595.1|A/cattle/Texas/24-008749-003/2024(H5N1)	1345	7782
PB1|PP755595.1|A/cattle/Texas/24-008749-003/2024(H5N1)	1346	7785
PB1|PP755595.1|A/cattle/Texas/24-008749-003/2024(H5N1)	1347	8012
PB1|PP755595.1|A/cattle/Texas/24-008749-003/2024(H5N1)	1348	8012
PB1|PP755595.1|A/cattle/Texas/24-008749-003/2024(H5N1)	1349	8014
PB1|PP755595.1|A/cattle/Texas/24-008749-003/2024(H5N1)	1350	8002
PB1|PP755595.1|A/cattle/Texas/24-008749-003/2024(H5N1)	1351	8112
PB1|PP755595.1|A/cattle/Texas/24-008749-003/2024(H5N1)	1352	8286
PB1|PP755595.1|A/cattle/Texas/24-008749-003/2024(H5N1)	1353	8285
PB1|PP755595.1|A/cattle/Texas/24-008749-003/2024(H5N1)	1354	8302
PB1|PP755595.1|A/cattle/Texas/24-008749-003/2024(H5N1)	1355	8311
PB1|PP755595.1|A/cattle/Texas/24-008749-003/2024(H5N1)	1356	8327
PB1|PP755595.1|A/cattle/Texas/24-008749-003/2024(H5N1)	1357	8367
PB1|PP755595.1|A/cattle/Texas/24-008749-003/2024(H5N1)	1358	8368
PB1|PP755595.1|A/cattle/Texas/24-008749-003/2024(H5N1)	1359	8348
PB1|PP755595.1|A/cattle/Texas/24-008749-003/2024(H5N1)	1360	8368
PB1|PP755595.1|A/cattle/Texas/24-008749-003/2024(H5N1)	1361	8367
PB1|PP755595.1|A/cattle/Texas/24-008749-003/2024(H5N1)	1362	8383
PB1|PP755595.1|A/cattle/Texas/24-008749-003/2024(H5N1)	1363	9210
PB1|PP755595.1|A/cattle/Texas/24-008749-003/2024(H5N1)	1364	9245
PB1|PP755595.1|A/cattle/Texas/24-008749-003/2024(H5N1)	1365	9314
PB1|PP755595.1|A/cattle/Texas/24-008749-003/2024(H5N1)	1366	9325
PB1|PP755595.1|A/cattle/Texas/24-008749-003/2024(H5N1)	1367	9329
PB1|PP755595.1|A/cattle/Texas/24-008749-003/2024(H5N1)	1368	9359
PB1|PP755595.1|A/cattle/Texas/24-008749-003/2024(H5N1)	1369	9363
PB1|PP755595.1|A/cattle/Texas/24-008749-003/2024(H5N1)	1370	9380
PB1|PP755595.1|A/cattle/Texas/24-008749-003/2024(H5N1)	1371	9424
PB1|PP755595.1|A/cattle/Texas/24-008749-003/2024(H5N1)	1372	9746
PB1|PP755595.1|A/cattle/Texas/24-008749-003/2024(H5N1)	1373	9835
PB1|PP755595.1|A/cattle/Texas/24-008749-003/2024(H5N1)	1374	9822
PB1|PP755595.1|A/cattle/Texas/24-008749-003/2024(H5N1)	1375	10334
PB1|PP755595.1|A/cattle/Texas/24-008749-003/2024(H5N1)	1376	10342
PB1|PP755595.1|A/cattle/Texas/24-008749-003/2024(H5N1)	1377	10357
PB1|PP755595.1|A/cattle/Texas/24-008749-003/2024(H5N1)	1378	10289
PB1|PP755595.1|A/cattle/Texas/24-008749-003/2024(H5N1)	1379	10343
PB1|PP755595.1|A/cattle/Texas/24-008749-003/2024(H5N1)	1380	10350
PB1|PP755595.1|A/cattle/Texas/24-008749-003/2024(H5N1)	1381	10349
PB1|PP755595.1|A/cattle/Texas/24-008749-003/2024(H5N1)	1382	10467
PB1|PP755595.1|A/cattle/Texas/24-008749-003/2024(H5N1)	1383	10416
PB1|PP755595.1|A/cattle/Texas/24-008749-003/2024(H5N1)	1384	10555
PB1|PP755595.1|A/cattle/Texas/24-008749-003/2024(H5N1)	1385	10573
PB1|PP755595.1|A/cattle/Texas/24-008749-003/2024(H5N1)	1386	10434
PB1|PP755595.1|A/cattle/Texas/24-008749-003/2024(H5N1)	1387	10413
PB1|PP755595.1|A/cattle/Texas/24-008749-003/2024(H5N1)	1388	10315
PB1|PP755595.1|A/cattle/Texas/24-008749-003/2024(H5N1)	1389	8939
PB1|PP755595.1|A/cattle/Texas/24-008749-003/2024(H5N1)	1390	9014
PB1|PP755595.1|A/cattle/Texas/24-008749-003/2024(H5N1)	1391	8900
PB1|PP755595.1|A/cattle/Texas/24-008749-003/2024(H5N1)	1392	8897
PB1|PP755595.1|A/cattle/Texas/24-008749-003/2024(H5N1)	1393	8925
PB1|PP755595.1|A/cattle/Texas/24-008749-003/2024(H5N1)	1394	9060
PB1|PP755595.1|A/cattle/Texas/24-008749-003/2024(H5N1)	1395	9959
PB1|PP755595.1|A/cattle/Texas/24-008749-003/2024(H5N1)	1396	10726
PB1|PP755595.1|A/cattle/Texas/24-008749-003/2024(H5N1)	1397	10743
PB1|PP755595.1|A/cattle/Texas/24-008749-003/2024(H5N1)	1398	11213
PB1|PP755595.1|A/cattle/Texas/24-008749-003/2024(H5N1)	1399	11227
PB1|PP755595.1|A/cattle/Texas/24-008749-003/2024(H5N1)	1400	11233
PB1|PP755595.1|A/cattle/Texas/24-008749-003/2024(H5N1)	1401	11223
PB1|PP755595.1|A/cattle/Texas/24-008749-003/2024(H5N1)	1402	11191
PB1|PP755595.1|A/cattle/Texas/24-008749-003/2024(H5N1)	1403	10480
PB1|PP755595.1|A/cattle/Texas/24-008749-003/2024(H5N1)	1404	9931
PB1|PP755595.1|A/cattle/Texas/24-008749-003/2024(H5N1)	1405	9944
PB1|PP755595.1|A/cattle/Texas/24-008749-003/2024(H5N1)	1406	10239
PB1|PP755595.1|A/cattle/Texas/24-008749-003/2024(H5N1)	1407	9954
PB1|PP755595.1|A/cattle/Texas/24-008749-003/2024(H5N1)	1408	9897
PB1|PP755595.1|A/cattle/Texas/24-008749-003/2024(H5N1)	1409	9938
PB1|PP755595.1|A/cattle/Texas/24-008749-003/2024(H5N1)	1410	10030
PB1|PP755595.1|A/cattle/Texas/24-008749-003/2024(H5N1)	1411	10026
PB1|PP755595.1|A/cattle/Texas/24-008749-003/2024(H5N1)	1412	10028
PB1|PP755595.1|A/cattle/Texas/24-008749-003/2024(H5N1)	1413	9992
PB1|PP755595.1|A/cattle/Texas/24-008749-003/2024(H5N1)	1414	10019
PB1|PP755595.1|A/cattle/Texas/24-008749-003/2024(H5N1)	1415	9811
PB1|PP755595.1|A/cattle/Texas/24-008749-003/2024(H5N1)	1416	9908
PB1|PP755595.1|A/cattle/Texas/24-008749-003/2024(H5N1)	1417	9936
PB1|PP755595.1|A/cattle/Texas/24-008749-003/2024(H5N1)	1418	9890
PB1|PP755595.1|A/cattle/Texas/24-008749-003/2024(H5N1)	1419	9790
PB1|PP755595.1|A/cattle/Texas/24-008749-003/2024(H5N1)	1420	9788
PB1|PP755595.1|A/cattle/Texas/24-008749-003/2024(H5N1)	1421	10239
PB1|PP755595.1|A/cattle/Texas/24-008749-003/2024(H5N1)	1422	10253
PB1|PP755595.1|A/cattle/Texas/24-008749-003/2024(H5N1)	1423	10733
PB1|PP755595.1|A/cattle/Texas/24-008749-003/2024(H5N1)	1424	10812
PB1|PP755595.1|A/cattle/Texas/24-008749-003/2024(H5N1)	1425	10751
PB1|PP755595.1|A/cattle/Texas/24-008749-003/2024(H5N1)	1426	10761
PB1|PP755595.1|A/cattle/Texas/24-008749-003/2024(H5N1)	1427	10860
PB1|PP755595.1|A/cattle/Texas/24-008749-003/2024(H5N1)	1428	10864
PB1|PP755595.1|A/cattle/Texas/24-008749-003/2024(H5N1)	1429	10992
PB1|PP755595.1|A/cattle/Texas/24-008749-003/2024(H5N1)	1430	10641
PB1|PP755595.1|A/cattle/Texas/24-008749-003/2024(H5N1)	1431	10638
PB1|PP755595.1|A/cattle/Texas/24-008749-003/2024(H5N1)	1432	10625
PB1|PP755595.1|A/cattle/Texas/24-008749-003/2024(H5N1)	1433	10629
PB1|PP755595.1|A/cattle/Texas/24-008749-003/2024(H5N1)	1434	10574
PB1|PP755595.1|A/cattle/Texas/24-008749-003/2024(H5N1)	1435	10782
PB1|PP755595.1|A/cattle/Texas/24-008749-003/2024(H5N1)	1436	10759
PB1|PP755595.1|A/cattle/Texas/24-008749-003/2024(H5N1)	1437	10782
PB1|PP755595.1|A/cattle/Texas/24-008749-003/2024(H5N1)	1438	10714
PB1|PP755595.1|A/cattle/Texas/24-008749-003/2024(H5N1)	1439	10694
PB1|PP755595.1|A/cattle/Texas/24-008749-003/2024(H5N1)	1440	10658
PB1|PP755595.1|A/cattle/Texas/24-008749-003/2024(H5N1)	1441	10743
PB1|PP755595.1|A/cattle/Texas/24-008749-003/2024(H5N1)	1442	10737
PB1|PP755595.1|A/cattle/Texas/24-008749-003/2024(H5N1)	1443	10703
PB1|PP755595.1|A/cattle/Texas/24-008749-003/2024(H5N1)	1444	10668
PB1|PP755595.1|A/cattle/Texas/24-008749-003/2024(H5N1)	1445	10559
PB1|PP755595.1|A/cattle/Texas/24-008749-003/2024(H5N1)	1446	10662
PB1|PP755595.1|A/cattle/Texas/24-008749-003/2024(H5N1)	1447	11062
PB1|PP755595.1|A/cattle/Texas/24-008749-003/2024(H5N1)	1448	11167
PB1|PP755595.1|A/cattle/Texas/24-008749-003/2024(H5N1)	1449	11155
PB1|PP755595.1|A/cattle/Texas/24-008749-003/2024(H5N1)	1450	11156
PB1|PP755595.1|A/cattle/Texas/24-008749-003/2024(H5N1)	1451	11088
PB1|PP755595.1|A/cattle/Texas/24-008749-003/2024(H5N1)	1452	10895
PB1|PP755595.1|A/cattle/Texas/24-008749-003/2024(H5N1)	1453	10941
PB1|PP755595.1|A/cattle/Texas/24-008749-003/2024(H5N1)	1454	10864
PB1|PP755595.1|A/cattle/Texas/24-008749-003/2024(H5N1)	1455	10829
PB1|PP755595.1|A/cattle/Texas/24-008749-003/2024(H5N1)	1456	10796
PB1|PP755595.1|A/cattle/Texas/24-008749-003/2024(H5N1)	1457	10762
PB1|PP755595.1|A/cattle/Texas/24-008749-003/2024(H5N1)	1458	10885
PB1|PP755595.1|A/cattle/Texas/24-008749-003/2024(H5N1)	1459	10905
PB1|PP755595.1|A/cattle/Texas/24-008749-003/2024(H5N1)	1460	10850
PB1|PP755595.1|A/cattle/Texas/24-008749-003/2024(H5N1)	1461	10822
PB1|PP755595.1|A/cattle/Texas/24-008749-003/2024(H5N1)	1462	10805
PB1|PP755595.1|A/cattle/Texas/24-008749-003/2024(H5N1)	1463	10965
PB1|PP755595.1|A/cattle/Texas/24-008749-003/2024(H5N1)	1464	10939
PB1|PP755595.1|A/cattle/Texas/24-008749-003/2024(H5N1)	1465	11116
PB1|PP755595.1|A/cattle/Texas/24-008749-003/2024(H5N1)	1466	11112
PB1|PP755595.1|A/cattle/Texas/24-008749-003/2024(H5N1)	1467	11018
PB1|PP755595.1|A/cattle/Texas/24-008749-003/2024(H5N1)	1468	11068
PB1|PP755595.1|A/cattle/Texas/24-008749-003/2024(H5N1)	1469	11034
PB1|PP755595.1|A/cattle/Texas/24-008749-003/2024(H5N1)	1470	11013
PB1|PP755595.1|A/cattle/Texas/24-008749-003/2024(H5N1)	1471	10992
PB1|PP755595.1|A/cattle/Texas/24-008749-003/2024(H5N1)	1472	10736
PB1|PP755595.1|A/cattle/Texas/24-008749-003/2024(H5N1)	1473	10753
PB1|PP755595.1|A/cattle/Texas/24-008749-003/2024(H5N1)	1474	10940
PB1|PP755595.1|A/cattle/Texas/24-008749-003/2024(H5N1)	1475	10898
PB1|PP755595.1|A/cattle/Texas/24-008749-003/2024(H5N1)	1476	10908
PB1|PP755595.1|A/cattle/Texas/24-008749-003/2024(H5N1)	1477	10893
PB1|PP755595.1|A/cattle/Texas/24-008749-003/2024(H5N1)	1478	10925
PB1|PP755595.1|A/cattle/Texas/24-008749-003/2024(H5N1)	1479	10924
PB1|PP755595.1|A/cattle/Texas/24-008749-003/2024(H5N1)	1480	10987
PB1|PP755595.1|A/cattle/Texas/24-008749-003/2024(H5N1)	1481	10980
PB1|PP755595.1|A/cattle/Texas/24-008749-003/2024(H5N1)	1482	10981
PB1|PP755595.1|A/cattle/Texas/24-008749-003/2024(H5N1)	1483	11007
PB1|PP755595.1|A/cattle/Texas/24-008749-003/2024(H5N1)	1484	11003
PB1|PP755595.1|A/cattle/Texas/24-008749-003/2024(H5N1)	1485	10997
PB1|PP755595.1|A/cattle/Texas/24-008749-003/2024(H5N1)	1486	11072
PB1|PP755595.1|A/cattle/Texas/24-008749-003/2024(H5N1)	1487	11026
PB1|PP755595.1|A/cattle/Texas/24-008749-003/2024(H5N1)	1488	11148
PB1|PP755595.1|A/cattle/Texas/24-008749-003/2024(H5N1)	1489	11107
PB1|PP755595.1|A/cattle/Texas/24-008749-003/2024(H5N1)	1490	11084
PB1|PP755595.1|A/cattle/Texas/24-008749-003/2024(H5N1)	1491	11157
PB1|PP755595.1|A/cattle/Texas/24-008749-003/2024(H5N1)	1492	11205
PB1|PP755595.1|A/cattle/Texas/24-008749-003/2024(H5N1)	1493	11257
PB1|PP755595.1|A/cattle/Texas/24-008749-003/2024(H5N1)	1494	11271
PB1|PP755595.1|A/cattle/Texas/24-008749-003/2024(H5N1)	1495	11247
PB1|PP755595.1|A/cattle/Texas/24-008749-003/2024(H5N1)	1496	11275
PB1|PP755595.1|A/cattle/Texas/24-008749-003/2024(H5N1)	1497	11273
PB1|PP755595.1|A/cattle/Texas/24-008749-003/2024(H5N1)	1498	11080
PB1|PP755595.1|A/cattle/Texas/24-008749-003/2024(H5N1)	1499	11413
PB1|PP755595.1|A/cattle/Texas/24-008749-003/2024(H5N1)	1500	11392
PB1|PP755595.1|A/cattle/Texas/24-008749-003/2024(H5N1)	1501	11356
PB1|PP755595.1|A/cattle/Texas/24-008749-003/2024(H5N1)	1502	11197
PB1|PP755595.1|A/cattle/Texas/24-008749-003/2024(H5N1)	1503	11071
PB1|PP755595.1|A/cattle/Texas/24-008749-003/2024(H5N1)	1504	11066
PB1|PP755595.1|A/cattle/Texas/24-008749-003/2024(H5N1)	1505	11041
PB1|PP755595.1|A/cattle/Texas/24-008749-003/2024(H5N1)	1506	9756
PB1|PP755595.1|A/cattle/Texas/24-008749-003/2024(H5N1)	1507	9783
PB1|PP755595.1|A/cattle/Texas/24-008749-003/2024(H5N1)	1508	9677
PB1|PP755595.1|A/cattle/Texas/24-008749-003/2024(H5N1)	1509	9653
PB1|PP755595.1|A/cattle/Texas/24-008749-003/2024(H5N1)	1510	9679
PB1|PP755595.1|A/cattle/Texas/24-008749-003/2024(H5N1)	1511	9715
PB1|PP755595.1|A/cattle/Texas/24-008749-003/2024(H5N1)	1512	10197
PB1|PP755595.1|A/cattle/Texas/24-008749-003/2024(H5N1)	1513	10337
PB1|PP755595.1|A/cattle/Texas/24-008749-003/2024(H5N1)	1514	10412
PB1|PP755595.1|A/cattle/Texas/24-008749-003/2024(H5N1)	1515	10423
PB1|PP755595.1|A/cattle/Texas/24-008749-003/2024(H5N1)	1516	10425
PB1|PP755595.1|A/cattle/Texas/24-008749-003/2024(H5N1)	1517	10991
PB1|PP755595.1|A/cattle/Texas/24-008749-003/2024(H5N1)	1518	11258
PB1|PP755595.1|A/cattle/Texas/24-008749-003/2024(H5N1)	1519	11277
PB1|PP755595.1|A/cattle/Texas/24-008749-003/2024(H5N1)	1520	11294
PB1|PP755595.1|A/cattle/Texas/24-008749-003/2024(H5N1)	1521	11295
PB1|PP755595.1|A/cattle/Texas/24-008749-003/2024(H5N1)	1522	11466
PB1|PP755595.1|A/cattle/Texas/24-008749-003/2024(H5N1)	1523	11367
PB1|PP755595.1|A/cattle/Texas/24-008749-003/2024(H5N1)	1524	11285
PB1|PP755595.1|A/cattle/Texas/24-008749-003/2024(H5N1)	1525	11571
PB1|PP755595.1|A/cattle/Texas/24-008749-003/2024(H5N1)	1526	11595
PB1|PP755595.1|A/cattle/Texas/24-008749-003/2024(H5N1)	1527	11735
PB1|PP755595.1|A/cattle/Texas/24-008749-003/2024(H5N1)	1528	11893
PB1|PP755595.1|A/cattle/Texas/24-008749-003/2024(H5N1)	1529	11867
PB1|PP755595.1|A/cattle/Texas/24-008749-003/2024(H5N1)	1530	11845
PB1|PP755595.1|A/cattle/Texas/24-008749-003/2024(H5N1)	1531	11639
PB1|PP755595.1|A/cattle/Texas/24-008749-003/2024(H5N1)	1532	12047
PB1|PP755595.1|A/cattle/Texas/24-008749-003/2024(H5N1)	1533	11996
PB1|PP755595.1|A/cattle/Texas/24-008749-003/2024(H5N1)	1534	11970
PB1|PP755595.1|A/cattle/Texas/24-008749-003/2024(H5N1)	1535	11974
PB1|PP755595.1|A/cattle/Texas/24-008749-003/2024(H5N1)	1536	11853
PB1|PP755595.1|A/cattle/Texas/24-008749-003/2024(H5N1)	1537	11852
PB1|PP755595.1|A/cattle/Texas/24-008749-003/2024(H5N1)	1538	11739
PB1|PP755595.1|A/cattle/Texas/24-008749-003/2024(H5N1)	1539	12087
PB1|PP755595.1|A/cattle/Texas/24-008749-003/2024(H5N1)	1540	11974
PB1|PP755595.1|A/cattle/Texas/24-008749-003/2024(H5N1)	1541	11729
PB1|PP755595.1|A/cattle/Texas/24-008749-003/2024(H5N1)	1542	11744
PB1|PP755595.1|A/cattle/Texas/24-008749-003/2024(H5N1)	1543	11801
PB1|PP755595.1|A/cattle/Texas/24-008749-003/2024(H5N1)	1544	10898
PB1|PP755595.1|A/cattle/Texas/24-008749-003/2024(H5N1)	1545	10851
PB1|PP755595.1|A/cattle/Texas/24-008749-003/2024(H5N1)	1546	10860
PB1|PP755595.1|A/cattle/Texas/24-008749-003/2024(H5N1)	1547	10922
PB1|PP755595.1|A/cattle/Texas/24-008749-003/2024(H5N1)	1548	10948
PB1|PP755595.1|A/cattle/Texas/24-008749-003/2024(H5N1)	1549	10655
PB1|PP755595.1|A/cattle/Texas/24-008749-003/2024(H5N1)	1550	10649
PB1|PP755595.1|A/cattle/Texas/24-008749-003/2024(H5N1)	1551	10734
PB1|PP755595.1|A/cattle/Texas/24-008749-003/2024(H5N1)	1552	10693
PB1|PP755595.1|A/cattle/Texas/24-008749-003/2024(H5N1)	1553	10730
PB1|PP755595.1|A/cattle/Texas/24-008749-003/2024(H5N1)	1554	10660
PB1|PP755595.1|A/cattle/Texas/24-008749-003/2024(H5N1)	1555	10641
PB1|PP755595.1|A/cattle/Texas/24-008749-003/2024(H5N1)	1556	10680
PB1|PP755595.1|A/cattle/Texas/24-008749-003/2024(H5N1)	1557	10422
PB1|PP755595.1|A/cattle/Texas/24-008749-003/2024(H5N1)	1558	10402
PB1|PP755595.1|A/cattle/Texas/24-008749-003/2024(H5N1)	1559	10358
PB1|PP755595.1|A/cattle/Texas/24-008749-003/2024(H5N1)	1560	10216
PB1|PP755595.1|A/cattle/Texas/24-008749-003/2024(H5N1)	1561	10326
PB1|PP755595.1|A/cattle/Texas/24-008749-003/2024(H5N1)	1562	10353
PB1|PP755595.1|A/cattle/Texas/24-008749-003/2024(H5N1)	1563	10318
PB1|PP755595.1|A/cattle/Texas/24-008749-003/2024(H5N1)	1564	10601
PB1|PP755595.1|A/cattle/Texas/24-008749-003/2024(H5N1)	1565	10625
PB1|PP755595.1|A/cattle/Texas/24-008749-003/2024(H5N1)	1566	10603
PB1|PP755595.1|A/cattle/Texas/24-008749-003/2024(H5N1)	1567	10638
PB1|PP755595.1|A/cattle/Texas/24-008749-003/2024(H5N1)	1568	10580
PB1|PP755595.1|A/cattle/Texas/24-008749-003/2024(H5N1)	1569	10642
PB1|PP755595.1|A/cattle/Texas/24-008749-003/2024(H5N1)	1570	10525
PB1|PP755595.1|A/cattle/Texas/24-008749-003/2024(H5N1)	1571	10661
PB1|PP755595.1|A/cattle/Texas/24-008749-003/2024(H5N1)	1572	10269
PB1|PP755595.1|A/cattle/Texas/24-008749-003/2024(H5N1)	1573	10087
PB1|PP755595.1|A/cattle/Texas/24-008749-003/2024(H5N1)	1574	10045
PB1|PP755595.1|A/cattle/Texas/24-008749-003/2024(H5N1)	1575	9966
PB1|PP755595.1|A/cattle/Texas/24-008749-003/2024(H5N1)	1576	9953
PB1|PP755595.1|A/cattle/Texas/24-008749-003/2024(H5N1)	1577	9935
PB1|PP755595.1|A/cattle/Texas/24-008749-003/2024(H5N1)	1578	9818
PB1|PP755595.1|A/cattle/Texas/24-008749-003/2024(H5N1)	1579	9822
PB1|PP755595.1|A/cattle/Texas/24-008749-003/2024(H5N1)	1580	9687
PB1|PP755595.1|A/cattle/Texas/24-008749-003/2024(H5N1)	1581	9694
PB1|PP755595.1|A/cattle/Texas/24-008749-003/2024(H5N1)	1582	9964
PB1|PP755595.1|A/cattle/Texas/24-008749-003/2024(H5N1)	1583	10057
PB1|PP755595.1|A/cattle/Texas/24-008749-003/2024(H5N1)	1584	10053
PB1|PP755595.1|A/cattle/Texas/24-008749-003/2024(H5N1)	1585	10318
PB1|PP755595.1|A/cattle/Texas/24-008749-003/2024(H5N1)	1586	10202
PB1|PP755595.1|A/cattle/Texas/24-008749-003/2024(H5N1)	1587	10202
PB1|PP755595.1|A/cattle/Texas/24-008749-003/2024(H5N1)	1588	10210
PB1|PP755595.1|A/cattle/Texas/24-008749-003/2024(H5N1)	1589	10205
PB1|PP755595.1|A/cattle/Texas/24-008749-003/2024(H5N1)	1590	10203
PB1|PP755595.1|A/cattle/Texas/24-008749-003/2024(H5N1)	1591	10220
PB1|PP755595.1|A/cattle/Texas/24-008749-003/2024(H5N1)	1592	10111
PB1|PP755595.1|A/cattle/Texas/24-008749-003/2024(H5N1)	1593	10137
PB1|PP755595.1|A/cattle/Texas/24-008749-003/2024(H5N1)	1594	9986
PB1|PP755595.1|A/cattle/Texas/24-008749-003/2024(H5N1)	1595	9978
PB1|PP755595.1|A/cattle/Texas/24-008749-003/2024(H5N1)	1596	10012
PB1|PP755595.1|A/cattle/Texas/24-008749-003/2024(H5N1)	1597	9869
PB1|PP755595.1|A/cattle/Texas/24-008749-003/2024(H5N1)	1598	9841
PB1|PP755595.1|A/cattle/Texas/24-008749-003/2024(H5N1)	1599	10169
PB1|PP755595.1|A/cattle/Texas/24-008749-003/2024(H5N1)	1600	10173
PB1|PP755595.1|A/cattle/Texas/24-008749-003/2024(H5N1)	1601	10168
PB1|PP755595.1|A/cattle/Texas/24-008749-003/2024(H5N1)	1602	10038
PB1|PP755595.1|A/cattle/Texas/24-008749-003/2024(H5N1)	1603	10003
PB1|PP755595.1|A/cattle/Texas/24-008749-003/2024(H5N1)	1604	9960
PB1|PP755595.1|A/cattle/Texas/24-008749-003/2024(H5N1)	1605	9912
PB1|PP755595.1|A/cattle/Texas/24-008749-003/2024(H5N1)	1606	10009
PB1|PP755595.1|A/cattle/Texas/24-008749-003/2024(H5N1)	1607	9985
PB1|PP755595.1|A/cattle/Texas/24-008749-003/2024(H5N1)	1608	9866
PB1|PP755595.1|A/cattle/Texas/24-008749-003/2024(H5N1)	1609	9810
PB1|PP755595.1|A/cattle/Texas/24-008749-003/2024(H5N1)	1610	9804
PB1|PP755595.1|A/cattle/Texas/24-008749-003/2024(H5N1)	1611	9737
PB1|PP755595.1|A/cattle/Texas/24-008749-003/2024(H5N1)	1612	9737
PB1|PP755595.1|A/cattle/Texas/24-008749-003/2024(H5N1)	1613	9722
PB1|PP755595.1|A/cattle/Texas/24-008749-003/2024(H5N1)	1614	9584
PB1|PP755595.1|A/cattle/Texas/24-008749-003/2024(H5N1)	1615	9822
PB1|PP755595.1|A/cattle/Texas/24-008749-003/2024(H5N1)	1616	9661
PB1|PP755595.1|A/cattle/Texas/24-008749-003/2024(H5N1)	1617	9659
PB1|PP755595.1|A/cattle/Texas/24-008749-003/2024(H5N1)	1618	9662
PB1|PP755595.1|A/cattle/Texas/24-008749-003/2024(H5N1)	1619	9632
PB1|PP755595.1|A/cattle/Texas/24-008749-003/2024(H5N1)	1620	9756
PB1|PP755595.1|A/cattle/Texas/24-008749-003/2024(H5N1)	1621	9752
PB1|PP755595.1|A/cattle/Texas/24-008749-003/2024(H5N1)	1622	9607
PB1|PP755595.1|A/cattle/Texas/24-008749-003/2024(H5N1)	1623	9314
PB1|PP755595.1|A/cattle/Texas/24-008749-003/2024(H5N1)	1624	9303
PB1|PP755595.1|A/cattle/Texas/24-008749-003/2024(H5N1)	1625	9514
PB1|PP755595.1|A/cattle/Texas/24-008749-003/2024(H5N1)	1626	9509
PB1|PP755595.1|A/cattle/Texas/24-008749-003/2024(H5N1)	1627	9486
PB1|PP755595.1|A/cattle/Texas/24-008749-003/2024(H5N1)	1628	9457
PB1|PP755595.1|A/cattle/Texas/24-008749-003/2024(H5N1)	1629	9325
PB1|PP755595.1|A/cattle/Texas/24-008749-003/2024(H5N1)	1630	9325
PB1|PP755595.1|A/cattle/Texas/24-008749-003/2024(H5N1)	1631	9204
PB1|PP755595.1|A/cattle/Texas/24-008749-003/2024(H5N1)	1632	9190
PB1|PP755595.1|A/cattle/Texas/24-008749-003/2024(H5N1)	1633	9166
PB1|PP755595.1|A/cattle/Texas/24-008749-003/2024(H5N1)	1634	9136
PB1|PP755595.1|A/cattle/Texas/24-008749-003/2024(H5N1)	1635	9132
PB1|PP755595.1|A/cattle/Texas/24-008749-003/2024(H5N1)	1636	9132
PB1|PP755595.1|A/cattle/Texas/24-008749-003/2024(H5N1)	1637	9053
PB1|PP755595.1|A/cattle/Texas/24-008749-003/2024(H5N1)	1638	9049
PB1|PP755595.1|A/cattle/Texas/24-008749-003/2024(H5N1)	1639	8870
PB1|PP755595.1|A/cattle/Texas/24-008749-003/2024(H5N1)	1640	8830
PB1|PP755595.1|A/cattle/Texas/24-008749-003/2024(H5N1)	1641	8240
PB1|PP755595.1|A/cattle/Texas/24-008749-003/2024(H5N1)	1642	8060
PB1|PP755595.1|A/cattle/Texas/24-008749-003/2024(H5N1)	1643	8047
PB1|PP755595.1|A/cattle/Texas/24-008749-003/2024(H5N1)	1644	8046
PB1|PP755595.1|A/cattle/Texas/24-008749-003/2024(H5N1)	1645	8046
PB1|PP755595.1|A/cattle/Texas/24-008749-003/2024(H5N1)	1646	8046
PB1|PP755595.1|A/cattle/Texas/24-008749-003/2024(H5N1)	1647	8020
PB1|PP755595.1|A/cattle/Texas/24-008749-003/2024(H5N1)	1648	8774
PB1|PP755595.1|A/cattle/Texas/24-008749-003/2024(H5N1)	1649	8788
PB1|PP755595.1|A/cattle/Texas/24-008749-003/2024(H5N1)	1650	8910
PB1|PP755595.1|A/cattle/Texas/24-008749-003/2024(H5N1)	1651	8914
PB1|PP755595.1|A/cattle/Texas/24-008749-003/2024(H5N1)	1652	8928
PB1|PP755595.1|A/cattle/Texas/24-008749-003/2024(H5N1)	1653	8937
PB1|PP755595.1|A/cattle/Texas/24-008749-003/2024(H5N1)	1654	8867
PB1|PP755595.1|A/cattle/Texas/24-008749-003/2024(H5N1)	1655	8859
PB1|PP755595.1|A/cattle/Texas/24-008749-003/2024(H5N1)	1656	8842
PB1|PP755595.1|A/cattle/Texas/24-008749-003/2024(H5N1)	1657	8804
PB1|PP755595.1|A/cattle/Texas/24-008749-003/2024(H5N1)	1658	8781
PB1|PP755595.1|A/cattle/Texas/24-008749-003/2024(H5N1)	1659	8729
PB1|PP755595.1|A/cattle/Texas/24-008749-003/2024(H5N1)	1660	8727
PB1|PP755595.1|A/cattle/Texas/24-008749-003/2024(H5N1)	1661	8703
PB1|PP755595.1|A/cattle/Texas/24-008749-003/2024(H5N1)	1662	8661
PB1|PP755595.1|A/cattle/Texas/24-008749-003/2024(H5N1)	1663	8191
PB1|PP755595.1|A/cattle/Texas/24-008749-003/2024(H5N1)	1664	8188
PB1|PP755595.1|A/cattle/Texas/24-008749-003/2024(H5N1)	1665	8113
PB1|PP755595.1|A/cattle/Texas/24-008749-003/2024(H5N1)	1666	8102
PB1|PP755595.1|A/cattle/Texas/24-008749-003/2024(H5N1)	1667	8099
PB1|PP755595.1|A/cattle/Texas/24-008749-003/2024(H5N1)	1668	7551
PB1|PP755595.1|A/cattle/Texas/24-008749-003/2024(H5N1)	1669	7267
PB1|PP755595.1|A/cattle/Texas/24-008749-003/2024(H5N1)	1670	7259
PB1|PP755595.1|A/cattle/Texas/24-008749-003/2024(H5N1)	1671	7241
PB1|PP755595.1|A/cattle/Texas/24-008749-003/2024(H5N1)	1672	7232
PB1|PP755595.1|A/cattle/Texas/24-008749-003/2024(H5N1)	1673	7048
PB1|PP755595.1|A/cattle/Texas/24-008749-003/2024(H5N1)	1674	5396
PB1|PP755595.1|A/cattle/Texas/24-008749-003/2024(H5N1)	1675	5387
PB1|PP755595.1|A/cattle/Texas/24-008749-003/2024(H5N1)	1676	5281
PB1|PP755595.1|A/cattle/Texas/24-008749-003/2024(H5N1)	1677	5150
PB1|PP755595.1|A/cattle/Texas/24-008749-003/2024(H5N1)	1678	5150
PB1|PP755595.1|A/cattle/Texas/24-008749-003/2024(H5N1)	1679	5149
PB1|PP755595.1|A/cattle/Texas/24-008749-003/2024(H5N1)	1680	5106
PB1|PP755595.1|A/cattle/Texas/24-008749-003/2024(H5N1)	1681	5109
PB1|PP755595.1|A/cattle/Texas/24-008749-003/2024(H5N1)	1682	5109
PB1|PP755595.1|A/cattle/Texas/24-008749-003/2024(H5N1)	1683	5108
PB1|PP755595.1|A/cattle/Texas/24-008749-003/2024(H5N1)	1684	6860
PB1|PP755595.1|A/cattle/Texas/24-008749-003/2024(H5N1)	1685	6875
PB1|PP755595.1|A/cattle/Texas/24-008749-003/2024(H5N1)	1686	6880
PB1|PP755595.1|A/cattle/Texas/24-008749-003/2024(H5N1)	1687	6888
PB1|PP755595.1|A/cattle/Texas/24-008749-003/2024(H5N1)	1688	6888
PB1|PP755595.1|A/cattle/Texas/24-008749-003/2024(H5N1)	1689	6888
PB1|PP755595.1|A/cattle/Texas/24-008749-003/2024(H5N1)	1690	6888
PB1|PP755595.1|A/cattle/Texas/24-008749-003/2024(H5N1)	1691	6870
PB1|PP755595.1|A/cattle/Texas/24-008749-003/2024(H5N1)	1692	6625
PB1|PP755595.1|A/cattle/Texas/24-008749-003/2024(H5N1)	1693	6895
PB1|PP755595.1|A/cattle/Texas/24-008749-003/2024(H5N1)	1694	6930
PB1|PP755595.1|A/cattle/Texas/24-008749-003/2024(H5N1)	1695	6926
PB1|PP755595.1|A/cattle/Texas/24-008749-003/2024(H5N1)	1696	6931
PB1|PP755595.1|A/cattle/Texas/24-008749-003/2024(H5N1)	1697	6880
PB1|PP755595.1|A/cattle/Texas/24-008749-003/2024(H5N1)	1698	6887
PB1|PP755595.1|A/cattle/Texas/24-008749-003/2024(H5N1)	1699	6870
PB1|PP755595.1|A/cattle/Texas/24-008749-003/2024(H5N1)	1700	6760
PB1|PP755595.1|A/cattle/Texas/24-008749-003/2024(H5N1)	1701	6766
PB1|PP755595.1|A/cattle/Texas/24-008749-003/2024(H5N1)	1702	6701
PB1|PP755595.1|A/cattle/Texas/24-008749-003/2024(H5N1)	1703	6711
PB1|PP755595.1|A/cattle/Texas/24-008749-003/2024(H5N1)	1704	6681
PB1|PP755595.1|A/cattle/Texas/24-008749-003/2024(H5N1)	1705	6680
PB1|PP755595.1|A/cattle/Texas/24-008749-003/2024(H5N1)	1706	6639
PB1|PP755595.1|A/cattle/Texas/24-008749-003/2024(H5N1)	1707	6629
PB1|PP755595.1|A/cattle/Texas/24-008749-003/2024(H5N1)	1708	6625
PB1|PP755595.1|A/cattle/Texas/24-008749-003/2024(H5N1)	1709	6554
PB1|PP755595.1|A/cattle/Texas/24-008749-003/2024(H5N1)	1710	6529
PB1|PP755595.1|A/cattle/Texas/24-008749-003/2024(H5N1)	1711	6569
PB1|PP755595.1|A/cattle/Texas/24-008749-003/2024(H5N1)	1712	6473
PB1|PP755595.1|A/cattle/Texas/24-008749-003/2024(H5N1)	1713	6472
PB1|PP755595.1|A/cattle/Texas/24-008749-003/2024(H5N1)	1714	6453
PB1|PP755595.1|A/cattle/Texas/24-008749-003/2024(H5N1)	1715	6299
PB1|PP755595.1|A/cattle/Texas/24-008749-003/2024(H5N1)	1716	6273
PB1|PP755595.1|A/cattle/Texas/24-008749-003/2024(H5N1)	1717	6424
PB1|PP755595.1|A/cattle/Texas/24-008749-003/2024(H5N1)	1718	6419
PB1|PP755595.1|A/cattle/Texas/24-008749-003/2024(H5N1)	1719	6396
PB1|PP755595.1|A/cattle/Texas/24-008749-003/2024(H5N1)	1720	6379
PB1|PP755595.1|A/cattle/Texas/24-008749-003/2024(H5N1)	1721	6389
PB1|PP755595.1|A/cattle/Texas/24-008749-003/2024(H5N1)	1722	6278
PB1|PP755595.1|A/cattle/Texas/24-008749-003/2024(H5N1)	1723	6273
PB1|PP755595.1|A/cattle/Texas/24-008749-003/2024(H5N1)	1724	6224
PB1|PP755595.1|A/cattle/Texas/24-008749-003/2024(H5N1)	1725	6223
PB1|PP755595.1|A/cattle/Texas/24-008749-003/2024(H5N1)	1726	6021
PB1|PP755595.1|A/cattle/Texas/24-008749-003/2024(H5N1)	1727	5959
PB1|PP755595.1|A/cattle/Texas/24-008749-003/2024(H5N1)	1728	5957
PB1|PP755595.1|A/cattle/Texas/24-008749-003/2024(H5N1)	1729	5947
PB1|PP755595.1|A/cattle/Texas/24-008749-003/2024(H5N1)	1730	5945
PB1|PP755595.1|A/cattle/Texas/24-008749-003/2024(H5N1)	1731	5052
PB1|PP755595.1|A/cattle/Texas/24-008749-003/2024(H5N1)	1732	5035
PB1|PP755595.1|A/cattle/Texas/24-008749-003/2024(H5N1)	1733	5005
PB1|PP755595.1|A/cattle/Texas/24-008749-003/2024(H5N1)	1734	4917
PB1|PP755595.1|A/cattle/Texas/24-008749-003/2024(H5N1)	1735	4689
PB1|PP755595.1|A/cattle/Texas/24-008749-003/2024(H5N1)	1736	4692
PB1|PP755595.1|A/cattle/Texas/24-008749-003/2024(H5N1)	1737	4621
PB1|PP755595.1|A/cattle/Texas/24-008749-003/2024(H5N1)	1738	5313
PB1|PP755595.1|A/cattle/Texas/24-008749-003/2024(H5N1)	1739	5319
PB1|PP755595.1|A/cattle/Texas/24-008749-003/2024(H5N1)	1740	5319
PB1|PP755595.1|A/cattle/Texas/24-008749-003/2024(H5N1)	1741	5321
PB1|PP755595.1|A/cattle/Texas/24-008749-003/2024(H5N1)	1742	5321
PB1|PP755595.1|A/cattle/Texas/24-008749-003/2024(H5N1)	1743	5320
PB1|PP755595.1|A/cattle/Texas/24-008749-003/2024(H5N1)	1744	5319
PB1|PP755595.1|A/cattle/Texas/24-008749-003/2024(H5N1)	1745	5319
PB1|PP755595.1|A/cattle/Texas/24-008749-003/2024(H5N1)	1746	5319
PB1|PP755595.1|A/cattle/Texas/24-008749-003/2024(H5N1)	1747	5319
PB1|PP755595.1|A/cattle/Texas/24-008749-003/2024(H5N1)	1748	5319
PB1|PP755595.1|A/cattle/Texas/24-008749-003/2024(H5N1)	1749	5319
PB1|PP755595.1|A/cattle/Texas/24-008749-003/2024(H5N1)	1750	5319
PB1|PP755595.1|A/cattle/Texas/24-008749-003/2024(H5N1)	1751	5319
PB1|PP755595.1|A/cattle/Texas/24-008749-003/2024(H5N1)	1752	5223
PB1|PP755595.1|A/cattle/Texas/24-008749-003/2024(H5N1)	1753	5223
PB1|PP755595.1|A/cattle/Texas/24-008749-003/2024(H5N1)	1754	5223
PB1|PP755595.1|A/cattle/Texas/24-008749-003/2024(H5N1)	1755	5223
PB1|PP755595.1|A/cattle/Texas/24-008749-003/2024(H5N1)	1756	5223
PB1|PP755595.1|A/cattle/Texas/24-008749-003/2024(H5N1)	1757	5223
PB1|PP755595.1|A/cattle/Texas/24-008749-003/2024(H5N1)	1758	4311
PB1|PP755595.1|A/cattle/Texas/24-008749-003/2024(H5N1)	1759	4311
PB1|PP755595.1|A/cattle/Texas/24-008749-003/2024(H5N1)	1760	5142
PB1|PP755595.1|A/cattle/Texas/24-008749-003/2024(H5N1)	1761	5143
PB1|PP755595.1|A/cattle/Texas/24-008749-003/2024(H5N1)	1762	5251
PB1|PP755595.1|A/cattle/Texas/24-008749-003/2024(H5N1)	1763	5289
PB1|PP755595.1|A/cattle/Texas/24-008749-003/2024(H5N1)	1764	5290
PB1|PP755595.1|A/cattle/Texas/24-008749-003/2024(H5N1)	1765	5291
PB1|PP755595.1|A/cattle/Texas/24-008749-003/2024(H5N1)	1766	5291
PB1|PP755595.1|A/cattle/Texas/24-008749-003/2024(H5N1)	1767	5291
PB1|PP755595.1|A/cattle/Texas/24-008749-003/2024(H5N1)	1768	5291
PB1|PP755595.1|A/cattle/Texas/24-008749-003/2024(H5N1)	1769	5291
PB1|PP755595.1|A/cattle/Texas/24-008749-003/2024(H5N1)	1770	5291
PB1|PP755595.1|A/cattle/Texas/24-008749-003/2024(H5N1)	1771	5290
PB1|PP755595.1|A/cattle/Texas/24-008749-003/2024(H5N1)	1772	5289
PB1|PP755595.1|A/cattle/Texas/24-008749-003/2024(H5N1)	1773	5289
PB1|PP755595.1|A/cattle/Texas/24-008749-003/2024(H5N1)	1774	5655
PB1|PP755595.1|A/cattle/Texas/24-008749-003/2024(H5N1)	1775	5674
PB1|PP755595.1|A/cattle/Texas/24-008749-003/2024(H5N1)	1776	5686
PB1|PP755595.1|A/cattle/Texas/24-008749-003/2024(H5N1)	1777	5687
PB1|PP755595.1|A/cattle/Texas/24-008749-003/2024(H5N1)	1778	5745
PB1|PP755595.1|A/cattle/Texas/24-008749-003/2024(H5N1)	1779	5719
PB1|PP755595.1|A/cattle/Texas/24-008749-003/2024(H5N1)	1780	5644
PB1|PP755595.1|A/cattle/Texas/24-008749-003/2024(H5N1)	1781	5602
PB1|PP755595.1|A/cattle/Texas/24-008749-003/2024(H5N1)	1782	5539
PB1|PP755595.1|A/cattle/Texas/24-008749-003/2024(H5N1)	1783	5536
PB1|PP755595.1|A/cattle/Texas/24-008749-003/2024(H5N1)	1784	5492
PB1|PP755595.1|A/cattle/Texas/24-008749-003/2024(H5N1)	1785	5450
PB1|PP755595.1|A/cattle/Texas/24-008749-003/2024(H5N1)	1786	5450
PB1|PP755595.1|A/cattle/Texas/24-008749-003/2024(H5N1)	1787	5450
PB1|PP755595.1|A/cattle/Texas/24-008749-003/2024(H5N1)	1788	5452
PB1|PP755595.1|A/cattle/Texas/24-008749-003/2024(H5N1)	1789	5460
PB1|PP755595.1|A/cattle/Texas/24-008749-003/2024(H5N1)	1790	5629
PB1|PP755595.1|A/cattle/Texas/24-008749-003/2024(H5N1)	1791	5564
PB1|PP755595.1|A/cattle/Texas/24-008749-003/2024(H5N1)	1792	5539
PB1|PP755595.1|A/cattle/Texas/24-008749-003/2024(H5N1)	1793	5443
PB1|PP755595.1|A/cattle/Texas/24-008749-003/2024(H5N1)	1794	5441
PB1|PP755595.1|A/cattle/Texas/24-008749-003/2024(H5N1)	1795	5432
PB1|PP755595.1|A/cattle/Texas/24-008749-003/2024(H5N1)	1796	5408
PB1|PP755595.1|A/cattle/Texas/24-008749-003/2024(H5N1)	1797	5406
PB1|PP755595.1|A/cattle/Texas/24-008749-003/2024(H5N1)	1798	5162
PB1|PP755595.1|A/cattle/Texas/24-008749-003/2024(H5N1)	1799	5153
PB1|PP755595.1|A/cattle/Texas/24-008749-003/2024(H5N1)	1800	1982
PB1|PP755595.1|A/cattle/Texas/24-008749-003/2024(H5N1)	1801	1982
PB1|PP755595.1|A/cattle/Texas/24-008749-003/2024(H5N1)	1802	1982
PB1|PP755595.1|A/cattle/Texas/24-008749-003/2024(H5N1)	1803	1981
PB1|PP755595.1|A/cattle/Texas/24-008749-003/2024(H5N1)	1804	1981
PB1|PP755595.1|A/cattle/Texas/24-008749-003/2024(H5N1)	1805	1981
PB1|PP755595.1|A/cattle/Texas/24-008749-003/2024(H5N1)	1806	1981
PB1|PP755595.1|A/cattle/Texas/24-008749-003/2024(H5N1)	1807	1981
PB1|PP755595.1|A/cattle/Texas/24-008749-003/2024(H5N1)	1808	1981
PB1|PP755595.1|A/cattle/Texas/24-008749-003/2024(H5N1)	1809	1981
PB1|PP755595.1|A/cattle/Texas/24-008749-003/2024(H5N1)	1810	1982
PB1|PP755595.1|A/cattle/Texas/24-008749-003/2024(H5N1)	1811	1982
PB1|PP755595.1|A/cattle/Texas/24-008749-003/2024(H5N1)	1812	1982
PB1|PP755595.1|A/cattle/Texas/24-008749-003/2024(H5N1)	1813	1982
PB1|PP755595.1|A/cattle/Texas/24-008749-003/2024(H5N1)	1814	1982
PB1|PP755595.1|A/cattle/Texas/24-008749-003/2024(H5N1)	1815	1982
PB1|PP755595.1|A/cattle/Texas/24-008749-003/2024(H5N1)	1816	1980
PB1|PP755595.1|A/cattle/Texas/24-008749-003/2024(H5N1)	1817	1980
PB1|PP755595.1|A/cattle/Texas/24-008749-003/2024(H5N1)	1818	1978
PB1|PP755595.1|A/cattle/Texas/24-008749-003/2024(H5N1)	1819	1978
PB1|PP755595.1|A/cattle/Texas/24-008749-003/2024(H5N1)	1820	1978
PB1|PP755595.1|A/cattle/Texas/24-008749-003/2024(H5N1)	1821	1978
PB1|PP755595.1|A/cattle/Texas/24-008749-003/2024(H5N1)	1822	1978
PB1|PP755595.1|A/cattle/Texas/24-008749-003/2024(H5N1)	1823	1978
PB1|PP755595.1|A/cattle/Texas/24-008749-003/2024(H5N1)	1824	1978
PB1|PP755595.1|A/cattle/Texas/24-008749-003/2024(H5N1)	1825	2288
PB1|PP755595.1|A/cattle/Texas/24-008749-003/2024(H5N1)	1826	2288
PB1|PP755595.1|A/cattle/Texas/24-008749-003/2024(H5N1)	1827	2288
PB1|PP755595.1|A/cattle/Texas/24-008749-003/2024(H5N1)	1828	2288
PB1|PP755595.1|A/cattle/Texas/24-008749-003/2024(H5N1)	1829	2291
PB1|PP755595.1|A/cattle/Texas/24-008749-003/2024(H5N1)	1830	2291
PB1|PP755595.1|A/cattle/Texas/24-008749-003/2024(H5N1)	1831	2291
PB1|PP755595.1|A/cattle/Texas/24-008749-003/2024(H5N1)	1832	2291
PB1|PP755595.1|A/cattle/Texas/24-008749-003/2024(H5N1)	1833	2291
PB1|PP755595.1|A/cattle/Texas/24-008749-003/2024(H5N1)	1834	2308
PB1|PP755595.1|A/cattle/Texas/24-008749-003/2024(H5N1)	1835	2367
PB1|PP755595.1|A/cattle/Texas/24-008749-003/2024(H5N1)	1836	2367
PB1|PP755595.1|A/cattle/Texas/24-008749-003/2024(H5N1)	1837	2422
PB1|PP755595.1|A/cattle/Texas/24-008749-003/2024(H5N1)	1838	2436
PB1|PP755595.1|A/cattle/Texas/24-008749-003/2024(H5N1)	1839	2454
PB1|PP755595.1|A/cattle/Texas/24-008749-003/2024(H5N1)	1840	2521
PB1|PP755595.1|A/cattle/Texas/24-008749-003/2024(H5N1)	1841	2521
PB1|PP755595.1|A/cattle/Texas/24-008749-003/2024(H5N1)	1842	2521
PB1|PP755595.1|A/cattle/Texas/24-008749-003/2024(H5N1)	1843	2619
PB1|PP755595.1|A/cattle/Texas/24-008749-003/2024(H5N1)	1844	2622
PB1|PP755595.1|A/cattle/Texas/24-008749-003/2024(H5N1)	1845	2660
PB1|PP755595.1|A/cattle/Texas/24-008749-003/2024(H5N1)	1846	6282
PB1|PP755595.1|A/cattle/Texas/24-008749-003/2024(H5N1)	1847	6286
PB1|PP755595.1|A/cattle/Texas/24-008749-003/2024(H5N1)	1848	6330
PB1|PP755595.1|A/cattle/Texas/24-008749-003/2024(H5N1)	1849	6496
PB1|PP755595.1|A/cattle/Texas/24-008749-003/2024(H5N1)	1850	6940
PB1|PP755595.1|A/cattle/Texas/24-008749-003/2024(H5N1)	1851	6942
PB1|PP755595.1|A/cattle/Texas/24-008749-003/2024(H5N1)	1852	6945
PB1|PP755595.1|A/cattle/Texas/24-008749-003/2024(H5N1)	1853	7152
PB1|PP755595.1|A/cattle/Texas/24-008749-003/2024(H5N1)	1854	7155
PB1|PP755595.1|A/cattle/Texas/24-008749-003/2024(H5N1)	1855	7255
PB1|PP755595.1|A/cattle/Texas/24-008749-003/2024(H5N1)	1856	7254
PB1|PP755595.1|A/cattle/Texas/24-008749-003/2024(H5N1)	1857	7254
PB1|PP755595.1|A/cattle/Texas/24-008749-003/2024(H5N1)	1858	7369
PB1|PP755595.1|A/cattle/Texas/24-008749-003/2024(H5N1)	1859	7383
PB1|PP755595.1|A/cattle/Texas/24-008749-003/2024(H5N1)	1860	7481
PB1|PP755595.1|A/cattle/Texas/24-008749-003/2024(H5N1)	1861	7481
PB1|PP755595.1|A/cattle/Texas/24-008749-003/2024(H5N1)	1862	7518
PB1|PP755595.1|A/cattle/Texas/24-008749-003/2024(H5N1)	1863	7653
PB1|PP755595.1|A/cattle/Texas/24-008749-003/2024(H5N1)	1864	7703
PB1|PP755595.1|A/cattle/Texas/24-008749-003/2024(H5N1)	1865	7705
PB1|PP755595.1|A/cattle/Texas/24-008749-003/2024(H5N1)	1866	7705
PB1|PP755595.1|A/cattle/Texas/24-008749-003/2024(H5N1)	1867	7723
PB1|PP755595.1|A/cattle/Texas/24-008749-003/2024(H5N1)	1868	7754
PB1|PP755595.1|A/cattle/Texas/24-008749-003/2024(H5N1)	1869	7853
PB1|PP755595.1|A/cattle/Texas/24-008749-003/2024(H5N1)	1870	7862
PB1|PP755595.1|A/cattle/Texas/24-008749-003/2024(H5N1)	1871	7861
PB1|PP755595.1|A/cattle/Texas/24-008749-003/2024(H5N1)	1872	7861
PB1|PP755595.1|A/cattle/Texas/24-008749-003/2024(H5N1)	1873	7997
PB1|PP755595.1|A/cattle/Texas/24-008749-003/2024(H5N1)	1874	8037
PB1|PP755595.1|A/cattle/Texas/24-008749-003/2024(H5N1)	1875	8043
PB1|PP755595.1|A/cattle/Texas/24-008749-003/2024(H5N1)	1876	8045
PB1|PP755595.1|A/cattle/Texas/24-008749-003/2024(H5N1)	1877	8046
PB1|PP755595.1|A/cattle/Texas/24-008749-003/2024(H5N1)	1878	8046
PB1|PP755595.1|A/cattle/Texas/24-008749-003/2024(H5N1)	1879	8045
PB1|PP755595.1|A/cattle/Texas/24-008749-003/2024(H5N1)	1880	8045
PB1|PP755595.1|A/cattle/Texas/24-008749-003/2024(H5N1)	1881	6586
PB1|PP755595.1|A/cattle/Texas/24-008749-003/2024(H5N1)	1882	6586
PB1|PP755595.1|A/cattle/Texas/24-008749-003/2024(H5N1)	1883	6641
PB1|PP755595.1|A/cattle/Texas/24-008749-003/2024(H5N1)	1884	6658
PB1|PP755595.1|A/cattle/Texas/24-008749-003/2024(H5N1)	1885	6723
PB1|PP755595.1|A/cattle/Texas/24-008749-003/2024(H5N1)	1886	6723
PB1|PP755595.1|A/cattle/Texas/24-008749-003/2024(H5N1)	1887	6722
PB1|PP755595.1|A/cattle/Texas/24-008749-003/2024(H5N1)	1888	6742
PB1|PP755595.1|A/cattle/Texas/24-008749-003/2024(H5N1)	1889	6753
PB1|PP755595.1|A/cattle/Texas/24-008749-003/2024(H5N1)	1890	6791
PB1|PP755595.1|A/cattle/Texas/24-008749-003/2024(H5N1)	1891	8830
PB1|PP755595.1|A/cattle/Texas/24-008749-003/2024(H5N1)	1892	8863
PB1|PP755595.1|A/cattle/Texas/24-008749-003/2024(H5N1)	1893	8866
PB1|PP755595.1|A/cattle/Texas/24-008749-003/2024(H5N1)	1894	8867
PB1|PP755595.1|A/cattle/Texas/24-008749-003/2024(H5N1)	1895	8878
PB1|PP755595.1|A/cattle/Texas/24-008749-003/2024(H5N1)	1896	8879
PB1|PP755595.1|A/cattle/Texas/24-008749-003/2024(H5N1)	1897	8913
PB1|PP755595.1|A/cattle/Texas/24-008749-003/2024(H5N1)	1898	9028
PB1|PP755595.1|A/cattle/Texas/24-008749-003/2024(H5N1)	1899	9110
PB1|PP755595.1|A/cattle/Texas/24-008749-003/2024(H5N1)	1900	9147
PB1|PP755595.1|A/cattle/Texas/24-008749-003/2024(H5N1)	1901	9148
PB1|PP755595.1|A/cattle/Texas/24-008749-003/2024(H5N1)	1902	9179
PB1|PP755595.1|A/cattle/Texas/24-008749-003/2024(H5N1)	1903	9218
PB1|PP755595.1|A/cattle/Texas/24-008749-003/2024(H5N1)	1904	9287
PB1|PP755595.1|A/cattle/Texas/24-008749-003/2024(H5N1)	1905	9289
PB1|PP755595.1|A/cattle/Texas/24-008749-003/2024(H5N1)	1906	9394
PB1|PP755595.1|A/cattle/Texas/24-008749-003/2024(H5N1)	1907	9414
PB1|PP755595.1|A/cattle/Texas/24-008749-003/2024(H5N1)	1908	9425
PB1|PP755595.1|A/cattle/Texas/24-008749-003/2024(H5N1)	1909	9497
PB1|PP755595.1|A/cattle/Texas/24-008749-003/2024(H5N1)	1910	9519
PB1|PP755595.1|A/cattle/Texas/24-008749-003/2024(H5N1)	1911	9518
PB1|PP755595.1|A/cattle/Texas/24-008749-003/2024(H5N1)	1912	9519
PB1|PP755595.1|A/cattle/Texas/24-008749-003/2024(H5N1)	1913	9540
PB1|PP755595.1|A/cattle/Texas/24-008749-003/2024(H5N1)	1914	9592
PB1|PP755595.1|A/cattle/Texas/24-008749-003/2024(H5N1)	1915	9856
PB1|PP755595.1|A/cattle/Texas/24-008749-003/2024(H5N1)	1916	9856
PB1|PP755595.1|A/cattle/Texas/24-008749-003/2024(H5N1)	1917	9583
PB1|PP755595.1|A/cattle/Texas/24-008749-003/2024(H5N1)	1918	9600
PB1|PP755595.1|A/cattle/Texas/24-008749-003/2024(H5N1)	1919	9682
PB1|PP755595.1|A/cattle/Texas/24-008749-003/2024(H5N1)	1920	9853
PB1|PP755595.1|A/cattle/Texas/24-008749-003/2024(H5N1)	1921	10087
PB1|PP755595.1|A/cattle/Texas/24-008749-003/2024(H5N1)	1922	10151
PB1|PP755595.1|A/cattle/Texas/24-008749-003/2024(H5N1)	1923	10175
PB1|PP755595.1|A/cattle/Texas/24-008749-003/2024(H5N1)	1924	10200
PB1|PP755595.1|A/cattle/Texas/24-008749-003/2024(H5N1)	1925	10520
PB1|PP755595.1|A/cattle/Texas/24-008749-003/2024(H5N1)	1926	10530
PB1|PP755595.1|A/cattle/Texas/24-008749-003/2024(H5N1)	1927	10641
PB1|PP755595.1|A/cattle/Texas/24-008749-003/2024(H5N1)	1928	10637
PB1|PP755595.1|A/cattle/Texas/24-008749-003/2024(H5N1)	1929	10607
PB1|PP755595.1|A/cattle/Texas/24-008749-003/2024(H5N1)	1930	10694
PB1|PP755595.1|A/cattle/Texas/24-008749-003/2024(H5N1)	1931	10718
PB1|PP755595.1|A/cattle/Texas/24-008749-003/2024(H5N1)	1932	10867
PB1|PP755595.1|A/cattle/Texas/24-008749-003/2024(H5N1)	1933	10867
PB1|PP755595.1|A/cattle/Texas/24-008749-003/2024(H5N1)	1934	10801
PB1|PP755595.1|A/cattle/Texas/24-008749-003/2024(H5N1)	1935	10722
PB1|PP755595.1|A/cattle/Texas/24-008749-003/2024(H5N1)	1936	10701
PB1|PP755595.1|A/cattle/Texas/24-008749-003/2024(H5N1)	1937	10698
PB1|PP755595.1|A/cattle/Texas/24-008749-003/2024(H5N1)	1938	10696
PB1|PP755595.1|A/cattle/Texas/24-008749-003/2024(H5N1)	1939	10398
PB1|PP755595.1|A/cattle/Texas/24-008749-003/2024(H5N1)	1940	10382
PB1|PP755595.1|A/cattle/Texas/24-008749-003/2024(H5N1)	1941	10178
PB1|PP755595.1|A/cattle/Texas/24-008749-003/2024(H5N1)	1942	10163
PB1|PP755595.1|A/cattle/Texas/24-008749-003/2024(H5N1)	1943	10006
PB1|PP755595.1|A/cattle/Texas/24-008749-003/2024(H5N1)	1944	8076
PB1|PP755595.1|A/cattle/Texas/24-008749-003/2024(H5N1)	1945	8053
PB1|PP755595.1|A/cattle/Texas/24-008749-003/2024(H5N1)	1946	7985
PB1|PP755595.1|A/cattle/Texas/24-008749-003/2024(H5N1)	1947	7981
PB1|PP755595.1|A/cattle/Texas/24-008749-003/2024(H5N1)	1948	7982
PB1|PP755595.1|A/cattle/Texas/24-008749-003/2024(H5N1)	1949	7982
PB1|PP755595.1|A/cattle/Texas/24-008749-003/2024(H5N1)	1950	7914
PB1|PP755595.1|A/cattle/Texas/24-008749-003/2024(H5N1)	1951	7914
PB1|PP755595.1|A/cattle/Texas/24-008749-003/2024(H5N1)	1952	7914
PB1|PP755595.1|A/cattle/Texas/24-008749-003/2024(H5N1)	1953	7914
PB1|PP755595.1|A/cattle/Texas/24-008749-003/2024(H5N1)	1954	7914
PB1|PP755595.1|A/cattle/Texas/24-008749-003/2024(H5N1)	1955	7911
PB1|PP755595.1|A/cattle/Texas/24-008749-003/2024(H5N1)	1956	7890
PB1|PP755595.1|A/cattle/Texas/24-008749-003/2024(H5N1)	1957	7890
PB1|PP755595.1|A/cattle/Texas/24-008749-003/2024(H5N1)	1958	7889
PB1|PP755595.1|A/cattle/Texas/24-008749-003/2024(H5N1)	1959	7887
PB1|PP755595.1|A/cattle/Texas/24-008749-003/2024(H5N1)	1960	7889
PB1|PP755595.1|A/cattle/Texas/24-008749-003/2024(H5N1)	1961	7889
PB1|PP755595.1|A/cattle/Texas/24-008749-003/2024(H5N1)	1962	7888
PB1|PP755595.1|A/cattle/Texas/24-008749-003/2024(H5N1)	1963	8991
PB1|PP755595.1|A/cattle/Texas/24-008749-003/2024(H5N1)	1964	8997
PB1|PP755595.1|A/cattle/Texas/24-008749-003/2024(H5N1)	1965	9024
PB1|PP755595.1|A/cattle/Texas/24-008749-003/2024(H5N1)	1966	9651
PB1|PP755595.1|A/cattle/Texas/24-008749-003/2024(H5N1)	1967	9659
PB1|PP755595.1|A/cattle/Texas/24-008749-003/2024(H5N1)	1968	9962
PB1|PP755595.1|A/cattle/Texas/24-008749-003/2024(H5N1)	1969	9970
PB1|PP755595.1|A/cattle/Texas/24-008749-003/2024(H5N1)	1970	9842
PB1|PP755595.1|A/cattle/Texas/24-008749-003/2024(H5N1)	1971	9831
PB1|PP755595.1|A/cattle/Texas/24-008749-003/2024(H5N1)	1972	9824
PB1|PP755595.1|A/cattle/Texas/24-008749-003/2024(H5N1)	1973	9812
PB1|PP755595.1|A/cattle/Texas/24-008749-003/2024(H5N1)	1974	9785
PB1|PP755595.1|A/cattle/Texas/24-008749-003/2024(H5N1)	1975	9351
PB1|PP755595.1|A/cattle/Texas/24-008749-003/2024(H5N1)	1976	9339
PB1|PP755595.1|A/cattle/Texas/24-008749-003/2024(H5N1)	1977	9162
PB1|PP755595.1|A/cattle/Texas/24-008749-003/2024(H5N1)	1978	9160
PB1|PP755595.1|A/cattle/Texas/24-008749-003/2024(H5N1)	1979	9109
PB1|PP755595.1|A/cattle/Texas/24-008749-003/2024(H5N1)	1980	8975
PB1|PP755595.1|A/cattle/Texas/24-008749-003/2024(H5N1)	1981	8971
PB1|PP755595.1|A/cattle/Texas/24-008749-003/2024(H5N1)	1982	8968
PB1|PP755595.1|A/cattle/Texas/24-008749-003/2024(H5N1)	1983	6695
PB1|PP755595.1|A/cattle/Texas/24-008749-003/2024(H5N1)	1984	6653
PB1|PP755595.1|A/cattle/Texas/24-008749-003/2024(H5N1)	1985	6588
PB1|PP755595.1|A/cattle/Texas/24-008749-003/2024(H5N1)	1986	6549
PB1|PP755595.1|A/cattle/Texas/24-008749-003/2024(H5N1)	1987	6549
PB1|PP755595.1|A/cattle/Texas/24-008749-003/2024(H5N1)	1988	6549
PB1|PP755595.1|A/cattle/Texas/24-008749-003/2024(H5N1)	1989	6544
PB1|PP755595.1|A/cattle/Texas/24-008749-003/2024(H5N1)	1990	6547
PB1|PP755595.1|A/cattle/Texas/24-008749-003/2024(H5N1)	1991	6547
PB1|PP755595.1|A/cattle/Texas/24-008749-003/2024(H5N1)	1992	6549
PB1|PP755595.1|A/cattle/Texas/24-008749-003/2024(H5N1)	1993	6554
PB1|PP755595.1|A/cattle/Texas/24-008749-003/2024(H5N1)	1994	6507
PB1|PP755595.1|A/cattle/Texas/24-008749-003/2024(H5N1)	1995	6504
PB1|PP755595.1|A/cattle/Texas/24-008749-003/2024(H5N1)	1996	6611
PB1|PP755595.1|A/cattle/Texas/24-008749-003/2024(H5N1)	1997	6618
PB1|PP755595.1|A/cattle/Texas/24-008749-003/2024(H5N1)	1998	6621
PB1|PP755595.1|A/cattle/Texas/24-008749-003/2024(H5N1)	1999	6470
PB1|PP755595.1|A/cattle/Texas/24-008749-003/2024(H5N1)	2000	6448
PB1|PP755595.1|A/cattle/Texas/24-008749-003/2024(H5N1)	2001	5974
PB1|PP755595.1|A/cattle/Texas/24-008749-003/2024(H5N1)	2002	6079
PB1|PP755595.1|A/cattle/Texas/24-008749-003/2024(H5N1)	2003	6079
PB1|PP755595.1|A/cattle/Texas/24-008749-003/2024(H5N1)	2004	6079
PB1|PP755595.1|A/cattle/Texas/24-008749-003/2024(H5N1)	2005	6079
PB1|PP755595.1|A/cattle/Texas/24-008749-003/2024(H5N1)	2006	5979
PB1|PP755595.1|A/cattle/Texas/24-008749-003/2024(H5N1)	2007	5974
PB1|PP755595.1|A/cattle/Texas/24-008749-003/2024(H5N1)	2008	5974
PB1|PP755595.1|A/cattle/Texas/24-008749-003/2024(H5N1)	2009	5883
PB1|PP755595.1|A/cattle/Texas/24-008749-003/2024(H5N1)	2010	5866
PB1|PP755595.1|A/cattle/Texas/24-008749-003/2024(H5N1)	2011	5753
PB1|PP755595.1|A/cattle/Texas/24-008749-003/2024(H5N1)	2012	5753
PB1|PP755595.1|A/cattle/Texas/24-008749-003/2024(H5N1)	2013	5720
PB1|PP755595.1|A/cattle/Texas/24-008749-003/2024(H5N1)	2014	5591
PB1|PP755595.1|A/cattle/Texas/24-008749-003/2024(H5N1)	2015	5588
PB1|PP755595.1|A/cattle/Texas/24-008749-003/2024(H5N1)	2016	5582
PB1|PP755595.1|A/cattle/Texas/24-008749-003/2024(H5N1)	2017	5607
PB1|PP755595.1|A/cattle/Texas/24-008749-003/2024(H5N1)	2018	5609
PB1|PP755595.1|A/cattle/Texas/24-008749-003/2024(H5N1)	2019	5497
PB1|PP755595.1|A/cattle/Texas/24-008749-003/2024(H5N1)	2020	5562
PB1|PP755595.1|A/cattle/Texas/24-008749-003/2024(H5N1)	2021	5685
PB1|PP755595.1|A/cattle/Texas/24-008749-003/2024(H5N1)	2022	6012
PB1|PP755595.1|A/cattle/Texas/24-008749-003/2024(H5N1)	2023	6333
PB1|PP755595.1|A/cattle/Texas/24-008749-003/2024(H5N1)	2024	6195
PB1|PP755595.1|A/cattle/Texas/24-008749-003/2024(H5N1)	2025	6193
PB1|PP755595.1|A/cattle/Texas/24-008749-003/2024(H5N1)	2026	6231
PB1|PP755595.1|A/cattle/Texas/24-008749-003/2024(H5N1)	2027	6303
PB1|PP755595.1|A/cattle/Texas/24-008749-003/2024(H5N1)	2028	6310
PB1|PP755595.1|A/cattle/Texas/24-008749-003/2024(H5N1)	2029	6281
PB1|PP755595.1|A/cattle/Texas/24-008749-003/2024(H5N1)	2030	6070
PB1|PP755595.1|A/cattle/Texas/24-008749-003/2024(H5N1)	2031	5820
PB1|PP755595.1|A/cattle/Texas/24-008749-003/2024(H5N1)	2032	5873
PB1|PP755595.1|A/cattle/Texas/24-008749-003/2024(H5N1)	2033	5979
PB1|PP755595.1|A/cattle/Texas/24-008749-003/2024(H5N1)	2034	6185
PB1|PP755595.1|A/cattle/Texas/24-008749-003/2024(H5N1)	2035	9706
PB1|PP755595.1|A/cattle/Texas/24-008749-003/2024(H5N1)	2036	9710
PB1|PP755595.1|A/cattle/Texas/24-008749-003/2024(H5N1)	2037	9788
PB1|PP755595.1|A/cattle/Texas/24-008749-003/2024(H5N1)	2038	9796
PB1|PP755595.1|A/cattle/Texas/24-008749-003/2024(H5N1)	2039	9863
PB1|PP755595.1|A/cattle/Texas/24-008749-003/2024(H5N1)	2040	10013
PB1|PP755595.1|A/cattle/Texas/24-008749-003/2024(H5N1)	2041	9974
PB1|PP755595.1|A/cattle/Texas/24-008749-003/2024(H5N1)	2042	9911
PB1|PP755595.1|A/cattle/Texas/24-008749-003/2024(H5N1)	2043	9964
PB1|PP755595.1|A/cattle/Texas/24-008749-003/2024(H5N1)	2044	9990
PB1|PP755595.1|A/cattle/Texas/24-008749-003/2024(H5N1)	2045	10033
PB1|PP755595.1|A/cattle/Texas/24-008749-003/2024(H5N1)	2046	10016
PB1|PP755595.1|A/cattle/Texas/24-008749-003/2024(H5N1)	2047	9951
PB1|PP755595.1|A/cattle/Texas/24-008749-003/2024(H5N1)	2048	9872
PB1|PP755595.1|A/cattle/Texas/24-008749-003/2024(H5N1)	2049	9881
PB1|PP755595.1|A/cattle/Texas/24-008749-003/2024(H5N1)	2050	9884
PB1|PP755595.1|A/cattle/Texas/24-008749-003/2024(H5N1)	2051	9836
PB1|PP755595.1|A/cattle/Texas/24-008749-003/2024(H5N1)	2052	9739
PB1|PP755595.1|A/cattle/Texas/24-008749-003/2024(H5N1)	2053	9786
PB1|PP755595.1|A/cattle/Texas/24-008749-003/2024(H5N1)	2054	9783
PB1|PP755595.1|A/cattle/Texas/24-008749-003/2024(H5N1)	2055	9734
PB1|PP755595.1|A/cattle/Texas/24-008749-003/2024(H5N1)	2056	10251
PB1|PP755595.1|A/cattle/Texas/24-008749-003/2024(H5N1)	2057	10256
PB1|PP755595.1|A/cattle/Texas/24-008749-003/2024(H5N1)	2058	10256
PB1|PP755595.1|A/cattle/Texas/24-008749-003/2024(H5N1)	2059	10289
PB1|PP755595.1|A/cattle/Texas/24-008749-003/2024(H5N1)	2060	10209
PB1|PP755595.1|A/cattle/Texas/24-008749-003/2024(H5N1)	2061	10265
PB1|PP755595.1|A/cattle/Texas/24-008749-003/2024(H5N1)	2062	10298
PB1|PP755595.1|A/cattle/Texas/24-008749-003/2024(H5N1)	2063	10286
PB1|PP755595.1|A/cattle/Texas/24-008749-003/2024(H5N1)	2064	10285
PB1|PP755595.1|A/cattle/Texas/24-008749-003/2024(H5N1)	2065	10073
PB1|PP755595.1|A/cattle/Texas/24-008749-003/2024(H5N1)	2066	10045
PB1|PP755595.1|A/cattle/Texas/24-008749-003/2024(H5N1)	2067	10091
PB1|PP755595.1|A/cattle/Texas/24-008749-003/2024(H5N1)	2068	10047
PB1|PP755595.1|A/cattle/Texas/24-008749-003/2024(H5N1)	2069	10068
PB1|PP755595.1|A/cattle/Texas/24-008749-003/2024(H5N1)	2070	9994
PB1|PP755595.1|A/cattle/Texas/24-008749-003/2024(H5N1)	2071	9860
PB1|PP755595.1|A/cattle/Texas/24-008749-003/2024(H5N1)	2072	9863
PB1|PP755595.1|A/cattle/Texas/24-008749-003/2024(H5N1)	2073	9715
PB1|PP755595.1|A/cattle/Texas/24-008749-003/2024(H5N1)	2074	9935
PB1|PP755595.1|A/cattle/Texas/24-008749-003/2024(H5N1)	2075	9936
PB1|PP755595.1|A/cattle/Texas/24-008749-003/2024(H5N1)	2076	9690
PB1|PP755595.1|A/cattle/Texas/24-008749-003/2024(H5N1)	2077	9702
PB1|PP755595.1|A/cattle/Texas/24-008749-003/2024(H5N1)	2078	9711
PB1|PP755595.1|A/cattle/Texas/24-008749-003/2024(H5N1)	2079	9708
PB1|PP755595.1|A/cattle/Texas/24-008749-003/2024(H5N1)	2080	9704
PB1|PP755595.1|A/cattle/Texas/24-008749-003/2024(H5N1)	2081	9435
PB1|PP755595.1|A/cattle/Texas/24-008749-003/2024(H5N1)	2082	9469
PB1|PP755595.1|A/cattle/Texas/24-008749-003/2024(H5N1)	2083	9515
PB1|PP755595.1|A/cattle/Texas/24-008749-003/2024(H5N1)	2084	9606
PB1|PP755595.1|A/cattle/Texas/24-008749-003/2024(H5N1)	2085	9676
PB1|PP755595.1|A/cattle/Texas/24-008749-003/2024(H5N1)	2086	9683
PB1|PP755595.1|A/cattle/Texas/24-008749-003/2024(H5N1)	2087	9657
PB1|PP755595.1|A/cattle/Texas/24-008749-003/2024(H5N1)	2088	9274
PB1|PP755595.1|A/cattle/Texas/24-008749-003/2024(H5N1)	2089	9292
PB1|PP755595.1|A/cattle/Texas/24-008749-003/2024(H5N1)	2090	9290
PB1|PP755595.1|A/cattle/Texas/24-008749-003/2024(H5N1)	2091	9289
PB1|PP755595.1|A/cattle/Texas/24-008749-003/2024(H5N1)	2092	9537
PB1|PP755595.1|A/cattle/Texas/24-008749-003/2024(H5N1)	2093	9731
PB1|PP755595.1|A/cattle/Texas/24-008749-003/2024(H5N1)	2094	9745
PB1|PP755595.1|A/cattle/Texas/24-008749-003/2024(H5N1)	2095	9773
PB1|PP755595.1|A/cattle/Texas/24-008749-003/2024(H5N1)	2096	9888
PB1|PP755595.1|A/cattle/Texas/24-008749-003/2024(H5N1)	2097	9936
PB1|PP755595.1|A/cattle/Texas/24-008749-003/2024(H5N1)	2098	10065
PB1|PP755595.1|A/cattle/Texas/24-008749-003/2024(H5N1)	2099	10092
PB1|PP755595.1|A/cattle/Texas/24-008749-003/2024(H5N1)	2100	9978
PB1|PP755595.1|A/cattle/Texas/24-008749-003/2024(H5N1)	2101	9980
PB1|PP755595.1|A/cattle/Texas/24-008749-003/2024(H5N1)	2102	9935
PB1|PP755595.1|A/cattle/Texas/24-008749-003/2024(H5N1)	2103	9533
PB1|PP755595.1|A/cattle/Texas/24-008749-003/2024(H5N1)	2104	9534
PB1|PP755595.1|A/cattle/Texas/24-008749-003/2024(H5N1)	2105	9590
PB1|PP755595.1|A/cattle/Texas/24-008749-003/2024(H5N1)	2106	10222
PB1|PP755595.1|A/cattle/Texas/24-008749-003/2024(H5N1)	2107	10518
PB1|PP755595.1|A/cattle/Texas/24-008749-003/2024(H5N1)	2108	10522
PB1|PP755595.1|A/cattle/Texas/24-008749-003/2024(H5N1)	2109	10634
PB1|PP755595.1|A/cattle/Texas/24-008749-003/2024(H5N1)	2110	10799
PB1|PP755595.1|A/cattle/Texas/24-008749-003/2024(H5N1)	2111	10808
PB1|PP755595.1|A/cattle/Texas/24-008749-003/2024(H5N1)	2112	10911
PB1|PP755595.1|A/cattle/Texas/24-008749-003/2024(H5N1)	2113	10945
PB1|PP755595.1|A/cattle/Texas/24-008749-003/2024(H5N1)	2114	10903
PB1|PP755595.1|A/cattle/Texas/24-008749-003/2024(H5N1)	2115	10942
PB1|PP755595.1|A/cattle/Texas/24-008749-003/2024(H5N1)	2116	10632
PB1|PP755595.1|A/cattle/Texas/24-008749-003/2024(H5N1)	2117	10366
PB1|PP755595.1|A/cattle/Texas/24-008749-003/2024(H5N1)	2118	10483
PB1|PP755595.1|A/cattle/Texas/24-008749-003/2024(H5N1)	2119	10174
PB1|PP755595.1|A/cattle/Texas/24-008749-003/2024(H5N1)	2120	10166
PB1|PP755595.1|A/cattle/Texas/24-008749-003/2024(H5N1)	2121	9910
PB1|PP755595.1|A/cattle/Texas/24-008749-003/2024(H5N1)	2122	9971
PB1|PP755595.1|A/cattle/Texas/24-008749-003/2024(H5N1)	2123	9984
PB1|PP755595.1|A/cattle/Texas/24-008749-003/2024(H5N1)	2124	9985
PB1|PP755595.1|A/cattle/Texas/24-008749-003/2024(H5N1)	2125	10035
PB1|PP755595.1|A/cattle/Texas/24-008749-003/2024(H5N1)	2126	10103
PB1|PP755595.1|A/cattle/Texas/24-008749-003/2024(H5N1)	2127	10107
PB1|PP755595.1|A/cattle/Texas/24-008749-003/2024(H5N1)	2128	10117
PB1|PP755595.1|A/cattle/Texas/24-008749-003/2024(H5N1)	2129	10118
PB1|PP755595.1|A/cattle/Texas/24-008749-003/2024(H5N1)	2130	10185
PB1|PP755595.1|A/cattle/Texas/24-008749-003/2024(H5N1)	2131	10201
PB1|PP755595.1|A/cattle/Texas/24-008749-003/2024(H5N1)	2132	10183
PB1|PP755595.1|A/cattle/Texas/24-008749-003/2024(H5N1)	2133	10108
PB1|PP755595.1|A/cattle/Texas/24-008749-003/2024(H5N1)	2134	10381
PB1|PP755595.1|A/cattle/Texas/24-008749-003/2024(H5N1)	2135	10059
PB1|PP755595.1|A/cattle/Texas/24-008749-003/2024(H5N1)	2136	10060
PB1|PP755595.1|A/cattle/Texas/24-008749-003/2024(H5N1)	2137	10053
PB1|PP755595.1|A/cattle/Texas/24-008749-003/2024(H5N1)	2138	10095
PB1|PP755595.1|A/cattle/Texas/24-008749-003/2024(H5N1)	2139	10107
PB1|PP755595.1|A/cattle/Texas/24-008749-003/2024(H5N1)	2140	10496
PB1|PP755595.1|A/cattle/Texas/24-008749-003/2024(H5N1)	2141	10407
PB1|PP755595.1|A/cattle/Texas/24-008749-003/2024(H5N1)	2142	10431
PB1|PP755595.1|A/cattle/Texas/24-008749-003/2024(H5N1)	2143	10199
PB1|PP755595.1|A/cattle/Texas/24-008749-003/2024(H5N1)	2144	10198
PB1|PP755595.1|A/cattle/Texas/24-008749-003/2024(H5N1)	2145	10159
PB1|PP755595.1|A/cattle/Texas/24-008749-003/2024(H5N1)	2146	10188
PB1|PP755595.1|A/cattle/Texas/24-008749-003/2024(H5N1)	2147	10135
PB1|PP755595.1|A/cattle/Texas/24-008749-003/2024(H5N1)	2148	10148
PB1|PP755595.1|A/cattle/Texas/24-008749-003/2024(H5N1)	2149	10177
PB1|PP755595.1|A/cattle/Texas/24-008749-003/2024(H5N1)	2150	10159
PB1|PP755595.1|A/cattle/Texas/24-008749-003/2024(H5N1)	2151	10019
PB1|PP755595.1|A/cattle/Texas/24-008749-003/2024(H5N1)	2152	9355
PB1|PP755595.1|A/cattle/Texas/24-008749-003/2024(H5N1)	2153	9245
PB1|PP755595.1|A/cattle/Texas/24-008749-003/2024(H5N1)	2154	9312
PB1|PP755595.1|A/cattle/Texas/24-008749-003/2024(H5N1)	2155	9333
PB1|PP755595.1|A/cattle/Texas/24-008749-003/2024(H5N1)	2156	9207
PB1|PP755595.1|A/cattle/Texas/24-008749-003/2024(H5N1)	2157	9281
PB1|PP755595.1|A/cattle/Texas/24-008749-003/2024(H5N1)	2158	9158
PB1|PP755595.1|A/cattle/Texas/24-008749-003/2024(H5N1)	2159	9076
PB1|PP755595.1|A/cattle/Texas/24-008749-003/2024(H5N1)	2160	9078
PB1|PP755595.1|A/cattle/Texas/24-008749-003/2024(H5N1)	2161	9001
PB1|PP755595.1|A/cattle/Texas/24-008749-003/2024(H5N1)	2162	9000
PB1|PP755595.1|A/cattle/Texas/24-008749-003/2024(H5N1)	2163	9005
PB1|PP755595.1|A/cattle/Texas/24-008749-003/2024(H5N1)	2164	8967
PB1|PP755595.1|A/cattle/Texas/24-008749-003/2024(H5N1)	2165	8839
PB1|PP755595.1|A/cattle/Texas/24-008749-003/2024(H5N1)	2166	9664
PB1|PP755595.1|A/cattle/Texas/24-008749-003/2024(H5N1)	2167	9676
PB1|PP755595.1|A/cattle/Texas/24-008749-003/2024(H5N1)	2168	9679
PB1|PP755595.1|A/cattle/Texas/24-008749-003/2024(H5N1)	2169	10021
PB1|PP755595.1|A/cattle/Texas/24-008749-003/2024(H5N1)	2170	10030
PB1|PP755595.1|A/cattle/Texas/24-008749-003/2024(H5N1)	2171	10170
PB1|PP755595.1|A/cattle/Texas/24-008749-003/2024(H5N1)	2172	9823
PB1|PP755595.1|A/cattle/Texas/24-008749-003/2024(H5N1)	2173	9737
PB1|PP755595.1|A/cattle/Texas/24-008749-003/2024(H5N1)	2174	9474
PB1|PP755595.1|A/cattle/Texas/24-008749-003/2024(H5N1)	2175	9475
PB1|PP755595.1|A/cattle/Texas/24-008749-003/2024(H5N1)	2176	9435
PB1|PP755595.1|A/cattle/Texas/24-008749-003/2024(H5N1)	2177	9352
PB1|PP755595.1|A/cattle/Texas/24-008749-003/2024(H5N1)	2178	9339
PB1|PP755595.1|A/cattle/Texas/24-008749-003/2024(H5N1)	2179	9334
PB1|PP755595.1|A/cattle/Texas/24-008749-003/2024(H5N1)	2180	9310
PB1|PP755595.1|A/cattle/Texas/24-008749-003/2024(H5N1)	2181	9326
PB1|PP755595.1|A/cattle/Texas/24-008749-003/2024(H5N1)	2182	9317
PB1|PP755595.1|A/cattle/Texas/24-008749-003/2024(H5N1)	2183	9253
PB1|PP755595.1|A/cattle/Texas/24-008749-003/2024(H5N1)	2184	8940
PB1|PP755595.1|A/cattle/Texas/24-008749-003/2024(H5N1)	2185	8959
PB1|PP755595.1|A/cattle/Texas/24-008749-003/2024(H5N1)	2186	8955
PB1|PP755595.1|A/cattle/Texas/24-008749-003/2024(H5N1)	2187	8955
PB1|PP755595.1|A/cattle/Texas/24-008749-003/2024(H5N1)	2188	8880
PB1|PP755595.1|A/cattle/Texas/24-008749-003/2024(H5N1)	2189	8877
PB1|PP755595.1|A/cattle/Texas/24-008749-003/2024(H5N1)	2190	8700
PB1|PP755595.1|A/cattle/Texas/24-008749-003/2024(H5N1)	2191	8700
PB1|PP755595.1|A/cattle/Texas/24-008749-003/2024(H5N1)	2192	8735
PB1|PP755595.1|A/cattle/Texas/24-008749-003/2024(H5N1)	2193	8719
PB1|PP755595.1|A/cattle/Texas/24-008749-003/2024(H5N1)	2194	8620
PB1|PP755595.1|A/cattle/Texas/24-008749-003/2024(H5N1)	2195	8550
PB1|PP755595.1|A/cattle/Texas/24-008749-003/2024(H5N1)	2196	8513
PB1|PP755595.1|A/cattle/Texas/24-008749-003/2024(H5N1)	2197	8516
PB1|PP755595.1|A/cattle/Texas/24-008749-003/2024(H5N1)	2198	8514
PB1|PP755595.1|A/cattle/Texas/24-008749-003/2024(H5N1)	2199	8510
PB1|PP755595.1|A/cattle/Texas/24-008749-003/2024(H5N1)	2200	8418
PB1|PP755595.1|A/cattle/Texas/24-008749-003/2024(H5N1)	2201	8263
PB1|PP755595.1|A/cattle/Texas/24-008749-003/2024(H5N1)	2202	8213
PB1|PP755595.1|A/cattle/Texas/24-008749-003/2024(H5N1)	2203	8179
PB1|PP755595.1|A/cattle/Texas/24-008749-003/2024(H5N1)	2204	8115
PB1|PP755595.1|A/cattle/Texas/24-008749-003/2024(H5N1)	2205	8104
PB1|PP755595.1|A/cattle/Texas/24-008749-003/2024(H5N1)	2206	8092
PB1|PP755595.1|A/cattle/Texas/24-008749-003/2024(H5N1)	2207	7910
PB1|PP755595.1|A/cattle/Texas/24-008749-003/2024(H5N1)	2208	7904
PB1|PP755595.1|A/cattle/Texas/24-008749-003/2024(H5N1)	2209	7918
PB1|PP755595.1|A/cattle/Texas/24-008749-003/2024(H5N1)	2210	7922
PB1|PP755595.1|A/cattle/Texas/24-008749-003/2024(H5N1)	2211	7848
PB1|PP755595.1|A/cattle/Texas/24-008749-003/2024(H5N1)	2212	7771
PB1|PP755595.1|A/cattle/Texas/24-008749-003/2024(H5N1)	2213	7762
PB1|PP755595.1|A/cattle/Texas/24-008749-003/2024(H5N1)	2214	7755
PB1|PP755595.1|A/cattle/Texas/24-008749-003/2024(H5N1)	2215	7789
PB1|PP755595.1|A/cattle/Texas/24-008749-003/2024(H5N1)	2216	7760
PB1|PP755595.1|A/cattle/Texas/24-008749-003/2024(H5N1)	2217	7741
PB1|PP755595.1|A/cattle/Texas/24-008749-003/2024(H5N1)	2218	7652
PB1|PP755595.1|A/cattle/Texas/24-008749-003/2024(H5N1)	2219	7638
PB1|PP755595.1|A/cattle/Texas/24-008749-003/2024(H5N1)	2220	7608
PB1|PP755595.1|A/cattle/Texas/24-008749-003/2024(H5N1)	2221	7600
PB1|PP755595.1|A/cattle/Texas/24-008749-003/2024(H5N1)	2222	7554
PB1|PP755595.1|A/cattle/Texas/24-008749-003/2024(H5N1)	2223	7546
PB1|PP755595.1|A/cattle/Texas/24-008749-003/2024(H5N1)	2224	7542
PB1|PP755595.1|A/cattle/Texas/24-008749-003/2024(H5N1)	2225	7275
PB1|PP755595.1|A/cattle/Texas/24-008749-003/2024(H5N1)	2226	7266
PB1|PP755595.1|A/cattle/Texas/24-008749-003/2024(H5N1)	2227	7258
PB1|PP755595.1|A/cattle/Texas/24-008749-003/2024(H5N1)	2228	7246
PB1|PP755595.1|A/cattle/Texas/24-008749-003/2024(H5N1)	2229	7244
PB1|PP755595.1|A/cattle/Texas/24-008749-003/2024(H5N1)	2230	7223
PB1|PP755595.1|A/cattle/Texas/24-008749-003/2024(H5N1)	2231	7214
PB1|PP755595.1|A/cattle/Texas/24-008749-003/2024(H5N1)	2232	7162
PB1|PP755595.1|A/cattle/Texas/24-008749-003/2024(H5N1)	2233	7159
PB1|PP755595.1|A/cattle/Texas/24-008749-003/2024(H5N1)	2234	7122
PB1|PP755595.1|A/cattle/Texas/24-008749-003/2024(H5N1)	2235	7039
PB1|PP755595.1|A/cattle/Texas/24-008749-003/2024(H5N1)	2236	6948
PB1|PP755595.1|A/cattle/Texas/24-008749-003/2024(H5N1)	2237	6941
PB1|PP755595.1|A/cattle/Texas/24-008749-003/2024(H5N1)	2238	6891
PB1|PP755595.1|A/cattle/Texas/24-008749-003/2024(H5N1)	2239	6677
PB1|PP755595.1|A/cattle/Texas/24-008749-003/2024(H5N1)	2240	6689
PB1|PP755595.1|A/cattle/Texas/24-008749-003/2024(H5N1)	2241	6684
PB1|PP755595.1|A/cattle/Texas/24-008749-003/2024(H5N1)	2242	6680
PB1|PP755595.1|A/cattle/Texas/24-008749-003/2024(H5N1)	2243	6672
PB1|PP755595.1|A/cattle/Texas/24-008749-003/2024(H5N1)	2244	6442
PB1|PP755595.1|A/cattle/Texas/24-008749-003/2024(H5N1)	2245	6434
PB1|PP755595.1|A/cattle/Texas/24-008749-003/2024(H5N1)	2246	6449
PB1|PP755595.1|A/cattle/Texas/24-008749-003/2024(H5N1)	2247	6298
PB1|PP755595.1|A/cattle/Texas/24-008749-003/2024(H5N1)	2248	6259
PB1|PP755595.1|A/cattle/Texas/24-008749-003/2024(H5N1)	2249	6099
PB1|PP755595.1|A/cattle/Texas/24-008749-003/2024(H5N1)	2250	6067
PB1|PP755595.1|A/cattle/Texas/24-008749-003/2024(H5N1)	2251	6004
PB1|PP755595.1|A/cattle/Texas/24-008749-003/2024(H5N1)	2252	5994
PB1|PP755595.1|A/cattle/Texas/24-008749-003/2024(H5N1)	2253	5982
PB1|PP755595.1|A/cattle/Texas/24-008749-003/2024(H5N1)	2254	5951
PB1|PP755595.1|A/cattle/Texas/24-008749-003/2024(H5N1)	2255	5199
PB1|PP755595.1|A/cattle/Texas/24-008749-003/2024(H5N1)	2256	5173
PB1|PP755595.1|A/cattle/Texas/24-008749-003/2024(H5N1)	2257	4958
PB1|PP755595.1|A/cattle/Texas/24-008749-003/2024(H5N1)	2258	4909
PB1|PP755595.1|A/cattle/Texas/24-008749-003/2024(H5N1)	2259	4907
PB1|PP755595.1|A/cattle/Texas/24-008749-003/2024(H5N1)	2260	4823
PB1|PP755595.1|A/cattle/Texas/24-008749-003/2024(H5N1)	2261	4708
PB1|PP755595.1|A/cattle/Texas/24-008749-003/2024(H5N1)	2262	4701
PB1|PP755595.1|A/cattle/Texas/24-008749-003/2024(H5N1)	2263	4606
PB1|PP755595.1|A/cattle/Texas/24-008749-003/2024(H5N1)	2264	4571
PB1|PP755595.1|A/cattle/Texas/24-008749-003/2024(H5N1)	2265	4374
PB1|PP755595.1|A/cattle/Texas/24-008749-003/2024(H5N1)	2266	4326
PB1|PP755595.1|A/cattle/Texas/24-008749-003/2024(H5N1)	2267	4325
PB1|PP755595.1|A/cattle/Texas/24-008749-003/2024(H5N1)	2268	4279
PB1|PP755595.1|A/cattle/Texas/24-008749-003/2024(H5N1)	2269	4279
PB1|PP755595.1|A/cattle/Texas/24-008749-003/2024(H5N1)	2270	4275
PB1|PP755595.1|A/cattle/Texas/24-008749-003/2024(H5N1)	2271	4270
PB1|PP755595.1|A/cattle/Texas/24-008749-003/2024(H5N1)	2272	4260
PB1|PP755595.1|A/cattle/Texas/24-008749-003/2024(H5N1)	2273	4184
PB1|PP755595.1|A/cattle/Texas/24-008749-003/2024(H5N1)	2274	4172
