NP|PP755592.1|A/cattle/Texas/24-008749-003/2024(H5N1)	1	10209
NP|PP755592.1|A/cattle/Texas/24-008749-003/2024(H5N1)	2	10242
NP|PP755592.1|A/cattle/Texas/24-008749-003/2024(H5N1)	3	10273
NP|PP755592.1|A/cattle/Texas/24-008749-003/2024(H5N1)	4	10319
NP|PP755592.1|A/cattle/Texas/24-008749-003/2024(H5N1)	5	10357
NP|PP755592.1|A/cattle/Texas/24-008749-003/2024(H5N1)	6	10422
NP|PP755592.1|A/cattle/Texas/24-008749-003/2024(H5N1)	7	10746
NP|PP755592.1|A/cattle/Texas/24-008749-003/2024(H5N1)	8	10825
NP|PP755592.1|A/cattle/Texas/24-008749-003/2024(H5N1)	9	10847
NP|PP755592.1|A/cattle/Texas/24-008749-003/2024(H5N1)	10	10861
NP|PP755592.1|A/cattle/Texas/24-008749-003/2024(H5N1)	11	10931
NP|PP755592.1|A/cattle/Texas/24-008749-003/2024(H5N1)	12	10939
NP|PP755592.1|A/cattle/Texas/24-008749-003/2024(H5N1)	13	11023
NP|PP755592.1|A/cattle/Texas/24-008749-003/2024(H5N1)	14	11496
NP|PP755592.1|A/cattle/Texas/24-008749-003/2024(H5N1)	15	11517
NP|PP755592.1|A/cattle/Texas/24-008749-003/2024(H5N1)	16	11648
NP|PP755592.1|A/cattle/Texas/24-008749-003/2024(H5N1)	17	11733
NP|PP755592.1|A/cattle/Texas/24-008749-003/2024(H5N1)	18	11752
NP|PP755592.1|A/cattle/Texas/24-008749-003/2024(H5N1)	19	11972
NP|PP755592.1|A/cattle/Texas/24-008749-003/2024(H5N1)	20	11977
NP|PP755592.1|A/cattle/Texas/24-008749-003/2024(H5N1)	21	11999
NP|PP755592.1|A/cattle/Texas/24-008749-003/2024(H5N1)	22	12053
NP|PP755592.1|A/cattle/Texas/24-008749-003/2024(H5N1)	23	12056
NP|PP755592.1|A/cattle/Texas/24-008749-003/2024(H5N1)	24	12149
NP|PP755592.1|A/cattle/Texas/24-008749-003/2024(H5N1)	25	12150
NP|PP755592.1|A/cattle/Texas/24-008749-003/2024(H5N1)	26	12677
NP|PP755592.1|A/cattle/Texas/24-008749-003/2024(H5N1)	27	12993
NP|PP755592.1|A/cattle/Texas/24-008749-003/2024(H5N1)	28	13002
NP|PP755592.1|A/cattle/Texas/24-008749-003/2024(H5N1)	29	13015
NP|PP755592.1|A/cattle/Texas/24-008749-003/2024(H5N1)	30	13022
NP|PP755592.1|A/cattle/Texas/24-008749-003/2024(H5N1)	31	13085
NP|PP755592.1|A/cattle/Texas/24-008749-003/2024(H5N1)	32	13131
NP|PP755592.1|A/cattle/Texas/24-008749-003/2024(H5N1)	33	13133
NP|PP755592.1|A/cattle/Texas/24-008749-003/2024(H5N1)	34	13145
NP|PP755592.1|A/cattle/Texas/24-008749-003/2024(H5N1)	35	13267
NP|PP755592.1|A/cattle/Texas/24-008749-003/2024(H5N1)	36	13530
NP|PP755592.1|A/cattle/Texas/24-008749-003/2024(H5N1)	37	13626
NP|PP755592.1|A/cattle/Texas/24-008749-003/2024(H5N1)	38	13667
NP|PP755592.1|A/cattle/Texas/24-008749-003/2024(H5N1)	39	13699
NP|PP755592.1|A/cattle/Texas/24-008749-003/2024(H5N1)	40	13708
NP|PP755592.1|A/cattle/Texas/24-008749-003/2024(H5N1)	41	13742
NP|PP755592.1|A/cattle/Texas/24-008749-003/2024(H5N1)	42	13896
NP|PP755592.1|A/cattle/Texas/24-008749-003/2024(H5N1)	43	14157
NP|PP755592.1|A/cattle/Texas/24-008749-003/2024(H5N1)	44	14439
NP|PP755592.1|A/cattle/Texas/24-008749-003/2024(H5N1)	45	14464
NP|PP755592.1|A/cattle/Texas/24-008749-003/2024(H5N1)	46	14568
NP|PP755592.1|A/cattle/Texas/24-008749-003/2024(H5N1)	47	14618
NP|PP755592.1|A/cattle/Texas/24-008749-003/2024(H5N1)	48	14640
NP|PP755592.1|A/cattle/Texas/24-008749-003/2024(H5N1)	49	14651
NP|PP755592.1|A/cattle/Texas/24-008749-003/2024(H5N1)	50	14718
NP|PP755592.1|A/cattle/Texas/24-008749-003/2024(H5N1)	51	14732
NP|PP755592.1|A/cattle/Texas/24-008749-003/2024(H5N1)	52	14766
NP|PP755592.1|A/cattle/Texas/24-008749-003/2024(H5N1)	53	14869
NP|PP755592.1|A/cattle/Texas/24-008749-003/2024(H5N1)	54	14902
NP|PP755592.1|A/cattle/Texas/24-008749-003/2024(H5N1)	55	15137
NP|PP755592.1|A/cattle/Texas/24-008749-003/2024(H5N1)	56	15142
NP|PP755592.1|A/cattle/Texas/24-008749-003/2024(H5N1)	57	15317
NP|PP755592.1|A/cattle/Texas/24-008749-003/2024(H5N1)	58	15314
NP|PP755592.1|A/cattle/Texas/24-008749-003/2024(H5N1)	59	15333
NP|PP755592.1|A/cattle/Texas/24-008749-003/2024(H5N1)	60	15388
NP|PP755592.1|A/cattle/Texas/24-008749-003/2024(H5N1)	61	15481
NP|PP755592.1|A/cattle/Texas/24-008749-003/2024(H5N1)	62	15548
NP|PP755592.1|A/cattle/Texas/24-008749-003/2024(H5N1)	63	15543
NP|PP755592.1|A/cattle/Texas/24-008749-003/2024(H5N1)	64	15509
NP|PP755592.1|A/cattle/Texas/24-008749-003/2024(H5N1)	65	15566
NP|PP755592.1|A/cattle/Texas/24-008749-003/2024(H5N1)	66	15563
NP|PP755592.1|A/cattle/Texas/24-008749-003/2024(H5N1)	67	15880
NP|PP755592.1|A/cattle/Texas/24-008749-003/2024(H5N1)	68	15888
NP|PP755592.1|A/cattle/Texas/24-008749-003/2024(H5N1)	69	15960
NP|PP755592.1|A/cattle/Texas/24-008749-003/2024(H5N1)	70	15986
NP|PP755592.1|A/cattle/Texas/24-008749-003/2024(H5N1)	71	15992
NP|PP755592.1|A/cattle/Texas/24-008749-003/2024(H5N1)	72	16260
NP|PP755592.1|A/cattle/Texas/24-008749-003/2024(H5N1)	73	16262
NP|PP755592.1|A/cattle/Texas/24-008749-003/2024(H5N1)	74	16270
NP|PP755592.1|A/cattle/Texas/24-008749-003/2024(H5N1)	75	16284
NP|PP755592.1|A/cattle/Texas/24-008749-003/2024(H5N1)	76	16211
NP|PP755592.1|A/cattle/Texas/24-008749-003/2024(H5N1)	77	16321
NP|PP755592.1|A/cattle/Texas/24-008749-003/2024(H5N1)	78	16484
NP|PP755592.1|A/cattle/Texas/24-008749-003/2024(H5N1)	79	16497
NP|PP755592.1|A/cattle/Texas/24-008749-003/2024(H5N1)	80	16650
NP|PP755592.1|A/cattle/Texas/24-008749-003/2024(H5N1)	81	16667
NP|PP755592.1|A/cattle/Texas/24-008749-003/2024(H5N1)	82	16821
NP|PP755592.1|A/cattle/Texas/24-008749-003/2024(H5N1)	83	17012
NP|PP755592.1|A/cattle/Texas/24-008749-003/2024(H5N1)	84	17032
NP|PP755592.1|A/cattle/Texas/24-008749-003/2024(H5N1)	85	17119
NP|PP755592.1|A/cattle/Texas/24-008749-003/2024(H5N1)	86	15474
NP|PP755592.1|A/cattle/Texas/24-008749-003/2024(H5N1)	87	15480
NP|PP755592.1|A/cattle/Texas/24-008749-003/2024(H5N1)	88	15485
NP|PP755592.1|A/cattle/Texas/24-008749-003/2024(H5N1)	89	15558
NP|PP755592.1|A/cattle/Texas/24-008749-003/2024(H5N1)	90	15675
NP|PP755592.1|A/cattle/Texas/24-008749-003/2024(H5N1)	91	15645
NP|PP755592.1|A/cattle/Texas/24-008749-003/2024(H5N1)	92	15668
NP|PP755592.1|A/cattle/Texas/24-008749-003/2024(H5N1)	93	15725
NP|PP755592.1|A/cattle/Texas/24-008749-003/2024(H5N1)	94	15746
NP|PP755592.1|A/cattle/Texas/24-008749-003/2024(H5N1)	95	15736
NP|PP755592.1|A/cattle/Texas/24-008749-003/2024(H5N1)	96	15759
NP|PP755592.1|A/cattle/Texas/24-008749-003/2024(H5N1)	97	15760
NP|PP755592.1|A/cattle/Texas/24-008749-003/2024(H5N1)	98	15745
NP|PP755592.1|A/cattle/Texas/24-008749-003/2024(H5N1)	99	15919
NP|PP755592.1|A/cattle/Texas/24-008749-003/2024(H5N1)	100	15924
NP|PP755592.1|A/cattle/Texas/24-008749-003/2024(H5N1)	101	15921
NP|PP755592.1|A/cattle/Texas/24-008749-003/2024(H5N1)	102	15953
NP|PP755592.1|A/cattle/Texas/24-008749-003/2024(H5N1)	103	15952
NP|PP755592.1|A/cattle/Texas/24-008749-003/2024(H5N1)	104	15962
NP|PP755592.1|A/cattle/Texas/24-008749-003/2024(H5N1)	105	16350
NP|PP755592.1|A/cattle/Texas/24-008749-003/2024(H5N1)	106	14922
NP|PP755592.1|A/cattle/Texas/24-008749-003/2024(H5N1)	107	14409
NP|PP755592.1|A/cattle/Texas/24-008749-003/2024(H5N1)	108	13815
NP|PP755592.1|A/cattle/Texas/24-008749-003/2024(H5N1)	109	13825
NP|PP755592.1|A/cattle/Texas/24-008749-003/2024(H5N1)	110	14373
NP|PP755592.1|A/cattle/Texas/24-008749-003/2024(H5N1)	111	14366
NP|PP755592.1|A/cattle/Texas/24-008749-003/2024(H5N1)	112	14414
NP|PP755592.1|A/cattle/Texas/24-008749-003/2024(H5N1)	113	14401
NP|PP755592.1|A/cattle/Texas/24-008749-003/2024(H5N1)	114	14599
NP|PP755592.1|A/cattle/Texas/24-008749-003/2024(H5N1)	115	14637
NP|PP755592.1|A/cattle/Texas/24-008749-003/2024(H5N1)	116	14810
NP|PP755592.1|A/cattle/Texas/24-008749-003/2024(H5N1)	117	13828
NP|PP755592.1|A/cattle/Texas/24-008749-003/2024(H5N1)	118	13829
NP|PP755592.1|A/cattle/Texas/24-008749-003/2024(H5N1)	119	14543
NP|PP755592.1|A/cattle/Texas/24-008749-003/2024(H5N1)	120	14576
NP|PP755592.1|A/cattle/Texas/24-008749-003/2024(H5N1)	121	14892
NP|PP755592.1|A/cattle/Texas/24-008749-003/2024(H5N1)	122	14565
NP|PP755592.1|A/cattle/Texas/24-008749-003/2024(H5N1)	123	14470
NP|PP755592.1|A/cattle/Texas/24-008749-003/2024(H5N1)	124	14516
NP|PP755592.1|A/cattle/Texas/24-008749-003/2024(H5N1)	125	14420
NP|PP755592.1|A/cattle/Texas/24-008749-003/2024(H5N1)	126	15004
NP|PP755592.1|A/cattle/Texas/24-008749-003/2024(H5N1)	127	15180
NP|PP755592.1|A/cattle/Texas/24-008749-003/2024(H5N1)	128	14935
NP|PP755592.1|A/cattle/Texas/24-008749-003/2024(H5N1)	129	14940
NP|PP755592.1|A/cattle/Texas/24-008749-003/2024(H5N1)	130	14705
NP|PP755592.1|A/cattle/Texas/24-008749-003/2024(H5N1)	131	14848
NP|PP755592.1|A/cattle/Texas/24-008749-003/2024(H5N1)	132	14805
NP|PP755592.1|A/cattle/Texas/24-008749-003/2024(H5N1)	133	14821
NP|PP755592.1|A/cattle/Texas/24-008749-003/2024(H5N1)	134	14406
NP|PP755592.1|A/cattle/Texas/24-008749-003/2024(H5N1)	135	13778
NP|PP755592.1|A/cattle/Texas/24-008749-003/2024(H5N1)	136	13995
NP|PP755592.1|A/cattle/Texas/24-008749-003/2024(H5N1)	137	13968
NP|PP755592.1|A/cattle/Texas/24-008749-003/2024(H5N1)	138	14083
NP|PP755592.1|A/cattle/Texas/24-008749-003/2024(H5N1)	139	14172
NP|PP755592.1|A/cattle/Texas/24-008749-003/2024(H5N1)	140	14090
NP|PP755592.1|A/cattle/Texas/24-008749-003/2024(H5N1)	141	13784
NP|PP755592.1|A/cattle/Texas/24-008749-003/2024(H5N1)	142	13781
NP|PP755592.1|A/cattle/Texas/24-008749-003/2024(H5N1)	143	13716
NP|PP755592.1|A/cattle/Texas/24-008749-003/2024(H5N1)	144	14001
NP|PP755592.1|A/cattle/Texas/24-008749-003/2024(H5N1)	145	13942
NP|PP755592.1|A/cattle/Texas/24-008749-003/2024(H5N1)	146	14004
NP|PP755592.1|A/cattle/Texas/24-008749-003/2024(H5N1)	147	13707
NP|PP755592.1|A/cattle/Texas/24-008749-003/2024(H5N1)	148	13526
NP|PP755592.1|A/cattle/Texas/24-008749-003/2024(H5N1)	149	13583
NP|PP755592.1|A/cattle/Texas/24-008749-003/2024(H5N1)	150	13550
NP|PP755592.1|A/cattle/Texas/24-008749-003/2024(H5N1)	151	13544
NP|PP755592.1|A/cattle/Texas/24-008749-003/2024(H5N1)	152	13518
NP|PP755592.1|A/cattle/Texas/24-008749-003/2024(H5N1)	153	13204
NP|PP755592.1|A/cattle/Texas/24-008749-003/2024(H5N1)	154	13190
NP|PP755592.1|A/cattle/Texas/24-008749-003/2024(H5N1)	155	14149
NP|PP755592.1|A/cattle/Texas/24-008749-003/2024(H5N1)	156	14178
NP|PP755592.1|A/cattle/Texas/24-008749-003/2024(H5N1)	157	14190
NP|PP755592.1|A/cattle/Texas/24-008749-003/2024(H5N1)	158	14378
NP|PP755592.1|A/cattle/Texas/24-008749-003/2024(H5N1)	159	14339
NP|PP755592.1|A/cattle/Texas/24-008749-003/2024(H5N1)	160	14361
NP|PP755592.1|A/cattle/Texas/24-008749-003/2024(H5N1)	161	14360
NP|PP755592.1|A/cattle/Texas/24-008749-003/2024(H5N1)	162	14292
NP|PP755592.1|A/cattle/Texas/24-008749-003/2024(H5N1)	163	14171
NP|PP755592.1|A/cattle/Texas/24-008749-003/2024(H5N1)	164	14160
NP|PP755592.1|A/cattle/Texas/24-008749-003/2024(H5N1)	165	13943
NP|PP755592.1|A/cattle/Texas/24-008749-003/2024(H5N1)	166	13870
NP|PP755592.1|A/cattle/Texas/24-008749-003/2024(H5N1)	167	13812
NP|PP755592.1|A/cattle/Texas/24-008749-003/2024(H5N1)	168	13887
NP|PP755592.1|A/cattle/Texas/24-008749-003/2024(H5N1)	169	14456
NP|PP755592.1|A/cattle/Texas/24-008749-003/2024(H5N1)	170	14340
NP|PP755592.1|A/cattle/Texas/24-008749-003/2024(H5N1)	171	14345
NP|PP755592.1|A/cattle/Texas/24-008749-003/2024(H5N1)	172	14381
NP|PP755592.1|A/cattle/Texas/24-008749-003/2024(H5N1)	173	14323
NP|PP755592.1|A/cattle/Texas/24-008749-003/2024(H5N1)	174	14384
NP|PP755592.1|A/cattle/Texas/24-008749-003/2024(H5N1)	175	14327
NP|PP755592.1|A/cattle/Texas/24-008749-003/2024(H5N1)	176	14317
NP|PP755592.1|A/cattle/Texas/24-008749-003/2024(H5N1)	177	14229
NP|PP755592.1|A/cattle/Texas/24-008749-003/2024(H5N1)	178	13872
NP|PP755592.1|A/cattle/Texas/24-008749-003/2024(H5N1)	179	14041
NP|PP755592.1|A/cattle/Texas/24-008749-003/2024(H5N1)	180	14396
NP|PP755592.1|A/cattle/Texas/24-008749-003/2024(H5N1)	181	14392
NP|PP755592.1|A/cattle/Texas/24-008749-003/2024(H5N1)	182	14385
NP|PP755592.1|A/cattle/Texas/24-008749-003/2024(H5N1)	183	14385
NP|PP755592.1|A/cattle/Texas/24-008749-003/2024(H5N1)	184	14542
NP|PP755592.1|A/cattle/Texas/24-008749-003/2024(H5N1)	185	14837
NP|PP755592.1|A/cattle/Texas/24-008749-003/2024(H5N1)	186	14868
NP|PP755592.1|A/cattle/Texas/24-008749-003/2024(H5N1)	187	14880
NP|PP755592.1|A/cattle/Texas/24-008749-003/2024(H5N1)	188	14830
NP|PP755592.1|A/cattle/Texas/24-008749-003/2024(H5N1)	189	14829
NP|PP755592.1|A/cattle/Texas/24-008749-003/2024(H5N1)	190	14821
NP|PP755592.1|A/cattle/Texas/24-008749-003/2024(H5N1)	191	14858
NP|PP755592.1|A/cattle/Texas/24-008749-003/2024(H5N1)	192	14875
NP|PP755592.1|A/cattle/Texas/24-008749-003/2024(H5N1)	193	14708
NP|PP755592.1|A/cattle/Texas/24-008749-003/2024(H5N1)	194	14608
NP|PP755592.1|A/cattle/Texas/24-008749-003/2024(H5N1)	195	14672
NP|PP755592.1|A/cattle/Texas/24-008749-003/2024(H5N1)	196	14681
NP|PP755592.1|A/cattle/Texas/24-008749-003/2024(H5N1)	197	14573
NP|PP755592.1|A/cattle/Texas/24-008749-003/2024(H5N1)	198	14620
NP|PP755592.1|A/cattle/Texas/24-008749-003/2024(H5N1)	199	14822
NP|PP755592.1|A/cattle/Texas/24-008749-003/2024(H5N1)	200	14788
NP|PP755592.1|A/cattle/Texas/24-008749-003/2024(H5N1)	201	14804
NP|PP755592.1|A/cattle/Texas/24-008749-003/2024(H5N1)	202	14800
NP|PP755592.1|A/cattle/Texas/24-008749-003/2024(H5N1)	203	14831
NP|PP755592.1|A/cattle/Texas/24-008749-003/2024(H5N1)	204	14666
NP|PP755592.1|A/cattle/Texas/24-008749-003/2024(H5N1)	205	14645
NP|PP755592.1|A/cattle/Texas/24-008749-003/2024(H5N1)	206	14654
NP|PP755592.1|A/cattle/Texas/24-008749-003/2024(H5N1)	207	14581
NP|PP755592.1|A/cattle/Texas/24-008749-003/2024(H5N1)	208	14629
NP|PP755592.1|A/cattle/Texas/24-008749-003/2024(H5N1)	209	14705
NP|PP755592.1|A/cattle/Texas/24-008749-003/2024(H5N1)	210	14645
NP|PP755592.1|A/cattle/Texas/24-008749-003/2024(H5N1)	211	14710
NP|PP755592.1|A/cattle/Texas/24-008749-003/2024(H5N1)	212	14703
NP|PP755592.1|A/cattle/Texas/24-008749-003/2024(H5N1)	213	14666
NP|PP755592.1|A/cattle/Texas/24-008749-003/2024(H5N1)	214	14757
NP|PP755592.1|A/cattle/Texas/24-008749-003/2024(H5N1)	215	14741
NP|PP755592.1|A/cattle/Texas/24-008749-003/2024(H5N1)	216	14692
NP|PP755592.1|A/cattle/Texas/24-008749-003/2024(H5N1)	217	14664
NP|PP755592.1|A/cattle/Texas/24-008749-003/2024(H5N1)	218	14335
NP|PP755592.1|A/cattle/Texas/24-008749-003/2024(H5N1)	219	14632
NP|PP755592.1|A/cattle/Texas/24-008749-003/2024(H5N1)	220	14554
NP|PP755592.1|A/cattle/Texas/24-008749-003/2024(H5N1)	221	14677
NP|PP755592.1|A/cattle/Texas/24-008749-003/2024(H5N1)	222	14762
NP|PP755592.1|A/cattle/Texas/24-008749-003/2024(H5N1)	223	14560
NP|PP755592.1|A/cattle/Texas/24-008749-003/2024(H5N1)	224	14607
NP|PP755592.1|A/cattle/Texas/24-008749-003/2024(H5N1)	225	14914
NP|PP755592.1|A/cattle/Texas/24-008749-003/2024(H5N1)	226	14996
NP|PP755592.1|A/cattle/Texas/24-008749-003/2024(H5N1)	227	15070
NP|PP755592.1|A/cattle/Texas/24-008749-003/2024(H5N1)	228	14860
NP|PP755592.1|A/cattle/Texas/24-008749-003/2024(H5N1)	229	14921
NP|PP755592.1|A/cattle/Texas/24-008749-003/2024(H5N1)	230	14895
NP|PP755592.1|A/cattle/Texas/24-008749-003/2024(H5N1)	231	14981
NP|PP755592.1|A/cattle/Texas/24-008749-003/2024(H5N1)	232	14851
NP|PP755592.1|A/cattle/Texas/24-008749-003/2024(H5N1)	233	14796
NP|PP755592.1|A/cattle/Texas/24-008749-003/2024(H5N1)	234	14612
NP|PP755592.1|A/cattle/Texas/24-008749-003/2024(H5N1)	235	14543
NP|PP755592.1|A/cattle/Texas/24-008749-003/2024(H5N1)	236	14526
NP|PP755592.1|A/cattle/Texas/24-008749-003/2024(H5N1)	237	14503
NP|PP755592.1|A/cattle/Texas/24-008749-003/2024(H5N1)	238	14533
NP|PP755592.1|A/cattle/Texas/24-008749-003/2024(H5N1)	239	15076
NP|PP755592.1|A/cattle/Texas/24-008749-003/2024(H5N1)	240	14897
NP|PP755592.1|A/cattle/Texas/24-008749-003/2024(H5N1)	241	15073
NP|PP755592.1|A/cattle/Texas/24-008749-003/2024(H5N1)	242	15109
NP|PP755592.1|A/cattle/Texas/24-008749-003/2024(H5N1)	243	15147
NP|PP755592.1|A/cattle/Texas/24-008749-003/2024(H5N1)	244	15218
NP|PP755592.1|A/cattle/Texas/24-008749-003/2024(H5N1)	245	15197
NP|PP755592.1|A/cattle/Texas/24-008749-003/2024(H5N1)	246	15715
NP|PP755592.1|A/cattle/Texas/24-008749-003/2024(H5N1)	247	15943
NP|PP755592.1|A/cattle/Texas/24-008749-003/2024(H5N1)	248	15947
NP|PP755592.1|A/cattle/Texas/24-008749-003/2024(H5N1)	249	15945
NP|PP755592.1|A/cattle/Texas/24-008749-003/2024(H5N1)	250	15754
NP|PP755592.1|A/cattle/Texas/24-008749-003/2024(H5N1)	251	16426
NP|PP755592.1|A/cattle/Texas/24-008749-003/2024(H5N1)	252	16508
NP|PP755592.1|A/cattle/Texas/24-008749-003/2024(H5N1)	253	16750
NP|PP755592.1|A/cattle/Texas/24-008749-003/2024(H5N1)	254	16772
NP|PP755592.1|A/cattle/Texas/24-008749-003/2024(H5N1)	255	16273
NP|PP755592.1|A/cattle/Texas/24-008749-003/2024(H5N1)	256	16344
NP|PP755592.1|A/cattle/Texas/24-008749-003/2024(H5N1)	257	16344
NP|PP755592.1|A/cattle/Texas/24-008749-003/2024(H5N1)	258	16409
NP|PP755592.1|A/cattle/Texas/24-008749-003/2024(H5N1)	259	16427
NP|PP755592.1|A/cattle/Texas/24-008749-003/2024(H5N1)	260	15772
NP|PP755592.1|A/cattle/Texas/24-008749-003/2024(H5N1)	261	15787
NP|PP755592.1|A/cattle/Texas/24-008749-003/2024(H5N1)	262	15703
NP|PP755592.1|A/cattle/Texas/24-008749-003/2024(H5N1)	263	15858
NP|PP755592.1|A/cattle/Texas/24-008749-003/2024(H5N1)	264	15865
NP|PP755592.1|A/cattle/Texas/24-008749-003/2024(H5N1)	265	15725
NP|PP755592.1|A/cattle/Texas/24-008749-003/2024(H5N1)	266	15584
NP|PP755592.1|A/cattle/Texas/24-008749-003/2024(H5N1)	267	15666
NP|PP755592.1|A/cattle/Texas/24-008749-003/2024(H5N1)	268	15688
NP|PP755592.1|A/cattle/Texas/24-008749-003/2024(H5N1)	269	15677
NP|PP755592.1|A/cattle/Texas/24-008749-003/2024(H5N1)	270	15129
NP|PP755592.1|A/cattle/Texas/24-008749-003/2024(H5N1)	271	15081
NP|PP755592.1|A/cattle/Texas/24-008749-003/2024(H5N1)	272	14821
NP|PP755592.1|A/cattle/Texas/24-008749-003/2024(H5N1)	273	14927
NP|PP755592.1|A/cattle/Texas/24-008749-003/2024(H5N1)	274	14866
NP|PP755592.1|A/cattle/Texas/24-008749-003/2024(H5N1)	275	13937
NP|PP755592.1|A/cattle/Texas/24-008749-003/2024(H5N1)	276	13778
NP|PP755592.1|A/cattle/Texas/24-008749-003/2024(H5N1)	277	13784
NP|PP755592.1|A/cattle/Texas/24-008749-003/2024(H5N1)	278	13862
NP|PP755592.1|A/cattle/Texas/24-008749-003/2024(H5N1)	279	13735
NP|PP755592.1|A/cattle/Texas/24-008749-003/2024(H5N1)	280	13830
NP|PP755592.1|A/cattle/Texas/24-008749-003/2024(H5N1)	281	13915
NP|PP755592.1|A/cattle/Texas/24-008749-003/2024(H5N1)	282	13773
NP|PP755592.1|A/cattle/Texas/24-008749-003/2024(H5N1)	283	13846
NP|PP755592.1|A/cattle/Texas/24-008749-003/2024(H5N1)	284	13797
NP|PP755592.1|A/cattle/Texas/24-008749-003/2024(H5N1)	285	13794
NP|PP755592.1|A/cattle/Texas/24-008749-003/2024(H5N1)	286	14151
NP|PP755592.1|A/cattle/Texas/24-008749-003/2024(H5N1)	287	14057
NP|PP755592.1|A/cattle/Texas/24-008749-003/2024(H5N1)	288	13807
NP|PP755592.1|A/cattle/Texas/24-008749-003/2024(H5N1)	289	13724
NP|PP755592.1|A/cattle/Texas/24-008749-003/2024(H5N1)	290	13628
NP|PP755592.1|A/cattle/Texas/24-008749-003/2024(H5N1)	291	13674
NP|PP755592.1|A/cattle/Texas/24-008749-003/2024(H5N1)	292	13621
NP|PP755592.1|A/cattle/Texas/24-008749-003/2024(H5N1)	293	14085
NP|PP755592.1|A/cattle/Texas/24-008749-003/2024(H5N1)	294	14164
NP|PP755592.1|A/cattle/Texas/24-008749-003/2024(H5N1)	295	13837
NP|PP755592.1|A/cattle/Texas/24-008749-003/2024(H5N1)	296	13746
NP|PP755592.1|A/cattle/Texas/24-008749-003/2024(H5N1)	297	14026
NP|PP755592.1|A/cattle/Texas/24-008749-003/2024(H5N1)	298	14031
NP|PP755592.1|A/cattle/Texas/24-008749-003/2024(H5N1)	299	14078
NP|PP755592.1|A/cattle/Texas/24-008749-003/2024(H5N1)	300	13992
NP|PP755592.1|A/cattle/Texas/24-008749-003/2024(H5N1)	301	14007
NP|PP755592.1|A/cattle/Texas/24-008749-003/2024(H5N1)	302	13851
NP|PP755592.1|A/cattle/Texas/24-008749-003/2024(H5N1)	303	13836
NP|PP755592.1|A/cattle/Texas/24-008749-003/2024(H5N1)	304	13586
NP|PP755592.1|A/cattle/Texas/24-008749-003/2024(H5N1)	305	13580
NP|PP755592.1|A/cattle/Texas/24-008749-003/2024(H5N1)	306	13610
NP|PP755592.1|A/cattle/Texas/24-008749-003/2024(H5N1)	307	13916
NP|PP755592.1|A/cattle/Texas/24-008749-003/2024(H5N1)	308	13892
NP|PP755592.1|A/cattle/Texas/24-008749-003/2024(H5N1)	309	13822
NP|PP755592.1|A/cattle/Texas/24-008749-003/2024(H5N1)	310	13868
NP|PP755592.1|A/cattle/Texas/24-008749-003/2024(H5N1)	311	14051
NP|PP755592.1|A/cattle/Texas/24-008749-003/2024(H5N1)	312	14064
NP|PP755592.1|A/cattle/Texas/24-008749-003/2024(H5N1)	313	14167
NP|PP755592.1|A/cattle/Texas/24-008749-003/2024(H5N1)	314	14188
NP|PP755592.1|A/cattle/Texas/24-008749-003/2024(H5N1)	315	14145
NP|PP755592.1|A/cattle/Texas/24-008749-003/2024(H5N1)	316	14230
NP|PP755592.1|A/cattle/Texas/24-008749-003/2024(H5N1)	317	14239
NP|PP755592.1|A/cattle/Texas/24-008749-003/2024(H5N1)	318	14163
NP|PP755592.1|A/cattle/Texas/24-008749-003/2024(H5N1)	319	14347
NP|PP755592.1|A/cattle/Texas/24-008749-003/2024(H5N1)	320	14128
NP|PP755592.1|A/cattle/Texas/24-008749-003/2024(H5N1)	321	14144
NP|PP755592.1|A/cattle/Texas/24-008749-003/2024(H5N1)	322	14221
NP|PP755592.1|A/cattle/Texas/24-008749-003/2024(H5N1)	323	14198
NP|PP755592.1|A/cattle/Texas/24-008749-003/2024(H5N1)	324	14207
NP|PP755592.1|A/cattle/Texas/24-008749-003/2024(H5N1)	325	14264
NP|PP755592.1|A/cattle/Texas/24-008749-003/2024(H5N1)	326	14297
NP|PP755592.1|A/cattle/Texas/24-008749-003/2024(H5N1)	327	14120
NP|PP755592.1|A/cattle/Texas/24-008749-003/2024(H5N1)	328	14250
NP|PP755592.1|A/cattle/Texas/24-008749-003/2024(H5N1)	329	14021
NP|PP755592.1|A/cattle/Texas/24-008749-003/2024(H5N1)	330	14315
NP|PP755592.1|A/cattle/Texas/24-008749-003/2024(H5N1)	331	14387
NP|PP755592.1|A/cattle/Texas/24-008749-003/2024(H5N1)	332	14442
NP|PP755592.1|A/cattle/Texas/24-008749-003/2024(H5N1)	333	14427
NP|PP755592.1|A/cattle/Texas/24-008749-003/2024(H5N1)	334	14396
NP|PP755592.1|A/cattle/Texas/24-008749-003/2024(H5N1)	335	14545
NP|PP755592.1|A/cattle/Texas/24-008749-003/2024(H5N1)	336	14314
NP|PP755592.1|A/cattle/Texas/24-008749-003/2024(H5N1)	337	14473
NP|PP755592.1|A/cattle/Texas/24-008749-003/2024(H5N1)	338	14679
NP|PP755592.1|A/cattle/Texas/24-008749-003/2024(H5N1)	339	14626
NP|PP755592.1|A/cattle/Texas/24-008749-003/2024(H5N1)	340	14775
NP|PP755592.1|A/cattle/Texas/24-008749-003/2024(H5N1)	341	14887
NP|PP755592.1|A/cattle/Texas/24-008749-003/2024(H5N1)	342	14854
NP|PP755592.1|A/cattle/Texas/24-008749-003/2024(H5N1)	343	14842
NP|PP755592.1|A/cattle/Texas/24-008749-003/2024(H5N1)	344	14683
NP|PP755592.1|A/cattle/Texas/24-008749-003/2024(H5N1)	345	14690
NP|PP755592.1|A/cattle/Texas/24-008749-003/2024(H5N1)	346	14789
NP|PP755592.1|A/cattle/Texas/24-008749-003/2024(H5N1)	347	14862
NP|PP755592.1|A/cattle/Texas/24-008749-003/2024(H5N1)	348	14816
NP|PP755592.1|A/cattle/Texas/24-008749-003/2024(H5N1)	349	14616
NP|PP755592.1|A/cattle/Texas/24-008749-003/2024(H5N1)	350	14672
NP|PP755592.1|A/cattle/Texas/24-008749-003/2024(H5N1)	351	14789
NP|PP755592.1|A/cattle/Texas/24-008749-003/2024(H5N1)	352	14725
NP|PP755592.1|A/cattle/Texas/24-008749-003/2024(H5N1)	353	14737
NP|PP755592.1|A/cattle/Texas/24-008749-003/2024(H5N1)	354	14985
NP|PP755592.1|A/cattle/Texas/24-008749-003/2024(H5N1)	355	14970
NP|PP755592.1|A/cattle/Texas/24-008749-003/2024(H5N1)	356	14936
NP|PP755592.1|A/cattle/Texas/24-008749-003/2024(H5N1)	357	15065
NP|PP755592.1|A/cattle/Texas/24-008749-003/2024(H5N1)	358	15070
NP|PP755592.1|A/cattle/Texas/24-008749-003/2024(H5N1)	359	14900
NP|PP755592.1|A/cattle/Texas/24-008749-003/2024(H5N1)	360	14887
NP|PP755592.1|A/cattle/Texas/24-008749-003/2024(H5N1)	361	14795
NP|PP755592.1|A/cattle/Texas/24-008749-003/2024(H5N1)	362	14780
NP|PP755592.1|A/cattle/Texas/24-008749-003/2024(H5N1)	363	14915
NP|PP755592.1|A/cattle/Texas/24-008749-003/2024(H5N1)	364	15155
NP|PP755592.1|A/cattle/Texas/24-008749-003/2024(H5N1)	365	15156
NP|PP755592.1|A/cattle/Texas/24-008749-003/2024(H5N1)	366	15288
NP|PP755592.1|A/cattle/Texas/24-008749-003/2024(H5N1)	367	15366
NP|PP755592.1|A/cattle/Texas/24-008749-003/2024(H5N1)	368	15109
NP|PP755592.1|A/cattle/Texas/24-008749-003/2024(H5N1)	369	15250
NP|PP755592.1|A/cattle/Texas/24-008749-003/2024(H5N1)	370	15293
NP|PP755592.1|A/cattle/Texas/24-008749-003/2024(H5N1)	371	15381
NP|PP755592.1|A/cattle/Texas/24-008749-003/2024(H5N1)	372	15527
NP|PP755592.1|A/cattle/Texas/24-008749-003/2024(H5N1)	373	15502
NP|PP755592.1|A/cattle/Texas/24-008749-003/2024(H5N1)	374	16441
NP|PP755592.1|A/cattle/Texas/24-008749-003/2024(H5N1)	375	16220
NP|PP755592.1|A/cattle/Texas/24-008749-003/2024(H5N1)	376	15982
NP|PP755592.1|A/cattle/Texas/24-008749-003/2024(H5N1)	377	15983
NP|PP755592.1|A/cattle/Texas/24-008749-003/2024(H5N1)	378	15905
NP|PP755592.1|A/cattle/Texas/24-008749-003/2024(H5N1)	379	15893
NP|PP755592.1|A/cattle/Texas/24-008749-003/2024(H5N1)	380	15750
NP|PP755592.1|A/cattle/Texas/24-008749-003/2024(H5N1)	381	16239
NP|PP755592.1|A/cattle/Texas/24-008749-003/2024(H5N1)	382	16098
NP|PP755592.1|A/cattle/Texas/24-008749-003/2024(H5N1)	383	16283
NP|PP755592.1|A/cattle/Texas/24-008749-003/2024(H5N1)	384	16252
NP|PP755592.1|A/cattle/Texas/24-008749-003/2024(H5N1)	385	16226
NP|PP755592.1|A/cattle/Texas/24-008749-003/2024(H5N1)	386	16254
NP|PP755592.1|A/cattle/Texas/24-008749-003/2024(H5N1)	387	16256
NP|PP755592.1|A/cattle/Texas/24-008749-003/2024(H5N1)	388	16245
NP|PP755592.1|A/cattle/Texas/24-008749-003/2024(H5N1)	389	16288
NP|PP755592.1|A/cattle/Texas/24-008749-003/2024(H5N1)	390	15619
NP|PP755592.1|A/cattle/Texas/24-008749-003/2024(H5N1)	391	15637
NP|PP755592.1|A/cattle/Texas/24-008749-003/2024(H5N1)	392	15626
NP|PP755592.1|A/cattle/Texas/24-008749-003/2024(H5N1)	393	15583
NP|PP755592.1|A/cattle/Texas/24-008749-003/2024(H5N1)	394	15735
NP|PP755592.1|A/cattle/Texas/24-008749-003/2024(H5N1)	395	15718
NP|PP755592.1|A/cattle/Texas/24-008749-003/2024(H5N1)	396	15733
NP|PP755592.1|A/cattle/Texas/24-008749-003/2024(H5N1)	397	15414
NP|PP755592.1|A/cattle/Texas/24-008749-003/2024(H5N1)	398	15124
NP|PP755592.1|A/cattle/Texas/24-008749-003/2024(H5N1)	399	15171
NP|PP755592.1|A/cattle/Texas/24-008749-003/2024(H5N1)	400	15159
NP|PP755592.1|A/cattle/Texas/24-008749-003/2024(H5N1)	401	14581
NP|PP755592.1|A/cattle/Texas/24-008749-003/2024(H5N1)	402	14718
NP|PP755592.1|A/cattle/Texas/24-008749-003/2024(H5N1)	403	14450
NP|PP755592.1|A/cattle/Texas/24-008749-003/2024(H5N1)	404	14515
NP|PP755592.1|A/cattle/Texas/24-008749-003/2024(H5N1)	405	14640
NP|PP755592.1|A/cattle/Texas/24-008749-003/2024(H5N1)	406	14708
NP|PP755592.1|A/cattle/Texas/24-008749-003/2024(H5N1)	407	14680
NP|PP755592.1|A/cattle/Texas/24-008749-003/2024(H5N1)	408	14641
NP|PP755592.1|A/cattle/Texas/24-008749-003/2024(H5N1)	409	14612
NP|PP755592.1|A/cattle/Texas/24-008749-003/2024(H5N1)	410	14602
NP|PP755592.1|A/cattle/Texas/24-008749-003/2024(H5N1)	411	14622
NP|PP755592.1|A/cattle/Texas/24-008749-003/2024(H5N1)	412	14568
NP|PP755592.1|A/cattle/Texas/24-008749-003/2024(H5N1)	413	14795
NP|PP755592.1|A/cattle/Texas/24-008749-003/2024(H5N1)	414	14609
NP|PP755592.1|A/cattle/Texas/24-008749-003/2024(H5N1)	415	14645
NP|PP755592.1|A/cattle/Texas/24-008749-003/2024(H5N1)	416	14582
NP|PP755592.1|A/cattle/Texas/24-008749-003/2024(H5N1)	417	14589
NP|PP755592.1|A/cattle/Texas/24-008749-003/2024(H5N1)	418	14662
NP|PP755592.1|A/cattle/Texas/24-008749-003/2024(H5N1)	419	14713
NP|PP755592.1|A/cattle/Texas/24-008749-003/2024(H5N1)	420	14712
NP|PP755592.1|A/cattle/Texas/24-008749-003/2024(H5N1)	421	14649
NP|PP755592.1|A/cattle/Texas/24-008749-003/2024(H5N1)	422	14624
NP|PP755592.1|A/cattle/Texas/24-008749-003/2024(H5N1)	423	14573
NP|PP755592.1|A/cattle/Texas/24-008749-003/2024(H5N1)	424	14753
NP|PP755592.1|A/cattle/Texas/24-008749-003/2024(H5N1)	425	14791
NP|PP755592.1|A/cattle/Texas/24-008749-003/2024(H5N1)	426	14729
NP|PP755592.1|A/cattle/Texas/24-008749-003/2024(H5N1)	427	14739
NP|PP755592.1|A/cattle/Texas/24-008749-003/2024(H5N1)	428	14645
NP|PP755592.1|A/cattle/Texas/24-008749-003/2024(H5N1)	429	14761
NP|PP755592.1|A/cattle/Texas/24-008749-003/2024(H5N1)	430	14768
NP|PP755592.1|A/cattle/Texas/24-008749-003/2024(H5N1)	431	14682
NP|PP755592.1|A/cattle/Texas/24-008749-003/2024(H5N1)	432	14674
NP|PP755592.1|A/cattle/Texas/24-008749-003/2024(H5N1)	433	14555
NP|PP755592.1|A/cattle/Texas/24-008749-003/2024(H5N1)	434	14564
NP|PP755592.1|A/cattle/Texas/24-008749-003/2024(H5N1)	435	14547
NP|PP755592.1|A/cattle/Texas/24-008749-003/2024(H5N1)	436	14585
NP|PP755592.1|A/cattle/Texas/24-008749-003/2024(H5N1)	437	14596
NP|PP755592.1|A/cattle/Texas/24-008749-003/2024(H5N1)	438	14363
NP|PP755592.1|A/cattle/Texas/24-008749-003/2024(H5N1)	439	14527
NP|PP755592.1|A/cattle/Texas/24-008749-003/2024(H5N1)	440	14518
NP|PP755592.1|A/cattle/Texas/24-008749-003/2024(H5N1)	441	14571
NP|PP755592.1|A/cattle/Texas/24-008749-003/2024(H5N1)	442	14588
NP|PP755592.1|A/cattle/Texas/24-008749-003/2024(H5N1)	443	14482
NP|PP755592.1|A/cattle/Texas/24-008749-003/2024(H5N1)	444	14314
NP|PP755592.1|A/cattle/Texas/24-008749-003/2024(H5N1)	445	14257
NP|PP755592.1|A/cattle/Texas/24-008749-003/2024(H5N1)	446	13918
NP|PP755592.1|A/cattle/Texas/24-008749-003/2024(H5N1)	447	13967
NP|PP755592.1|A/cattle/Texas/24-008749-003/2024(H5N1)	448	13937
NP|PP755592.1|A/cattle/Texas/24-008749-003/2024(H5N1)	449	14210
NP|PP755592.1|A/cattle/Texas/24-008749-003/2024(H5N1)	450	14145
NP|PP755592.1|A/cattle/Texas/24-008749-003/2024(H5N1)	451	14141
NP|PP755592.1|A/cattle/Texas/24-008749-003/2024(H5N1)	452	14180
NP|PP755592.1|A/cattle/Texas/24-008749-003/2024(H5N1)	453	13894
NP|PP755592.1|A/cattle/Texas/24-008749-003/2024(H5N1)	454	13877
NP|PP755592.1|A/cattle/Texas/24-008749-003/2024(H5N1)	455	13966
NP|PP755592.1|A/cattle/Texas/24-008749-003/2024(H5N1)	456	13947
NP|PP755592.1|A/cattle/Texas/24-008749-003/2024(H5N1)	457	13982
NP|PP755592.1|A/cattle/Texas/24-008749-003/2024(H5N1)	458	13766
NP|PP755592.1|A/cattle/Texas/24-008749-003/2024(H5N1)	459	13753
NP|PP755592.1|A/cattle/Texas/24-008749-003/2024(H5N1)	460	13684
NP|PP755592.1|A/cattle/Texas/24-008749-003/2024(H5N1)	461	13625
NP|PP755592.1|A/cattle/Texas/24-008749-003/2024(H5N1)	462	13649
NP|PP755592.1|A/cattle/Texas/24-008749-003/2024(H5N1)	463	13692
NP|PP755592.1|A/cattle/Texas/24-008749-003/2024(H5N1)	464	13554
NP|PP755592.1|A/cattle/Texas/24-008749-003/2024(H5N1)	465	13527
NP|PP755592.1|A/cattle/Texas/24-008749-003/2024(H5N1)	466	13445
NP|PP755592.1|A/cattle/Texas/24-008749-003/2024(H5N1)	467	13529
NP|PP755592.1|A/cattle/Texas/24-008749-003/2024(H5N1)	468	13572
NP|PP755592.1|A/cattle/Texas/24-008749-003/2024(H5N1)	469	13312
NP|PP755592.1|A/cattle/Texas/24-008749-003/2024(H5N1)	470	13044
NP|PP755592.1|A/cattle/Texas/24-008749-003/2024(H5N1)	471	13048
NP|PP755592.1|A/cattle/Texas/24-008749-003/2024(H5N1)	472	13291
NP|PP755592.1|A/cattle/Texas/24-008749-003/2024(H5N1)	473	13345
NP|PP755592.1|A/cattle/Texas/24-008749-003/2024(H5N1)	474	13457
NP|PP755592.1|A/cattle/Texas/24-008749-003/2024(H5N1)	475	13453
NP|PP755592.1|A/cattle/Texas/24-008749-003/2024(H5N1)	476	13331
NP|PP755592.1|A/cattle/Texas/24-008749-003/2024(H5N1)	477	13323
NP|PP755592.1|A/cattle/Texas/24-008749-003/2024(H5N1)	478	13375
NP|PP755592.1|A/cattle/Texas/24-008749-003/2024(H5N1)	479	13461
NP|PP755592.1|A/cattle/Texas/24-008749-003/2024(H5N1)	480	13768
NP|PP755592.1|A/cattle/Texas/24-008749-003/2024(H5N1)	481	13516
NP|PP755592.1|A/cattle/Texas/24-008749-003/2024(H5N1)	482	13392
NP|PP755592.1|A/cattle/Texas/24-008749-003/2024(H5N1)	483	13468
NP|PP755592.1|A/cattle/Texas/24-008749-003/2024(H5N1)	484	13613
NP|PP755592.1|A/cattle/Texas/24-008749-003/2024(H5N1)	485	13626
NP|PP755592.1|A/cattle/Texas/24-008749-003/2024(H5N1)	486	13499
NP|PP755592.1|A/cattle/Texas/24-008749-003/2024(H5N1)	487	13489
NP|PP755592.1|A/cattle/Texas/24-008749-003/2024(H5N1)	488	12870
NP|PP755592.1|A/cattle/Texas/24-008749-003/2024(H5N1)	489	12708
NP|PP755592.1|A/cattle/Texas/24-008749-003/2024(H5N1)	490	12559
NP|PP755592.1|A/cattle/Texas/24-008749-003/2024(H5N1)	491	12516
NP|PP755592.1|A/cattle/Texas/24-008749-003/2024(H5N1)	492	12526
NP|PP755592.1|A/cattle/Texas/24-008749-003/2024(H5N1)	493	12385
NP|PP755592.1|A/cattle/Texas/24-008749-003/2024(H5N1)	494	12543
NP|PP755592.1|A/cattle/Texas/24-008749-003/2024(H5N1)	495	12424
NP|PP755592.1|A/cattle/Texas/24-008749-003/2024(H5N1)	496	12598
NP|PP755592.1|A/cattle/Texas/24-008749-003/2024(H5N1)	497	12602
NP|PP755592.1|A/cattle/Texas/24-008749-003/2024(H5N1)	498	12519
NP|PP755592.1|A/cattle/Texas/24-008749-003/2024(H5N1)	499	12861
NP|PP755592.1|A/cattle/Texas/24-008749-003/2024(H5N1)	500	12815
NP|PP755592.1|A/cattle/Texas/24-008749-003/2024(H5N1)	501	12758
NP|PP755592.1|A/cattle/Texas/24-008749-003/2024(H5N1)	502	12777
NP|PP755592.1|A/cattle/Texas/24-008749-003/2024(H5N1)	503	12486
NP|PP755592.1|A/cattle/Texas/24-008749-003/2024(H5N1)	504	12588
NP|PP755592.1|A/cattle/Texas/24-008749-003/2024(H5N1)	505	12461
NP|PP755592.1|A/cattle/Texas/24-008749-003/2024(H5N1)	506	13068
NP|PP755592.1|A/cattle/Texas/24-008749-003/2024(H5N1)	507	13048
NP|PP755592.1|A/cattle/Texas/24-008749-003/2024(H5N1)	508	12928
NP|PP755592.1|A/cattle/Texas/24-008749-003/2024(H5N1)	509	12940
NP|PP755592.1|A/cattle/Texas/24-008749-003/2024(H5N1)	510	13434
NP|PP755592.1|A/cattle/Texas/24-008749-003/2024(H5N1)	511	13599
NP|PP755592.1|A/cattle/Texas/24-008749-003/2024(H5N1)	512	13646
NP|PP755592.1|A/cattle/Texas/24-008749-003/2024(H5N1)	513	13545
NP|PP755592.1|A/cattle/Texas/24-008749-003/2024(H5N1)	514	13789
NP|PP755592.1|A/cattle/Texas/24-008749-003/2024(H5N1)	515	13430
NP|PP755592.1|A/cattle/Texas/24-008749-003/2024(H5N1)	516	14450
NP|PP755592.1|A/cattle/Texas/24-008749-003/2024(H5N1)	517	14397
NP|PP755592.1|A/cattle/Texas/24-008749-003/2024(H5N1)	518	14369
NP|PP755592.1|A/cattle/Texas/24-008749-003/2024(H5N1)	519	14380
NP|PP755592.1|A/cattle/Texas/24-008749-003/2024(H5N1)	520	14258
NP|PP755592.1|A/cattle/Texas/24-008749-003/2024(H5N1)	521	14236
NP|PP755592.1|A/cattle/Texas/24-008749-003/2024(H5N1)	522	14178
NP|PP755592.1|A/cattle/Texas/24-008749-003/2024(H5N1)	523	14011
NP|PP755592.1|A/cattle/Texas/24-008749-003/2024(H5N1)	524	14011
NP|PP755592.1|A/cattle/Texas/24-008749-003/2024(H5N1)	525	13368
NP|PP755592.1|A/cattle/Texas/24-008749-003/2024(H5N1)	526	13381
NP|PP755592.1|A/cattle/Texas/24-008749-003/2024(H5N1)	527	13357
NP|PP755592.1|A/cattle/Texas/24-008749-003/2024(H5N1)	528	13344
NP|PP755592.1|A/cattle/Texas/24-008749-003/2024(H5N1)	529	13327
NP|PP755592.1|A/cattle/Texas/24-008749-003/2024(H5N1)	530	13374
NP|PP755592.1|A/cattle/Texas/24-008749-003/2024(H5N1)	531	13369
NP|PP755592.1|A/cattle/Texas/24-008749-003/2024(H5N1)	532	13003
NP|PP755592.1|A/cattle/Texas/24-008749-003/2024(H5N1)	533	12970
NP|PP755592.1|A/cattle/Texas/24-008749-003/2024(H5N1)	534	12880
NP|PP755592.1|A/cattle/Texas/24-008749-003/2024(H5N1)	535	12978
NP|PP755592.1|A/cattle/Texas/24-008749-003/2024(H5N1)	536	12939
NP|PP755592.1|A/cattle/Texas/24-008749-003/2024(H5N1)	537	12944
NP|PP755592.1|A/cattle/Texas/24-008749-003/2024(H5N1)	538	12946
NP|PP755592.1|A/cattle/Texas/24-008749-003/2024(H5N1)	539	13094
NP|PP755592.1|A/cattle/Texas/24-008749-003/2024(H5N1)	540	12943
NP|PP755592.1|A/cattle/Texas/24-008749-003/2024(H5N1)	541	12944
NP|PP755592.1|A/cattle/Texas/24-008749-003/2024(H5N1)	542	12933
NP|PP755592.1|A/cattle/Texas/24-008749-003/2024(H5N1)	543	12829
NP|PP755592.1|A/cattle/Texas/24-008749-003/2024(H5N1)	544	12969
NP|PP755592.1|A/cattle/Texas/24-008749-003/2024(H5N1)	545	12821
NP|PP755592.1|A/cattle/Texas/24-008749-003/2024(H5N1)	546	12961
NP|PP755592.1|A/cattle/Texas/24-008749-003/2024(H5N1)	547	13119
NP|PP755592.1|A/cattle/Texas/24-008749-003/2024(H5N1)	548	13388
NP|PP755592.1|A/cattle/Texas/24-008749-003/2024(H5N1)	549	13426
NP|PP755592.1|A/cattle/Texas/24-008749-003/2024(H5N1)	550	13399
NP|PP755592.1|A/cattle/Texas/24-008749-003/2024(H5N1)	551	13403
NP|PP755592.1|A/cattle/Texas/24-008749-003/2024(H5N1)	552	13386
NP|PP755592.1|A/cattle/Texas/24-008749-003/2024(H5N1)	553	13227
NP|PP755592.1|A/cattle/Texas/24-008749-003/2024(H5N1)	554	13902
NP|PP755592.1|A/cattle/Texas/24-008749-003/2024(H5N1)	555	13801
NP|PP755592.1|A/cattle/Texas/24-008749-003/2024(H5N1)	556	13735
NP|PP755592.1|A/cattle/Texas/24-008749-003/2024(H5N1)	557	13815
NP|PP755592.1|A/cattle/Texas/24-008749-003/2024(H5N1)	558	13832
NP|PP755592.1|A/cattle/Texas/24-008749-003/2024(H5N1)	559	13836
NP|PP755592.1|A/cattle/Texas/24-008749-003/2024(H5N1)	560	14116
NP|PP755592.1|A/cattle/Texas/24-008749-003/2024(H5N1)	561	14147
NP|PP755592.1|A/cattle/Texas/24-008749-003/2024(H5N1)	562	14120
NP|PP755592.1|A/cattle/Texas/24-008749-003/2024(H5N1)	563	14092
NP|PP755592.1|A/cattle/Texas/24-008749-003/2024(H5N1)	564	13741
NP|PP755592.1|A/cattle/Texas/24-008749-003/2024(H5N1)	565	14026
NP|PP755592.1|A/cattle/Texas/24-008749-003/2024(H5N1)	566	14128
NP|PP755592.1|A/cattle/Texas/24-008749-003/2024(H5N1)	567	14165
NP|PP755592.1|A/cattle/Texas/24-008749-003/2024(H5N1)	568	14200
NP|PP755592.1|A/cattle/Texas/24-008749-003/2024(H5N1)	569	14026
NP|PP755592.1|A/cattle/Texas/24-008749-003/2024(H5N1)	570	14719
NP|PP755592.1|A/cattle/Texas/24-008749-003/2024(H5N1)	571	14729
NP|PP755592.1|A/cattle/Texas/24-008749-003/2024(H5N1)	572	14743
NP|PP755592.1|A/cattle/Texas/24-008749-003/2024(H5N1)	573	14752
NP|PP755592.1|A/cattle/Texas/24-008749-003/2024(H5N1)	574	14858
NP|PP755592.1|A/cattle/Texas/24-008749-003/2024(H5N1)	575	14696
NP|PP755592.1|A/cattle/Texas/24-008749-003/2024(H5N1)	576	14928
NP|PP755592.1|A/cattle/Texas/24-008749-003/2024(H5N1)	577	14899
NP|PP755592.1|A/cattle/Texas/24-008749-003/2024(H5N1)	578	14897
NP|PP755592.1|A/cattle/Texas/24-008749-003/2024(H5N1)	579	14997
NP|PP755592.1|A/cattle/Texas/24-008749-003/2024(H5N1)	580	15062
NP|PP755592.1|A/cattle/Texas/24-008749-003/2024(H5N1)	581	15184
NP|PP755592.1|A/cattle/Texas/24-008749-003/2024(H5N1)	582	15249
NP|PP755592.1|A/cattle/Texas/24-008749-003/2024(H5N1)	583	15153
NP|PP755592.1|A/cattle/Texas/24-008749-003/2024(H5N1)	584	15154
NP|PP755592.1|A/cattle/Texas/24-008749-003/2024(H5N1)	585	15087
NP|PP755592.1|A/cattle/Texas/24-008749-003/2024(H5N1)	586	15151
NP|PP755592.1|A/cattle/Texas/24-008749-003/2024(H5N1)	587	15088
NP|PP755592.1|A/cattle/Texas/24-008749-003/2024(H5N1)	588	15075
NP|PP755592.1|A/cattle/Texas/24-008749-003/2024(H5N1)	589	15089
NP|PP755592.1|A/cattle/Texas/24-008749-003/2024(H5N1)	590	14980
NP|PP755592.1|A/cattle/Texas/24-008749-003/2024(H5N1)	591	14943
NP|PP755592.1|A/cattle/Texas/24-008749-003/2024(H5N1)	592	14988
NP|PP755592.1|A/cattle/Texas/24-008749-003/2024(H5N1)	593	15160
NP|PP755592.1|A/cattle/Texas/24-008749-003/2024(H5N1)	594	15134
NP|PP755592.1|A/cattle/Texas/24-008749-003/2024(H5N1)	595	14933
NP|PP755592.1|A/cattle/Texas/24-008749-003/2024(H5N1)	596	14931
NP|PP755592.1|A/cattle/Texas/24-008749-003/2024(H5N1)	597	14819
NP|PP755592.1|A/cattle/Texas/24-008749-003/2024(H5N1)	598	14773
NP|PP755592.1|A/cattle/Texas/24-008749-003/2024(H5N1)	599	15027
NP|PP755592.1|A/cattle/Texas/24-008749-003/2024(H5N1)	600	14795
NP|PP755592.1|A/cattle/Texas/24-008749-003/2024(H5N1)	601	14866
NP|PP755592.1|A/cattle/Texas/24-008749-003/2024(H5N1)	602	14809
NP|PP755592.1|A/cattle/Texas/24-008749-003/2024(H5N1)	603	14779
NP|PP755592.1|A/cattle/Texas/24-008749-003/2024(H5N1)	604	14814
NP|PP755592.1|A/cattle/Texas/24-008749-003/2024(H5N1)	605	14825
NP|PP755592.1|A/cattle/Texas/24-008749-003/2024(H5N1)	606	14663
NP|PP755592.1|A/cattle/Texas/24-008749-003/2024(H5N1)	607	14665
NP|PP755592.1|A/cattle/Texas/24-008749-003/2024(H5N1)	608	14562
NP|PP755592.1|A/cattle/Texas/24-008749-003/2024(H5N1)	609	14516
NP|PP755592.1|A/cattle/Texas/24-008749-003/2024(H5N1)	610	14343
NP|PP755592.1|A/cattle/Texas/24-008749-003/2024(H5N1)	611	14337
NP|PP755592.1|A/cattle/Texas/24-008749-003/2024(H5N1)	612	14402
NP|PP755592.1|A/cattle/Texas/24-008749-003/2024(H5N1)	613	14409
NP|PP755592.1|A/cattle/Texas/24-008749-003/2024(H5N1)	614	14490
NP|PP755592.1|A/cattle/Texas/24-008749-003/2024(H5N1)	615	14706
NP|PP755592.1|A/cattle/Texas/24-008749-003/2024(H5N1)	616	14793
NP|PP755592.1|A/cattle/Texas/24-008749-003/2024(H5N1)	617	14795
NP|PP755592.1|A/cattle/Texas/24-008749-003/2024(H5N1)	618	14576
NP|PP755592.1|A/cattle/Texas/24-008749-003/2024(H5N1)	619	14576
NP|PP755592.1|A/cattle/Texas/24-008749-003/2024(H5N1)	620	14578
NP|PP755592.1|A/cattle/Texas/24-008749-003/2024(H5N1)	621	14572
NP|PP755592.1|A/cattle/Texas/24-008749-003/2024(H5N1)	622	14606
NP|PP755592.1|A/cattle/Texas/24-008749-003/2024(H5N1)	623	14347
NP|PP755592.1|A/cattle/Texas/24-008749-003/2024(H5N1)	624	14150
NP|PP755592.1|A/cattle/Texas/24-008749-003/2024(H5N1)	625	14288
NP|PP755592.1|A/cattle/Texas/24-008749-003/2024(H5N1)	626	14298
NP|PP755592.1|A/cattle/Texas/24-008749-003/2024(H5N1)	627	14333
NP|PP755592.1|A/cattle/Texas/24-008749-003/2024(H5N1)	628	14334
NP|PP755592.1|A/cattle/Texas/24-008749-003/2024(H5N1)	629	14321
NP|PP755592.1|A/cattle/Texas/24-008749-003/2024(H5N1)	630	13873
NP|PP755592.1|A/cattle/Texas/24-008749-003/2024(H5N1)	631	13640
NP|PP755592.1|A/cattle/Texas/24-008749-003/2024(H5N1)	632	13608
NP|PP755592.1|A/cattle/Texas/24-008749-003/2024(H5N1)	633	13607
NP|PP755592.1|A/cattle/Texas/24-008749-003/2024(H5N1)	634	13508
NP|PP755592.1|A/cattle/Texas/24-008749-003/2024(H5N1)	635	13385
NP|PP755592.1|A/cattle/Texas/24-008749-003/2024(H5N1)	636	13450
NP|PP755592.1|A/cattle/Texas/24-008749-003/2024(H5N1)	637	13359
NP|PP755592.1|A/cattle/Texas/24-008749-003/2024(H5N1)	638	13324
NP|PP755592.1|A/cattle/Texas/24-008749-003/2024(H5N1)	639	13410
NP|PP755592.1|A/cattle/Texas/24-008749-003/2024(H5N1)	640	13316
NP|PP755592.1|A/cattle/Texas/24-008749-003/2024(H5N1)	641	13631
NP|PP755592.1|A/cattle/Texas/24-008749-003/2024(H5N1)	642	13883
NP|PP755592.1|A/cattle/Texas/24-008749-003/2024(H5N1)	643	13873
NP|PP755592.1|A/cattle/Texas/24-008749-003/2024(H5N1)	644	13612
NP|PP755592.1|A/cattle/Texas/24-008749-003/2024(H5N1)	645	13607
NP|PP755592.1|A/cattle/Texas/24-008749-003/2024(H5N1)	646	13599
NP|PP755592.1|A/cattle/Texas/24-008749-003/2024(H5N1)	647	13604
NP|PP755592.1|A/cattle/Texas/24-008749-003/2024(H5N1)	648	13938
NP|PP755592.1|A/cattle/Texas/24-008749-003/2024(H5N1)	649	13963
NP|PP755592.1|A/cattle/Texas/24-008749-003/2024(H5N1)	650	13926
NP|PP755592.1|A/cattle/Texas/24-008749-003/2024(H5N1)	651	13946
NP|PP755592.1|A/cattle/Texas/24-008749-003/2024(H5N1)	652	14531
NP|PP755592.1|A/cattle/Texas/24-008749-003/2024(H5N1)	653	14590
NP|PP755592.1|A/cattle/Texas/24-008749-003/2024(H5N1)	654	14440
NP|PP755592.1|A/cattle/Texas/24-008749-003/2024(H5N1)	655	14409
NP|PP755592.1|A/cattle/Texas/24-008749-003/2024(H5N1)	656	14316
NP|PP755592.1|A/cattle/Texas/24-008749-003/2024(H5N1)	657	13959
NP|PP755592.1|A/cattle/Texas/24-008749-003/2024(H5N1)	658	13968
NP|PP755592.1|A/cattle/Texas/24-008749-003/2024(H5N1)	659	14035
NP|PP755592.1|A/cattle/Texas/24-008749-003/2024(H5N1)	660	14025
NP|PP755592.1|A/cattle/Texas/24-008749-003/2024(H5N1)	661	13515
NP|PP755592.1|A/cattle/Texas/24-008749-003/2024(H5N1)	662	13384
NP|PP755592.1|A/cattle/Texas/24-008749-003/2024(H5N1)	663	13641
NP|PP755592.1|A/cattle/Texas/24-008749-003/2024(H5N1)	664	13784
NP|PP755592.1|A/cattle/Texas/24-008749-003/2024(H5N1)	665	13508
NP|PP755592.1|A/cattle/Texas/24-008749-003/2024(H5N1)	666	13669
NP|PP755592.1|A/cattle/Texas/24-008749-003/2024(H5N1)	667	12699
NP|PP755592.1|A/cattle/Texas/24-008749-003/2024(H5N1)	668	12700
NP|PP755592.1|A/cattle/Texas/24-008749-003/2024(H5N1)	669	12882
NP|PP755592.1|A/cattle/Texas/24-008749-003/2024(H5N1)	670	12866
NP|PP755592.1|A/cattle/Texas/24-008749-003/2024(H5N1)	671	12871
NP|PP755592.1|A/cattle/Texas/24-008749-003/2024(H5N1)	672	13150
NP|PP755592.1|A/cattle/Texas/24-008749-003/2024(H5N1)	673	13080
NP|PP755592.1|A/cattle/Texas/24-008749-003/2024(H5N1)	674	13118
NP|PP755592.1|A/cattle/Texas/24-008749-003/2024(H5N1)	675	12770
NP|PP755592.1|A/cattle/Texas/24-008749-003/2024(H5N1)	676	12772
NP|PP755592.1|A/cattle/Texas/24-008749-003/2024(H5N1)	677	12853
NP|PP755592.1|A/cattle/Texas/24-008749-003/2024(H5N1)	678	12878
NP|PP755592.1|A/cattle/Texas/24-008749-003/2024(H5N1)	679	12887
NP|PP755592.1|A/cattle/Texas/24-008749-003/2024(H5N1)	680	12858
NP|PP755592.1|A/cattle/Texas/24-008749-003/2024(H5N1)	681	12841
NP|PP755592.1|A/cattle/Texas/24-008749-003/2024(H5N1)	682	12930
NP|PP755592.1|A/cattle/Texas/24-008749-003/2024(H5N1)	683	12974
NP|PP755592.1|A/cattle/Texas/24-008749-003/2024(H5N1)	684	12945
NP|PP755592.1|A/cattle/Texas/24-008749-003/2024(H5N1)	685	12885
NP|PP755592.1|A/cattle/Texas/24-008749-003/2024(H5N1)	686	12796
NP|PP755592.1|A/cattle/Texas/24-008749-003/2024(H5N1)	687	13175
NP|PP755592.1|A/cattle/Texas/24-008749-003/2024(H5N1)	688	13265
NP|PP755592.1|A/cattle/Texas/24-008749-003/2024(H5N1)	689	13234
NP|PP755592.1|A/cattle/Texas/24-008749-003/2024(H5N1)	690	13176
NP|PP755592.1|A/cattle/Texas/24-008749-003/2024(H5N1)	691	13113
NP|PP755592.1|A/cattle/Texas/24-008749-003/2024(H5N1)	692	13122
NP|PP755592.1|A/cattle/Texas/24-008749-003/2024(H5N1)	693	13144
NP|PP755592.1|A/cattle/Texas/24-008749-003/2024(H5N1)	694	13124
NP|PP755592.1|A/cattle/Texas/24-008749-003/2024(H5N1)	695	13301
NP|PP755592.1|A/cattle/Texas/24-008749-003/2024(H5N1)	696	12841
NP|PP755592.1|A/cattle/Texas/24-008749-003/2024(H5N1)	697	12801
NP|PP755592.1|A/cattle/Texas/24-008749-003/2024(H5N1)	698	12927
NP|PP755592.1|A/cattle/Texas/24-008749-003/2024(H5N1)	699	12897
NP|PP755592.1|A/cattle/Texas/24-008749-003/2024(H5N1)	700	12937
NP|PP755592.1|A/cattle/Texas/24-008749-003/2024(H5N1)	701	13021
NP|PP755592.1|A/cattle/Texas/24-008749-003/2024(H5N1)	702	13031
NP|PP755592.1|A/cattle/Texas/24-008749-003/2024(H5N1)	703	13316
NP|PP755592.1|A/cattle/Texas/24-008749-003/2024(H5N1)	704	12946
NP|PP755592.1|A/cattle/Texas/24-008749-003/2024(H5N1)	705	12573
NP|PP755592.1|A/cattle/Texas/24-008749-003/2024(H5N1)	706	12351
NP|PP755592.1|A/cattle/Texas/24-008749-003/2024(H5N1)	707	12562
NP|PP755592.1|A/cattle/Texas/24-008749-003/2024(H5N1)	708	12578
NP|PP755592.1|A/cattle/Texas/24-008749-003/2024(H5N1)	709	12533
NP|PP755592.1|A/cattle/Texas/24-008749-003/2024(H5N1)	710	12964
NP|PP755592.1|A/cattle/Texas/24-008749-003/2024(H5N1)	711	12958
NP|PP755592.1|A/cattle/Texas/24-008749-003/2024(H5N1)	712	13725
NP|PP755592.1|A/cattle/Texas/24-008749-003/2024(H5N1)	713	13838
NP|PP755592.1|A/cattle/Texas/24-008749-003/2024(H5N1)	714	13822
NP|PP755592.1|A/cattle/Texas/24-008749-003/2024(H5N1)	715	13846
NP|PP755592.1|A/cattle/Texas/24-008749-003/2024(H5N1)	716	13556
NP|PP755592.1|A/cattle/Texas/24-008749-003/2024(H5N1)	717	13432
NP|PP755592.1|A/cattle/Texas/24-008749-003/2024(H5N1)	718	13672
NP|PP755592.1|A/cattle/Texas/24-008749-003/2024(H5N1)	719	13705
NP|PP755592.1|A/cattle/Texas/24-008749-003/2024(H5N1)	720	14177
NP|PP755592.1|A/cattle/Texas/24-008749-003/2024(H5N1)	721	13331
NP|PP755592.1|A/cattle/Texas/24-008749-003/2024(H5N1)	722	13458
NP|PP755592.1|A/cattle/Texas/24-008749-003/2024(H5N1)	723	13583
NP|PP755592.1|A/cattle/Texas/24-008749-003/2024(H5N1)	724	13639
NP|PP755592.1|A/cattle/Texas/24-008749-003/2024(H5N1)	725	13507
NP|PP755592.1|A/cattle/Texas/24-008749-003/2024(H5N1)	726	13491
NP|PP755592.1|A/cattle/Texas/24-008749-003/2024(H5N1)	727	13208
NP|PP755592.1|A/cattle/Texas/24-008749-003/2024(H5N1)	728	13273
NP|PP755592.1|A/cattle/Texas/24-008749-003/2024(H5N1)	729	13335
NP|PP755592.1|A/cattle/Texas/24-008749-003/2024(H5N1)	730	13252
NP|PP755592.1|A/cattle/Texas/24-008749-003/2024(H5N1)	731	13064
NP|PP755592.1|A/cattle/Texas/24-008749-003/2024(H5N1)	732	12920
NP|PP755592.1|A/cattle/Texas/24-008749-003/2024(H5N1)	733	12874
NP|PP755592.1|A/cattle/Texas/24-008749-003/2024(H5N1)	734	12935
NP|PP755592.1|A/cattle/Texas/24-008749-003/2024(H5N1)	735	12986
NP|PP755592.1|A/cattle/Texas/24-008749-003/2024(H5N1)	736	13061
NP|PP755592.1|A/cattle/Texas/24-008749-003/2024(H5N1)	737	13006
NP|PP755592.1|A/cattle/Texas/24-008749-003/2024(H5N1)	738	13015
NP|PP755592.1|A/cattle/Texas/24-008749-003/2024(H5N1)	739	12951
NP|PP755592.1|A/cattle/Texas/24-008749-003/2024(H5N1)	740	13131
NP|PP755592.1|A/cattle/Texas/24-008749-003/2024(H5N1)	741	13249
NP|PP755592.1|A/cattle/Texas/24-008749-003/2024(H5N1)	742	13320
NP|PP755592.1|A/cattle/Texas/24-008749-003/2024(H5N1)	743	13185
NP|PP755592.1|A/cattle/Texas/24-008749-003/2024(H5N1)	744	13079
NP|PP755592.1|A/cattle/Texas/24-008749-003/2024(H5N1)	745	13105
NP|PP755592.1|A/cattle/Texas/24-008749-003/2024(H5N1)	746	13182
NP|PP755592.1|A/cattle/Texas/24-008749-003/2024(H5N1)	747	13209
NP|PP755592.1|A/cattle/Texas/24-008749-003/2024(H5N1)	748	13237
NP|PP755592.1|A/cattle/Texas/24-008749-003/2024(H5N1)	749	13110
NP|PP755592.1|A/cattle/Texas/24-008749-003/2024(H5N1)	750	13012
NP|PP755592.1|A/cattle/Texas/24-008749-003/2024(H5N1)	751	12964
NP|PP755592.1|A/cattle/Texas/24-008749-003/2024(H5N1)	752	13080
NP|PP755592.1|A/cattle/Texas/24-008749-003/2024(H5N1)	753	13045
NP|PP755592.1|A/cattle/Texas/24-008749-003/2024(H5N1)	754	13044
NP|PP755592.1|A/cattle/Texas/24-008749-003/2024(H5N1)	755	13026
NP|PP755592.1|A/cattle/Texas/24-008749-003/2024(H5N1)	756	13104
NP|PP755592.1|A/cattle/Texas/24-008749-003/2024(H5N1)	757	13339
NP|PP755592.1|A/cattle/Texas/24-008749-003/2024(H5N1)	758	13354
NP|PP755592.1|A/cattle/Texas/24-008749-003/2024(H5N1)	759	13312
NP|PP755592.1|A/cattle/Texas/24-008749-003/2024(H5N1)	760	13312
NP|PP755592.1|A/cattle/Texas/24-008749-003/2024(H5N1)	761	13320
NP|PP755592.1|A/cattle/Texas/24-008749-003/2024(H5N1)	762	13317
NP|PP755592.1|A/cattle/Texas/24-008749-003/2024(H5N1)	763	13342
NP|PP755592.1|A/cattle/Texas/24-008749-003/2024(H5N1)	764	13483
NP|PP755592.1|A/cattle/Texas/24-008749-003/2024(H5N1)	765	13341
NP|PP755592.1|A/cattle/Texas/24-008749-003/2024(H5N1)	766	13282
NP|PP755592.1|A/cattle/Texas/24-008749-003/2024(H5N1)	767	13172
NP|PP755592.1|A/cattle/Texas/24-008749-003/2024(H5N1)	768	13262
NP|PP755592.1|A/cattle/Texas/24-008749-003/2024(H5N1)	769	13255
NP|PP755592.1|A/cattle/Texas/24-008749-003/2024(H5N1)	770	13254
NP|PP755592.1|A/cattle/Texas/24-008749-003/2024(H5N1)	771	13257
NP|PP755592.1|A/cattle/Texas/24-008749-003/2024(H5N1)	772	13114
NP|PP755592.1|A/cattle/Texas/24-008749-003/2024(H5N1)	773	13153
NP|PP755592.1|A/cattle/Texas/24-008749-003/2024(H5N1)	774	13136
NP|PP755592.1|A/cattle/Texas/24-008749-003/2024(H5N1)	775	12992
NP|PP755592.1|A/cattle/Texas/24-008749-003/2024(H5N1)	776	13008
NP|PP755592.1|A/cattle/Texas/24-008749-003/2024(H5N1)	777	13289
NP|PP755592.1|A/cattle/Texas/24-008749-003/2024(H5N1)	778	13286
NP|PP755592.1|A/cattle/Texas/24-008749-003/2024(H5N1)	779	13274
NP|PP755592.1|A/cattle/Texas/24-008749-003/2024(H5N1)	780	13277
NP|PP755592.1|A/cattle/Texas/24-008749-003/2024(H5N1)	781	13321
NP|PP755592.1|A/cattle/Texas/24-008749-003/2024(H5N1)	782	13456
NP|PP755592.1|A/cattle/Texas/24-008749-003/2024(H5N1)	783	13499
NP|PP755592.1|A/cattle/Texas/24-008749-003/2024(H5N1)	784	13521
NP|PP755592.1|A/cattle/Texas/24-008749-003/2024(H5N1)	785	13499
NP|PP755592.1|A/cattle/Texas/24-008749-003/2024(H5N1)	786	13458
NP|PP755592.1|A/cattle/Texas/24-008749-003/2024(H5N1)	787	13820
NP|PP755592.1|A/cattle/Texas/24-008749-003/2024(H5N1)	788	13818
NP|PP755592.1|A/cattle/Texas/24-008749-003/2024(H5N1)	789	13882
NP|PP755592.1|A/cattle/Texas/24-008749-003/2024(H5N1)	790	13660
NP|PP755592.1|A/cattle/Texas/24-008749-003/2024(H5N1)	791	13452
NP|PP755592.1|A/cattle/Texas/24-008749-003/2024(H5N1)	792	13757
NP|PP755592.1|A/cattle/Texas/24-008749-003/2024(H5N1)	793	13850
NP|PP755592.1|A/cattle/Texas/24-008749-003/2024(H5N1)	794	14001
NP|PP755592.1|A/cattle/Texas/24-008749-003/2024(H5N1)	795	13985
NP|PP755592.1|A/cattle/Texas/24-008749-003/2024(H5N1)	796	13579
NP|PP755592.1|A/cattle/Texas/24-008749-003/2024(H5N1)	797	13587
NP|PP755592.1|A/cattle/Texas/24-008749-003/2024(H5N1)	798	13491
NP|PP755592.1|A/cattle/Texas/24-008749-003/2024(H5N1)	799	13528
NP|PP755592.1|A/cattle/Texas/24-008749-003/2024(H5N1)	800	13596
NP|PP755592.1|A/cattle/Texas/24-008749-003/2024(H5N1)	801	13300
NP|PP755592.1|A/cattle/Texas/24-008749-003/2024(H5N1)	802	13195
NP|PP755592.1|A/cattle/Texas/24-008749-003/2024(H5N1)	803	12981
NP|PP755592.1|A/cattle/Texas/24-008749-003/2024(H5N1)	804	13377
NP|PP755592.1|A/cattle/Texas/24-008749-003/2024(H5N1)	805	13345
NP|PP755592.1|A/cattle/Texas/24-008749-003/2024(H5N1)	806	13318
NP|PP755592.1|A/cattle/Texas/24-008749-003/2024(H5N1)	807	13266
NP|PP755592.1|A/cattle/Texas/24-008749-003/2024(H5N1)	808	13302
NP|PP755592.1|A/cattle/Texas/24-008749-003/2024(H5N1)	809	13236
NP|PP755592.1|A/cattle/Texas/24-008749-003/2024(H5N1)	810	13190
NP|PP755592.1|A/cattle/Texas/24-008749-003/2024(H5N1)	811	13359
NP|PP755592.1|A/cattle/Texas/24-008749-003/2024(H5N1)	812	13007
NP|PP755592.1|A/cattle/Texas/24-008749-003/2024(H5N1)	813	13006
NP|PP755592.1|A/cattle/Texas/24-008749-003/2024(H5N1)	814	13268
NP|PP755592.1|A/cattle/Texas/24-008749-003/2024(H5N1)	815	13646
NP|PP755592.1|A/cattle/Texas/24-008749-003/2024(H5N1)	816	13667
NP|PP755592.1|A/cattle/Texas/24-008749-003/2024(H5N1)	817	13435
NP|PP755592.1|A/cattle/Texas/24-008749-003/2024(H5N1)	818	13517
NP|PP755592.1|A/cattle/Texas/24-008749-003/2024(H5N1)	819	13620
NP|PP755592.1|A/cattle/Texas/24-008749-003/2024(H5N1)	820	13439
NP|PP755592.1|A/cattle/Texas/24-008749-003/2024(H5N1)	821	13413
NP|PP755592.1|A/cattle/Texas/24-008749-003/2024(H5N1)	822	13418
NP|PP755592.1|A/cattle/Texas/24-008749-003/2024(H5N1)	823	13092
NP|PP755592.1|A/cattle/Texas/24-008749-003/2024(H5N1)	824	13144
NP|PP755592.1|A/cattle/Texas/24-008749-003/2024(H5N1)	825	13156
NP|PP755592.1|A/cattle/Texas/24-008749-003/2024(H5N1)	826	13196
NP|PP755592.1|A/cattle/Texas/24-008749-003/2024(H5N1)	827	13112
NP|PP755592.1|A/cattle/Texas/24-008749-003/2024(H5N1)	828	13088
NP|PP755592.1|A/cattle/Texas/24-008749-003/2024(H5N1)	829	13159
NP|PP755592.1|A/cattle/Texas/24-008749-003/2024(H5N1)	830	13112
NP|PP755592.1|A/cattle/Texas/24-008749-003/2024(H5N1)	831	12999
NP|PP755592.1|A/cattle/Texas/24-008749-003/2024(H5N1)	832	13072
NP|PP755592.1|A/cattle/Texas/24-008749-003/2024(H5N1)	833	13015
NP|PP755592.1|A/cattle/Texas/24-008749-003/2024(H5N1)	834	13035
NP|PP755592.1|A/cattle/Texas/24-008749-003/2024(H5N1)	835	12996
NP|PP755592.1|A/cattle/Texas/24-008749-003/2024(H5N1)	836	13006
NP|PP755592.1|A/cattle/Texas/24-008749-003/2024(H5N1)	837	12677
NP|PP755592.1|A/cattle/Texas/24-008749-003/2024(H5N1)	838	12729
NP|PP755592.1|A/cattle/Texas/24-008749-003/2024(H5N1)	839	12962
NP|PP755592.1|A/cattle/Texas/24-008749-003/2024(H5N1)	840	13068
NP|PP755592.1|A/cattle/Texas/24-008749-003/2024(H5N1)	841	13016
NP|PP755592.1|A/cattle/Texas/24-008749-003/2024(H5N1)	842	13512
NP|PP755592.1|A/cattle/Texas/24-008749-003/2024(H5N1)	843	13543
NP|PP755592.1|A/cattle/Texas/24-008749-003/2024(H5N1)	844	13520
NP|PP755592.1|A/cattle/Texas/24-008749-003/2024(H5N1)	845	13887
NP|PP755592.1|A/cattle/Texas/24-008749-003/2024(H5N1)	846	13556
NP|PP755592.1|A/cattle/Texas/24-008749-003/2024(H5N1)	847	13515
NP|PP755592.1|A/cattle/Texas/24-008749-003/2024(H5N1)	848	13280
NP|PP755592.1|A/cattle/Texas/24-008749-003/2024(H5N1)	849	13198
NP|PP755592.1|A/cattle/Texas/24-008749-003/2024(H5N1)	850	14149
NP|PP755592.1|A/cattle/Texas/24-008749-003/2024(H5N1)	851	14078
NP|PP755592.1|A/cattle/Texas/24-008749-003/2024(H5N1)	852	14313
NP|PP755592.1|A/cattle/Texas/24-008749-003/2024(H5N1)	853	14328
NP|PP755592.1|A/cattle/Texas/24-008749-003/2024(H5N1)	854	14156
NP|PP755592.1|A/cattle/Texas/24-008749-003/2024(H5N1)	855	14286
NP|PP755592.1|A/cattle/Texas/24-008749-003/2024(H5N1)	856	14292
NP|PP755592.1|A/cattle/Texas/24-008749-003/2024(H5N1)	857	14140
NP|PP755592.1|A/cattle/Texas/24-008749-003/2024(H5N1)	858	14114
NP|PP755592.1|A/cattle/Texas/24-008749-003/2024(H5N1)	859	13281
NP|PP755592.1|A/cattle/Texas/24-008749-003/2024(H5N1)	860	13374
NP|PP755592.1|A/cattle/Texas/24-008749-003/2024(H5N1)	861	13492
NP|PP755592.1|A/cattle/Texas/24-008749-003/2024(H5N1)	862	14008
NP|PP755592.1|A/cattle/Texas/24-008749-003/2024(H5N1)	863	13414
NP|PP755592.1|A/cattle/Texas/24-008749-003/2024(H5N1)	864	13310
NP|PP755592.1|A/cattle/Texas/24-008749-003/2024(H5N1)	865	13274
NP|PP755592.1|A/cattle/Texas/24-008749-003/2024(H5N1)	866	13271
NP|PP755592.1|A/cattle/Texas/24-008749-003/2024(H5N1)	867	13342
NP|PP755592.1|A/cattle/Texas/24-008749-003/2024(H5N1)	868	13324
NP|PP755592.1|A/cattle/Texas/24-008749-003/2024(H5N1)	869	13030
NP|PP755592.1|A/cattle/Texas/24-008749-003/2024(H5N1)	870	13129
NP|PP755592.1|A/cattle/Texas/24-008749-003/2024(H5N1)	871	12617
NP|PP755592.1|A/cattle/Texas/24-008749-003/2024(H5N1)	872	12617
NP|PP755592.1|A/cattle/Texas/24-008749-003/2024(H5N1)	873	12488
NP|PP755592.1|A/cattle/Texas/24-008749-003/2024(H5N1)	874	12371
NP|PP755592.1|A/cattle/Texas/24-008749-003/2024(H5N1)	875	12407
NP|PP755592.1|A/cattle/Texas/24-008749-003/2024(H5N1)	876	12423
NP|PP755592.1|A/cattle/Texas/24-008749-003/2024(H5N1)	877	12429
NP|PP755592.1|A/cattle/Texas/24-008749-003/2024(H5N1)	878	12537
NP|PP755592.1|A/cattle/Texas/24-008749-003/2024(H5N1)	879	12935
NP|PP755592.1|A/cattle/Texas/24-008749-003/2024(H5N1)	880	13111
NP|PP755592.1|A/cattle/Texas/24-008749-003/2024(H5N1)	881	13132
NP|PP755592.1|A/cattle/Texas/24-008749-003/2024(H5N1)	882	13181
NP|PP755592.1|A/cattle/Texas/24-008749-003/2024(H5N1)	883	13451
NP|PP755592.1|A/cattle/Texas/24-008749-003/2024(H5N1)	884	13432
NP|PP755592.1|A/cattle/Texas/24-008749-003/2024(H5N1)	885	13584
NP|PP755592.1|A/cattle/Texas/24-008749-003/2024(H5N1)	886	13544
NP|PP755592.1|A/cattle/Texas/24-008749-003/2024(H5N1)	887	13514
NP|PP755592.1|A/cattle/Texas/24-008749-003/2024(H5N1)	888	13566
NP|PP755592.1|A/cattle/Texas/24-008749-003/2024(H5N1)	889	13418
NP|PP755592.1|A/cattle/Texas/24-008749-003/2024(H5N1)	890	13424
NP|PP755592.1|A/cattle/Texas/24-008749-003/2024(H5N1)	891	13459
NP|PP755592.1|A/cattle/Texas/24-008749-003/2024(H5N1)	892	13278
NP|PP755592.1|A/cattle/Texas/24-008749-003/2024(H5N1)	893	13265
NP|PP755592.1|A/cattle/Texas/24-008749-003/2024(H5N1)	894	13347
NP|PP755592.1|A/cattle/Texas/24-008749-003/2024(H5N1)	895	13346
NP|PP755592.1|A/cattle/Texas/24-008749-003/2024(H5N1)	896	13387
NP|PP755592.1|A/cattle/Texas/24-008749-003/2024(H5N1)	897	13316
NP|PP755592.1|A/cattle/Texas/24-008749-003/2024(H5N1)	898	13305
NP|PP755592.1|A/cattle/Texas/24-008749-003/2024(H5N1)	899	13544
NP|PP755592.1|A/cattle/Texas/24-008749-003/2024(H5N1)	900	13538
NP|PP755592.1|A/cattle/Texas/24-008749-003/2024(H5N1)	901	13491
NP|PP755592.1|A/cattle/Texas/24-008749-003/2024(H5N1)	902	13490
NP|PP755592.1|A/cattle/Texas/24-008749-003/2024(H5N1)	903	13335
NP|PP755592.1|A/cattle/Texas/24-008749-003/2024(H5N1)	904	13419
NP|PP755592.1|A/cattle/Texas/24-008749-003/2024(H5N1)	905	14088
NP|PP755592.1|A/cattle/Texas/24-008749-003/2024(H5N1)	906	14090
NP|PP755592.1|A/cattle/Texas/24-008749-003/2024(H5N1)	907	14070
NP|PP755592.1|A/cattle/Texas/24-008749-003/2024(H5N1)	908	13920
NP|PP755592.1|A/cattle/Texas/24-008749-003/2024(H5N1)	909	13948
NP|PP755592.1|A/cattle/Texas/24-008749-003/2024(H5N1)	910	14321
NP|PP755592.1|A/cattle/Texas/24-008749-003/2024(H5N1)	911	14315
NP|PP755592.1|A/cattle/Texas/24-008749-003/2024(H5N1)	912	14318
NP|PP755592.1|A/cattle/Texas/24-008749-003/2024(H5N1)	913	14130
NP|PP755592.1|A/cattle/Texas/24-008749-003/2024(H5N1)	914	14135
NP|PP755592.1|A/cattle/Texas/24-008749-003/2024(H5N1)	915	14287
NP|PP755592.1|A/cattle/Texas/24-008749-003/2024(H5N1)	916	14203
NP|PP755592.1|A/cattle/Texas/24-008749-003/2024(H5N1)	917	14090
NP|PP755592.1|A/cattle/Texas/24-008749-003/2024(H5N1)	918	14207
NP|PP755592.1|A/cattle/Texas/24-008749-003/2024(H5N1)	919	14573
NP|PP755592.1|A/cattle/Texas/24-008749-003/2024(H5N1)	920	14565
NP|PP755592.1|A/cattle/Texas/24-008749-003/2024(H5N1)	921	14583
NP|PP755592.1|A/cattle/Texas/24-008749-003/2024(H5N1)	922	14848
NP|PP755592.1|A/cattle/Texas/24-008749-003/2024(H5N1)	923	14842
NP|PP755592.1|A/cattle/Texas/24-008749-003/2024(H5N1)	924	14854
NP|PP755592.1|A/cattle/Texas/24-008749-003/2024(H5N1)	925	14858
NP|PP755592.1|A/cattle/Texas/24-008749-003/2024(H5N1)	926	14892
NP|PP755592.1|A/cattle/Texas/24-008749-003/2024(H5N1)	927	14823
NP|PP755592.1|A/cattle/Texas/24-008749-003/2024(H5N1)	928	14458
NP|PP755592.1|A/cattle/Texas/24-008749-003/2024(H5N1)	929	14578
NP|PP755592.1|A/cattle/Texas/24-008749-003/2024(H5N1)	930	14768
NP|PP755592.1|A/cattle/Texas/24-008749-003/2024(H5N1)	931	14736
NP|PP755592.1|A/cattle/Texas/24-008749-003/2024(H5N1)	932	14837
NP|PP755592.1|A/cattle/Texas/24-008749-003/2024(H5N1)	933	14716
NP|PP755592.1|A/cattle/Texas/24-008749-003/2024(H5N1)	934	14821
NP|PP755592.1|A/cattle/Texas/24-008749-003/2024(H5N1)	935	15087
NP|PP755592.1|A/cattle/Texas/24-008749-003/2024(H5N1)	936	14831
NP|PP755592.1|A/cattle/Texas/24-008749-003/2024(H5N1)	937	14876
NP|PP755592.1|A/cattle/Texas/24-008749-003/2024(H5N1)	938	14806
NP|PP755592.1|A/cattle/Texas/24-008749-003/2024(H5N1)	939	14785
NP|PP755592.1|A/cattle/Texas/24-008749-003/2024(H5N1)	940	14835
NP|PP755592.1|A/cattle/Texas/24-008749-003/2024(H5N1)	941	14880
NP|PP755592.1|A/cattle/Texas/24-008749-003/2024(H5N1)	942	14926
NP|PP755592.1|A/cattle/Texas/24-008749-003/2024(H5N1)	943	14432
NP|PP755592.1|A/cattle/Texas/24-008749-003/2024(H5N1)	944	14462
NP|PP755592.1|A/cattle/Texas/24-008749-003/2024(H5N1)	945	15155
NP|PP755592.1|A/cattle/Texas/24-008749-003/2024(H5N1)	946	15154
NP|PP755592.1|A/cattle/Texas/24-008749-003/2024(H5N1)	947	15158
NP|PP755592.1|A/cattle/Texas/24-008749-003/2024(H5N1)	948	15106
NP|PP755592.1|A/cattle/Texas/24-008749-003/2024(H5N1)	949	14916
NP|PP755592.1|A/cattle/Texas/24-008749-003/2024(H5N1)	950	14904
NP|PP755592.1|A/cattle/Texas/24-008749-003/2024(H5N1)	951	14849
NP|PP755592.1|A/cattle/Texas/24-008749-003/2024(H5N1)	952	14821
NP|PP755592.1|A/cattle/Texas/24-008749-003/2024(H5N1)	953	14492
NP|PP755592.1|A/cattle/Texas/24-008749-003/2024(H5N1)	954	14008
NP|PP755592.1|A/cattle/Texas/24-008749-003/2024(H5N1)	955	14051
NP|PP755592.1|A/cattle/Texas/24-008749-003/2024(H5N1)	956	14050
NP|PP755592.1|A/cattle/Texas/24-008749-003/2024(H5N1)	957	14098
NP|PP755592.1|A/cattle/Texas/24-008749-003/2024(H5N1)	958	14095
NP|PP755592.1|A/cattle/Texas/24-008749-003/2024(H5N1)	959	14045
NP|PP755592.1|A/cattle/Texas/24-008749-003/2024(H5N1)	960	14082
NP|PP755592.1|A/cattle/Texas/24-008749-003/2024(H5N1)	961	14086
NP|PP755592.1|A/cattle/Texas/24-008749-003/2024(H5N1)	962	13946
NP|PP755592.1|A/cattle/Texas/24-008749-003/2024(H5N1)	963	13911
NP|PP755592.1|A/cattle/Texas/24-008749-003/2024(H5N1)	964	13573
NP|PP755592.1|A/cattle/Texas/24-008749-003/2024(H5N1)	965	13561
NP|PP755592.1|A/cattle/Texas/24-008749-003/2024(H5N1)	966	13116
NP|PP755592.1|A/cattle/Texas/24-008749-003/2024(H5N1)	967	13137
NP|PP755592.1|A/cattle/Texas/24-008749-003/2024(H5N1)	968	13140
NP|PP755592.1|A/cattle/Texas/24-008749-003/2024(H5N1)	969	13149
NP|PP755592.1|A/cattle/Texas/24-008749-003/2024(H5N1)	970	13226
NP|PP755592.1|A/cattle/Texas/24-008749-003/2024(H5N1)	971	13238
NP|PP755592.1|A/cattle/Texas/24-008749-003/2024(H5N1)	972	13217
NP|PP755592.1|A/cattle/Texas/24-008749-003/2024(H5N1)	973	13207
NP|PP755592.1|A/cattle/Texas/24-008749-003/2024(H5N1)	974	13223
NP|PP755592.1|A/cattle/Texas/24-008749-003/2024(H5N1)	975	13209
NP|PP755592.1|A/cattle/Texas/24-008749-003/2024(H5N1)	976	13170
NP|PP755592.1|A/cattle/Texas/24-008749-003/2024(H5N1)	977	13131
NP|PP755592.1|A/cattle/Texas/24-008749-003/2024(H5N1)	978	13259
NP|PP755592.1|A/cattle/Texas/24-008749-003/2024(H5N1)	979	13157
NP|PP755592.1|A/cattle/Texas/24-008749-003/2024(H5N1)	980	13130
NP|PP755592.1|A/cattle/Texas/24-008749-003/2024(H5N1)	981	13115
NP|PP755592.1|A/cattle/Texas/24-008749-003/2024(H5N1)	982	13142
NP|PP755592.1|A/cattle/Texas/24-008749-003/2024(H5N1)	983	13415
NP|PP755592.1|A/cattle/Texas/24-008749-003/2024(H5N1)	984	14036
NP|PP755592.1|A/cattle/Texas/24-008749-003/2024(H5N1)	985	14076
NP|PP755592.1|A/cattle/Texas/24-008749-003/2024(H5N1)	986	14257
NP|PP755592.1|A/cattle/Texas/24-008749-003/2024(H5N1)	987	14294
NP|PP755592.1|A/cattle/Texas/24-008749-003/2024(H5N1)	988	14265
NP|PP755592.1|A/cattle/Texas/24-008749-003/2024(H5N1)	989	14261
NP|PP755592.1|A/cattle/Texas/24-008749-003/2024(H5N1)	990	14017
NP|PP755592.1|A/cattle/Texas/24-008749-003/2024(H5N1)	991	14375
NP|PP755592.1|A/cattle/Texas/24-008749-003/2024(H5N1)	992	14426
NP|PP755592.1|A/cattle/Texas/24-008749-003/2024(H5N1)	993	13812
NP|PP755592.1|A/cattle/Texas/24-008749-003/2024(H5N1)	994	14126
NP|PP755592.1|A/cattle/Texas/24-008749-003/2024(H5N1)	995	13784
NP|PP755592.1|A/cattle/Texas/24-008749-003/2024(H5N1)	996	13982
NP|PP755592.1|A/cattle/Texas/24-008749-003/2024(H5N1)	997	13970
NP|PP755592.1|A/cattle/Texas/24-008749-003/2024(H5N1)	998	13880
NP|PP755592.1|A/cattle/Texas/24-008749-003/2024(H5N1)	999	13982
NP|PP755592.1|A/cattle/Texas/24-008749-003/2024(H5N1)	1000	13116
NP|PP755592.1|A/cattle/Texas/24-008749-003/2024(H5N1)	1001	13308
NP|PP755592.1|A/cattle/Texas/24-008749-003/2024(H5N1)	1002	13307
NP|PP755592.1|A/cattle/Texas/24-008749-003/2024(H5N1)	1003	13073
NP|PP755592.1|A/cattle/Texas/24-008749-003/2024(H5N1)	1004	13018
NP|PP755592.1|A/cattle/Texas/24-008749-003/2024(H5N1)	1005	13103
NP|PP755592.1|A/cattle/Texas/24-008749-003/2024(H5N1)	1006	13099
NP|PP755592.1|A/cattle/Texas/24-008749-003/2024(H5N1)	1007	13122
NP|PP755592.1|A/cattle/Texas/24-008749-003/2024(H5N1)	1008	13079
NP|PP755592.1|A/cattle/Texas/24-008749-003/2024(H5N1)	1009	13178
NP|PP755592.1|A/cattle/Texas/24-008749-003/2024(H5N1)	1010	13294
NP|PP755592.1|A/cattle/Texas/24-008749-003/2024(H5N1)	1011	13294
NP|PP755592.1|A/cattle/Texas/24-008749-003/2024(H5N1)	1012	13308
NP|PP755592.1|A/cattle/Texas/24-008749-003/2024(H5N1)	1013	12811
NP|PP755592.1|A/cattle/Texas/24-008749-003/2024(H5N1)	1014	12813
NP|PP755592.1|A/cattle/Texas/24-008749-003/2024(H5N1)	1015	12790
NP|PP755592.1|A/cattle/Texas/24-008749-003/2024(H5N1)	1016	12854
NP|PP755592.1|A/cattle/Texas/24-008749-003/2024(H5N1)	1017	12952
NP|PP755592.1|A/cattle/Texas/24-008749-003/2024(H5N1)	1018	13035
NP|PP755592.1|A/cattle/Texas/24-008749-003/2024(H5N1)	1019	13673
NP|PP755592.1|A/cattle/Texas/24-008749-003/2024(H5N1)	1020	13690
NP|PP755592.1|A/cattle/Texas/24-008749-003/2024(H5N1)	1021	13607
NP|PP755592.1|A/cattle/Texas/24-008749-003/2024(H5N1)	1022	13605
NP|PP755592.1|A/cattle/Texas/24-008749-003/2024(H5N1)	1023	13602
NP|PP755592.1|A/cattle/Texas/24-008749-003/2024(H5N1)	1024	13605
NP|PP755592.1|A/cattle/Texas/24-008749-003/2024(H5N1)	1025	13605
NP|PP755592.1|A/cattle/Texas/24-008749-003/2024(H5N1)	1026	13591
NP|PP755592.1|A/cattle/Texas/24-008749-003/2024(H5N1)	1027	13760
NP|PP755592.1|A/cattle/Texas/24-008749-003/2024(H5N1)	1028	13129
NP|PP755592.1|A/cattle/Texas/24-008749-003/2024(H5N1)	1029	13072
NP|PP755592.1|A/cattle/Texas/24-008749-003/2024(H5N1)	1030	13099
NP|PP755592.1|A/cattle/Texas/24-008749-003/2024(H5N1)	1031	12962
NP|PP755592.1|A/cattle/Texas/24-008749-003/2024(H5N1)	1032	12960
NP|PP755592.1|A/cattle/Texas/24-008749-003/2024(H5N1)	1033	13035
NP|PP755592.1|A/cattle/Texas/24-008749-003/2024(H5N1)	1034	12859
NP|PP755592.1|A/cattle/Texas/24-008749-003/2024(H5N1)	1035	12962
NP|PP755592.1|A/cattle/Texas/24-008749-003/2024(H5N1)	1036	12776
NP|PP755592.1|A/cattle/Texas/24-008749-003/2024(H5N1)	1037	12906
NP|PP755592.1|A/cattle/Texas/24-008749-003/2024(H5N1)	1038	12836
NP|PP755592.1|A/cattle/Texas/24-008749-003/2024(H5N1)	1039	12847
NP|PP755592.1|A/cattle/Texas/24-008749-003/2024(H5N1)	1040	12848
NP|PP755592.1|A/cattle/Texas/24-008749-003/2024(H5N1)	1041	12747
NP|PP755592.1|A/cattle/Texas/24-008749-003/2024(H5N1)	1042	12606
NP|PP755592.1|A/cattle/Texas/24-008749-003/2024(H5N1)	1043	12619
NP|PP755592.1|A/cattle/Texas/24-008749-003/2024(H5N1)	1044	12727
NP|PP755592.1|A/cattle/Texas/24-008749-003/2024(H5N1)	1045	12612
NP|PP755592.1|A/cattle/Texas/24-008749-003/2024(H5N1)	1046	12935
NP|PP755592.1|A/cattle/Texas/24-008749-003/2024(H5N1)	1047	13298
NP|PP755592.1|A/cattle/Texas/24-008749-003/2024(H5N1)	1048	13741
NP|PP755592.1|A/cattle/Texas/24-008749-003/2024(H5N1)	1049	13660
NP|PP755592.1|A/cattle/Texas/24-008749-003/2024(H5N1)	1050	13664
NP|PP755592.1|A/cattle/Texas/24-008749-003/2024(H5N1)	1051	13703
NP|PP755592.1|A/cattle/Texas/24-008749-003/2024(H5N1)	1052	14128
NP|PP755592.1|A/cattle/Texas/24-008749-003/2024(H5N1)	1053	14231
NP|PP755592.1|A/cattle/Texas/24-008749-003/2024(H5N1)	1054	14238
NP|PP755592.1|A/cattle/Texas/24-008749-003/2024(H5N1)	1055	13912
NP|PP755592.1|A/cattle/Texas/24-008749-003/2024(H5N1)	1056	13564
NP|PP755592.1|A/cattle/Texas/24-008749-003/2024(H5N1)	1057	13656
NP|PP755592.1|A/cattle/Texas/24-008749-003/2024(H5N1)	1058	13743
NP|PP755592.1|A/cattle/Texas/24-008749-003/2024(H5N1)	1059	13671
NP|PP755592.1|A/cattle/Texas/24-008749-003/2024(H5N1)	1060	13713
NP|PP755592.1|A/cattle/Texas/24-008749-003/2024(H5N1)	1061	13355
NP|PP755592.1|A/cattle/Texas/24-008749-003/2024(H5N1)	1062	13358
NP|PP755592.1|A/cattle/Texas/24-008749-003/2024(H5N1)	1063	13351
NP|PP755592.1|A/cattle/Texas/24-008749-003/2024(H5N1)	1064	13685
NP|PP755592.1|A/cattle/Texas/24-008749-003/2024(H5N1)	1065	13692
NP|PP755592.1|A/cattle/Texas/24-008749-003/2024(H5N1)	1066	13666
NP|PP755592.1|A/cattle/Texas/24-008749-003/2024(H5N1)	1067	13623
NP|PP755592.1|A/cattle/Texas/24-008749-003/2024(H5N1)	1068	13791
NP|PP755592.1|A/cattle/Texas/24-008749-003/2024(H5N1)	1069	13503
NP|PP755592.1|A/cattle/Texas/24-008749-003/2024(H5N1)	1070	13454
NP|PP755592.1|A/cattle/Texas/24-008749-003/2024(H5N1)	1071	13509
NP|PP755592.1|A/cattle/Texas/24-008749-003/2024(H5N1)	1072	13626
NP|PP755592.1|A/cattle/Texas/24-008749-003/2024(H5N1)	1073	13393
NP|PP755592.1|A/cattle/Texas/24-008749-003/2024(H5N1)	1074	13545
NP|PP755592.1|A/cattle/Texas/24-008749-003/2024(H5N1)	1075	13637
NP|PP755592.1|A/cattle/Texas/24-008749-003/2024(H5N1)	1076	13655
NP|PP755592.1|A/cattle/Texas/24-008749-003/2024(H5N1)	1077	13931
NP|PP755592.1|A/cattle/Texas/24-008749-003/2024(H5N1)	1078	13958
NP|PP755592.1|A/cattle/Texas/24-008749-003/2024(H5N1)	1079	13941
NP|PP755592.1|A/cattle/Texas/24-008749-003/2024(H5N1)	1080	13899
NP|PP755592.1|A/cattle/Texas/24-008749-003/2024(H5N1)	1081	13773
NP|PP755592.1|A/cattle/Texas/24-008749-003/2024(H5N1)	1082	13868
NP|PP755592.1|A/cattle/Texas/24-008749-003/2024(H5N1)	1083	13834
NP|PP755592.1|A/cattle/Texas/24-008749-003/2024(H5N1)	1084	13796
NP|PP755592.1|A/cattle/Texas/24-008749-003/2024(H5N1)	1085	13765
NP|PP755592.1|A/cattle/Texas/24-008749-003/2024(H5N1)	1086	13560
NP|PP755592.1|A/cattle/Texas/24-008749-003/2024(H5N1)	1087	13727
NP|PP755592.1|A/cattle/Texas/24-008749-003/2024(H5N1)	1088	14175
NP|PP755592.1|A/cattle/Texas/24-008749-003/2024(H5N1)	1089	14186
NP|PP755592.1|A/cattle/Texas/24-008749-003/2024(H5N1)	1090	14072
NP|PP755592.1|A/cattle/Texas/24-008749-003/2024(H5N1)	1091	13983
NP|PP755592.1|A/cattle/Texas/24-008749-003/2024(H5N1)	1092	13921
NP|PP755592.1|A/cattle/Texas/24-008749-003/2024(H5N1)	1093	14256
NP|PP755592.1|A/cattle/Texas/24-008749-003/2024(H5N1)	1094	14193
NP|PP755592.1|A/cattle/Texas/24-008749-003/2024(H5N1)	1095	14144
NP|PP755592.1|A/cattle/Texas/24-008749-003/2024(H5N1)	1096	13409
NP|PP755592.1|A/cattle/Texas/24-008749-003/2024(H5N1)	1097	13456
NP|PP755592.1|A/cattle/Texas/24-008749-003/2024(H5N1)	1098	13904
NP|PP755592.1|A/cattle/Texas/24-008749-003/2024(H5N1)	1099	13923
NP|PP755592.1|A/cattle/Texas/24-008749-003/2024(H5N1)	1100	13927
NP|PP755592.1|A/cattle/Texas/24-008749-003/2024(H5N1)	1101	13945
NP|PP755592.1|A/cattle/Texas/24-008749-003/2024(H5N1)	1102	14007
NP|PP755592.1|A/cattle/Texas/24-008749-003/2024(H5N1)	1103	14063
NP|PP755592.1|A/cattle/Texas/24-008749-003/2024(H5N1)	1104	14074
NP|PP755592.1|A/cattle/Texas/24-008749-003/2024(H5N1)	1105	14054
NP|PP755592.1|A/cattle/Texas/24-008749-003/2024(H5N1)	1106	14084
NP|PP755592.1|A/cattle/Texas/24-008749-003/2024(H5N1)	1107	14085
NP|PP755592.1|A/cattle/Texas/24-008749-003/2024(H5N1)	1108	14034
NP|PP755592.1|A/cattle/Texas/24-008749-003/2024(H5N1)	1109	14073
NP|PP755592.1|A/cattle/Texas/24-008749-003/2024(H5N1)	1110	14284
NP|PP755592.1|A/cattle/Texas/24-008749-003/2024(H5N1)	1111	14244
NP|PP755592.1|A/cattle/Texas/24-008749-003/2024(H5N1)	1112	14235
NP|PP755592.1|A/cattle/Texas/24-008749-003/2024(H5N1)	1113	14229
NP|PP755592.1|A/cattle/Texas/24-008749-003/2024(H5N1)	1114	14264
NP|PP755592.1|A/cattle/Texas/24-008749-003/2024(H5N1)	1115	14332
NP|PP755592.1|A/cattle/Texas/24-008749-003/2024(H5N1)	1116	14350
NP|PP755592.1|A/cattle/Texas/24-008749-003/2024(H5N1)	1117	14418
NP|PP755592.1|A/cattle/Texas/24-008749-003/2024(H5N1)	1118	14508
NP|PP755592.1|A/cattle/Texas/24-008749-003/2024(H5N1)	1119	14300
NP|PP755592.1|A/cattle/Texas/24-008749-003/2024(H5N1)	1120	14354
NP|PP755592.1|A/cattle/Texas/24-008749-003/2024(H5N1)	1121	14278
NP|PP755592.1|A/cattle/Texas/24-008749-003/2024(H5N1)	1122	14314
NP|PP755592.1|A/cattle/Texas/24-008749-003/2024(H5N1)	1123	14340
NP|PP755592.1|A/cattle/Texas/24-008749-003/2024(H5N1)	1124	14397
NP|PP755592.1|A/cattle/Texas/24-008749-003/2024(H5N1)	1125	14842
NP|PP755592.1|A/cattle/Texas/24-008749-003/2024(H5N1)	1126	14835
NP|PP755592.1|A/cattle/Texas/24-008749-003/2024(H5N1)	1127	14940
NP|PP755592.1|A/cattle/Texas/24-008749-003/2024(H5N1)	1128	14955
NP|PP755592.1|A/cattle/Texas/24-008749-003/2024(H5N1)	1129	14901
NP|PP755592.1|A/cattle/Texas/24-008749-003/2024(H5N1)	1130	14931
NP|PP755592.1|A/cattle/Texas/24-008749-003/2024(H5N1)	1131	15256
NP|PP755592.1|A/cattle/Texas/24-008749-003/2024(H5N1)	1132	15236
NP|PP755592.1|A/cattle/Texas/24-008749-003/2024(H5N1)	1133	15237
NP|PP755592.1|A/cattle/Texas/24-008749-003/2024(H5N1)	1134	14848
NP|PP755592.1|A/cattle/Texas/24-008749-003/2024(H5N1)	1135	14939
NP|PP755592.1|A/cattle/Texas/24-008749-003/2024(H5N1)	1136	14728
NP|PP755592.1|A/cattle/Texas/24-008749-003/2024(H5N1)	1137	14710
NP|PP755592.1|A/cattle/Texas/24-008749-003/2024(H5N1)	1138	14759
NP|PP755592.1|A/cattle/Texas/24-008749-003/2024(H5N1)	1139	14715
NP|PP755592.1|A/cattle/Texas/24-008749-003/2024(H5N1)	1140	14726
NP|PP755592.1|A/cattle/Texas/24-008749-003/2024(H5N1)	1141	14770
NP|PP755592.1|A/cattle/Texas/24-008749-003/2024(H5N1)	1142	14239
NP|PP755592.1|A/cattle/Texas/24-008749-003/2024(H5N1)	1143	14438
NP|PP755592.1|A/cattle/Texas/24-008749-003/2024(H5N1)	1144	14380
NP|PP755592.1|A/cattle/Texas/24-008749-003/2024(H5N1)	1145	14204
NP|PP755592.1|A/cattle/Texas/24-008749-003/2024(H5N1)	1146	14368
NP|PP755592.1|A/cattle/Texas/24-008749-003/2024(H5N1)	1147	14277
NP|PP755592.1|A/cattle/Texas/24-008749-003/2024(H5N1)	1148	14405
NP|PP755592.1|A/cattle/Texas/24-008749-003/2024(H5N1)	1149	14647
NP|PP755592.1|A/cattle/Texas/24-008749-003/2024(H5N1)	1150	14595
NP|PP755592.1|A/cattle/Texas/24-008749-003/2024(H5N1)	1151	14662
NP|PP755592.1|A/cattle/Texas/24-008749-003/2024(H5N1)	1152	14799
NP|PP755592.1|A/cattle/Texas/24-008749-003/2024(H5N1)	1153	14873
NP|PP755592.1|A/cattle/Texas/24-008749-003/2024(H5N1)	1154	14862
NP|PP755592.1|A/cattle/Texas/24-008749-003/2024(H5N1)	1155	14900
NP|PP755592.1|A/cattle/Texas/24-008749-003/2024(H5N1)	1156	14624
NP|PP755592.1|A/cattle/Texas/24-008749-003/2024(H5N1)	1157	14672
NP|PP755592.1|A/cattle/Texas/24-008749-003/2024(H5N1)	1158	14749
NP|PP755592.1|A/cattle/Texas/24-008749-003/2024(H5N1)	1159	14776
NP|PP755592.1|A/cattle/Texas/24-008749-003/2024(H5N1)	1160	14799
NP|PP755592.1|A/cattle/Texas/24-008749-003/2024(H5N1)	1161	14462
NP|PP755592.1|A/cattle/Texas/24-008749-003/2024(H5N1)	1162	14481
NP|PP755592.1|A/cattle/Texas/24-008749-003/2024(H5N1)	1163	14475
NP|PP755592.1|A/cattle/Texas/24-008749-003/2024(H5N1)	1164	14472
NP|PP755592.1|A/cattle/Texas/24-008749-003/2024(H5N1)	1165	14471
NP|PP755592.1|A/cattle/Texas/24-008749-003/2024(H5N1)	1166	14639
NP|PP755592.1|A/cattle/Texas/24-008749-003/2024(H5N1)	1167	14740
NP|PP755592.1|A/cattle/Texas/24-008749-003/2024(H5N1)	1168	14865
NP|PP755592.1|A/cattle/Texas/24-008749-003/2024(H5N1)	1169	14228
NP|PP755592.1|A/cattle/Texas/24-008749-003/2024(H5N1)	1170	14257
NP|PP755592.1|A/cattle/Texas/24-008749-003/2024(H5N1)	1171	14229
NP|PP755592.1|A/cattle/Texas/24-008749-003/2024(H5N1)	1172	14292
NP|PP755592.1|A/cattle/Texas/24-008749-003/2024(H5N1)	1173	14353
NP|PP755592.1|A/cattle/Texas/24-008749-003/2024(H5N1)	1174	14345
NP|PP755592.1|A/cattle/Texas/24-008749-003/2024(H5N1)	1175	14401
NP|PP755592.1|A/cattle/Texas/24-008749-003/2024(H5N1)	1176	14592
NP|PP755592.1|A/cattle/Texas/24-008749-003/2024(H5N1)	1177	14629
NP|PP755592.1|A/cattle/Texas/24-008749-003/2024(H5N1)	1178	14639
NP|PP755592.1|A/cattle/Texas/24-008749-003/2024(H5N1)	1179	14665
NP|PP755592.1|A/cattle/Texas/24-008749-003/2024(H5N1)	1180	14649
NP|PP755592.1|A/cattle/Texas/24-008749-003/2024(H5N1)	1181	14793
NP|PP755592.1|A/cattle/Texas/24-008749-003/2024(H5N1)	1182	14808
NP|PP755592.1|A/cattle/Texas/24-008749-003/2024(H5N1)	1183	14815
NP|PP755592.1|A/cattle/Texas/24-008749-003/2024(H5N1)	1184	14731
NP|PP755592.1|A/cattle/Texas/24-008749-003/2024(H5N1)	1185	14749
NP|PP755592.1|A/cattle/Texas/24-008749-003/2024(H5N1)	1186	14730
NP|PP755592.1|A/cattle/Texas/24-008749-003/2024(H5N1)	1187	14864
NP|PP755592.1|A/cattle/Texas/24-008749-003/2024(H5N1)	1188	14777
NP|PP755592.1|A/cattle/Texas/24-008749-003/2024(H5N1)	1189	15473
NP|PP755592.1|A/cattle/Texas/24-008749-003/2024(H5N1)	1190	15654
NP|PP755592.1|A/cattle/Texas/24-008749-003/2024(H5N1)	1191	15858
NP|PP755592.1|A/cattle/Texas/24-008749-003/2024(H5N1)	1192	15874
NP|PP755592.1|A/cattle/Texas/24-008749-003/2024(H5N1)	1193	15716
NP|PP755592.1|A/cattle/Texas/24-008749-003/2024(H5N1)	1194	15830
NP|PP755592.1|A/cattle/Texas/24-008749-003/2024(H5N1)	1195	15834
NP|PP755592.1|A/cattle/Texas/24-008749-003/2024(H5N1)	1196	15739
NP|PP755592.1|A/cattle/Texas/24-008749-003/2024(H5N1)	1197	15514
NP|PP755592.1|A/cattle/Texas/24-008749-003/2024(H5N1)	1198	16160
NP|PP755592.1|A/cattle/Texas/24-008749-003/2024(H5N1)	1199	16312
NP|PP755592.1|A/cattle/Texas/24-008749-003/2024(H5N1)	1200	16143
NP|PP755592.1|A/cattle/Texas/24-008749-003/2024(H5N1)	1201	16166
NP|PP755592.1|A/cattle/Texas/24-008749-003/2024(H5N1)	1202	15872
NP|PP755592.1|A/cattle/Texas/24-008749-003/2024(H5N1)	1203	15777
NP|PP755592.1|A/cattle/Texas/24-008749-003/2024(H5N1)	1204	15780
NP|PP755592.1|A/cattle/Texas/24-008749-003/2024(H5N1)	1205	15794
NP|PP755592.1|A/cattle/Texas/24-008749-003/2024(H5N1)	1206	15745
NP|PP755592.1|A/cattle/Texas/24-008749-003/2024(H5N1)	1207	15749
NP|PP755592.1|A/cattle/Texas/24-008749-003/2024(H5N1)	1208	15706
NP|PP755592.1|A/cattle/Texas/24-008749-003/2024(H5N1)	1209	15558
NP|PP755592.1|A/cattle/Texas/24-008749-003/2024(H5N1)	1210	15803
NP|PP755592.1|A/cattle/Texas/24-008749-003/2024(H5N1)	1211	15885
NP|PP755592.1|A/cattle/Texas/24-008749-003/2024(H5N1)	1212	15866
NP|PP755592.1|A/cattle/Texas/24-008749-003/2024(H5N1)	1213	16056
NP|PP755592.1|A/cattle/Texas/24-008749-003/2024(H5N1)	1214	16036
NP|PP755592.1|A/cattle/Texas/24-008749-003/2024(H5N1)	1215	16027
NP|PP755592.1|A/cattle/Texas/24-008749-003/2024(H5N1)	1216	16108
NP|PP755592.1|A/cattle/Texas/24-008749-003/2024(H5N1)	1217	16223
NP|PP755592.1|A/cattle/Texas/24-008749-003/2024(H5N1)	1218	16198
NP|PP755592.1|A/cattle/Texas/24-008749-003/2024(H5N1)	1219	15981
NP|PP755592.1|A/cattle/Texas/24-008749-003/2024(H5N1)	1220	16174
NP|PP755592.1|A/cattle/Texas/24-008749-003/2024(H5N1)	1221	16329
NP|PP755592.1|A/cattle/Texas/24-008749-003/2024(H5N1)	1222	16457
NP|PP755592.1|A/cattle/Texas/24-008749-003/2024(H5N1)	1223	16320
NP|PP755592.1|A/cattle/Texas/24-008749-003/2024(H5N1)	1224	16231
NP|PP755592.1|A/cattle/Texas/24-008749-003/2024(H5N1)	1225	16135
NP|PP755592.1|A/cattle/Texas/24-008749-003/2024(H5N1)	1226	15956
NP|PP755592.1|A/cattle/Texas/24-008749-003/2024(H5N1)	1227	16524
NP|PP755592.1|A/cattle/Texas/24-008749-003/2024(H5N1)	1228	16645
NP|PP755592.1|A/cattle/Texas/24-008749-003/2024(H5N1)	1229	16503
NP|PP755592.1|A/cattle/Texas/24-008749-003/2024(H5N1)	1230	17028
NP|PP755592.1|A/cattle/Texas/24-008749-003/2024(H5N1)	1231	16937
NP|PP755592.1|A/cattle/Texas/24-008749-003/2024(H5N1)	1232	16967
NP|PP755592.1|A/cattle/Texas/24-008749-003/2024(H5N1)	1233	16963
NP|PP755592.1|A/cattle/Texas/24-008749-003/2024(H5N1)	1234	16904
NP|PP755592.1|A/cattle/Texas/24-008749-003/2024(H5N1)	1235	17292
NP|PP755592.1|A/cattle/Texas/24-008749-003/2024(H5N1)	1236	16934
NP|PP755592.1|A/cattle/Texas/24-008749-003/2024(H5N1)	1237	16861
NP|PP755592.1|A/cattle/Texas/24-008749-003/2024(H5N1)	1238	16734
NP|PP755592.1|A/cattle/Texas/24-008749-003/2024(H5N1)	1239	16584
NP|PP755592.1|A/cattle/Texas/24-008749-003/2024(H5N1)	1240	17318
NP|PP755592.1|A/cattle/Texas/24-008749-003/2024(H5N1)	1241	17253
NP|PP755592.1|A/cattle/Texas/24-008749-003/2024(H5N1)	1242	17288
NP|PP755592.1|A/cattle/Texas/24-008749-003/2024(H5N1)	1243	17255
NP|PP755592.1|A/cattle/Texas/24-008749-003/2024(H5N1)	1244	16923
NP|PP755592.1|A/cattle/Texas/24-008749-003/2024(H5N1)	1245	17041
NP|PP755592.1|A/cattle/Texas/24-008749-003/2024(H5N1)	1246	17496
NP|PP755592.1|A/cattle/Texas/24-008749-003/2024(H5N1)	1247	17571
NP|PP755592.1|A/cattle/Texas/24-008749-003/2024(H5N1)	1248	17652
NP|PP755592.1|A/cattle/Texas/24-008749-003/2024(H5N1)	1249	17102
NP|PP755592.1|A/cattle/Texas/24-008749-003/2024(H5N1)	1250	17095
NP|PP755592.1|A/cattle/Texas/24-008749-003/2024(H5N1)	1251	17121
NP|PP755592.1|A/cattle/Texas/24-008749-003/2024(H5N1)	1252	17019
NP|PP755592.1|A/cattle/Texas/24-008749-003/2024(H5N1)	1253	17023
NP|PP755592.1|A/cattle/Texas/24-008749-003/2024(H5N1)	1254	16973
NP|PP755592.1|A/cattle/Texas/24-008749-003/2024(H5N1)	1255	16949
NP|PP755592.1|A/cattle/Texas/24-008749-003/2024(H5N1)	1256	16935
NP|PP755592.1|A/cattle/Texas/24-008749-003/2024(H5N1)	1257	17019
NP|PP755592.1|A/cattle/Texas/24-008749-003/2024(H5N1)	1258	17006
NP|PP755592.1|A/cattle/Texas/24-008749-003/2024(H5N1)	1259	16995
NP|PP755592.1|A/cattle/Texas/24-008749-003/2024(H5N1)	1260	16809
NP|PP755592.1|A/cattle/Texas/24-008749-003/2024(H5N1)	1261	16805
NP|PP755592.1|A/cattle/Texas/24-008749-003/2024(H5N1)	1262	16875
NP|PP755592.1|A/cattle/Texas/24-008749-003/2024(H5N1)	1263	16867
NP|PP755592.1|A/cattle/Texas/24-008749-003/2024(H5N1)	1264	16790
NP|PP755592.1|A/cattle/Texas/24-008749-003/2024(H5N1)	1265	16944
NP|PP755592.1|A/cattle/Texas/24-008749-003/2024(H5N1)	1266	16827
NP|PP755592.1|A/cattle/Texas/24-008749-003/2024(H5N1)	1267	16831
NP|PP755592.1|A/cattle/Texas/24-008749-003/2024(H5N1)	1268	16749
NP|PP755592.1|A/cattle/Texas/24-008749-003/2024(H5N1)	1269	16776
NP|PP755592.1|A/cattle/Texas/24-008749-003/2024(H5N1)	1270	16917
NP|PP755592.1|A/cattle/Texas/24-008749-003/2024(H5N1)	1271	16886
NP|PP755592.1|A/cattle/Texas/24-008749-003/2024(H5N1)	1272	17179
NP|PP755592.1|A/cattle/Texas/24-008749-003/2024(H5N1)	1273	17166
NP|PP755592.1|A/cattle/Texas/24-008749-003/2024(H5N1)	1274	17128
NP|PP755592.1|A/cattle/Texas/24-008749-003/2024(H5N1)	1275	16747
NP|PP755592.1|A/cattle/Texas/24-008749-003/2024(H5N1)	1276	16805
NP|PP755592.1|A/cattle/Texas/24-008749-003/2024(H5N1)	1277	16863
NP|PP755592.1|A/cattle/Texas/24-008749-003/2024(H5N1)	1278	16661
NP|PP755592.1|A/cattle/Texas/24-008749-003/2024(H5N1)	1279	16536
NP|PP755592.1|A/cattle/Texas/24-008749-003/2024(H5N1)	1280	16497
NP|PP755592.1|A/cattle/Texas/24-008749-003/2024(H5N1)	1281	16154
NP|PP755592.1|A/cattle/Texas/24-008749-003/2024(H5N1)	1282	16222
NP|PP755592.1|A/cattle/Texas/24-008749-003/2024(H5N1)	1283	15863
NP|PP755592.1|A/cattle/Texas/24-008749-003/2024(H5N1)	1284	16023
NP|PP755592.1|A/cattle/Texas/24-008749-003/2024(H5N1)	1285	16035
NP|PP755592.1|A/cattle/Texas/24-008749-003/2024(H5N1)	1286	15910
NP|PP755592.1|A/cattle/Texas/24-008749-003/2024(H5N1)	1287	15887
NP|PP755592.1|A/cattle/Texas/24-008749-003/2024(H5N1)	1288	15883
NP|PP755592.1|A/cattle/Texas/24-008749-003/2024(H5N1)	1289	15843
NP|PP755592.1|A/cattle/Texas/24-008749-003/2024(H5N1)	1290	15868
NP|PP755592.1|A/cattle/Texas/24-008749-003/2024(H5N1)	1291	15872
NP|PP755592.1|A/cattle/Texas/24-008749-003/2024(H5N1)	1292	16575
NP|PP755592.1|A/cattle/Texas/24-008749-003/2024(H5N1)	1293	16562
NP|PP755592.1|A/cattle/Texas/24-008749-003/2024(H5N1)	1294	16374
NP|PP755592.1|A/cattle/Texas/24-008749-003/2024(H5N1)	1295	16520
NP|PP755592.1|A/cattle/Texas/24-008749-003/2024(H5N1)	1296	16643
NP|PP755592.1|A/cattle/Texas/24-008749-003/2024(H5N1)	1297	16704
NP|PP755592.1|A/cattle/Texas/24-008749-003/2024(H5N1)	1298	16496
NP|PP755592.1|A/cattle/Texas/24-008749-003/2024(H5N1)	1299	16005
NP|PP755592.1|A/cattle/Texas/24-008749-003/2024(H5N1)	1300	16015
NP|PP755592.1|A/cattle/Texas/24-008749-003/2024(H5N1)	1301	16265
NP|PP755592.1|A/cattle/Texas/24-008749-003/2024(H5N1)	1302	16352
NP|PP755592.1|A/cattle/Texas/24-008749-003/2024(H5N1)	1303	16102
NP|PP755592.1|A/cattle/Texas/24-008749-003/2024(H5N1)	1304	16120
NP|PP755592.1|A/cattle/Texas/24-008749-003/2024(H5N1)	1305	16128
NP|PP755592.1|A/cattle/Texas/24-008749-003/2024(H5N1)	1306	16000
NP|PP755592.1|A/cattle/Texas/24-008749-003/2024(H5N1)	1307	16052
NP|PP755592.1|A/cattle/Texas/24-008749-003/2024(H5N1)	1308	16144
NP|PP755592.1|A/cattle/Texas/24-008749-003/2024(H5N1)	1309	16101
NP|PP755592.1|A/cattle/Texas/24-008749-003/2024(H5N1)	1310	16292
NP|PP755592.1|A/cattle/Texas/24-008749-003/2024(H5N1)	1311	16122
NP|PP755592.1|A/cattle/Texas/24-008749-003/2024(H5N1)	1312	16166
NP|PP755592.1|A/cattle/Texas/24-008749-003/2024(H5N1)	1313	16135
NP|PP755592.1|A/cattle/Texas/24-008749-003/2024(H5N1)	1314	16130
NP|PP755592.1|A/cattle/Texas/24-008749-003/2024(H5N1)	1315	16169
NP|PP755592.1|A/cattle/Texas/24-008749-003/2024(H5N1)	1316	16326
NP|PP755592.1|A/cattle/Texas/24-008749-003/2024(H5N1)	1317	16447
NP|PP755592.1|A/cattle/Texas/24-008749-003/2024(H5N1)	1318	16350
NP|PP755592.1|A/cattle/Texas/24-008749-003/2024(H5N1)	1319	16157
NP|PP755592.1|A/cattle/Texas/24-008749-003/2024(H5N1)	1320	16143
NP|PP755592.1|A/cattle/Texas/24-008749-003/2024(H5N1)	1321	16104
NP|PP755592.1|A/cattle/Texas/24-008749-003/2024(H5N1)	1322	16270
NP|PP755592.1|A/cattle/Texas/24-008749-003/2024(H5N1)	1323	16343
NP|PP755592.1|A/cattle/Texas/24-008749-003/2024(H5N1)	1324	16280
NP|PP755592.1|A/cattle/Texas/24-008749-003/2024(H5N1)	1325	16147
NP|PP755592.1|A/cattle/Texas/24-008749-003/2024(H5N1)	1326	15792
NP|PP755592.1|A/cattle/Texas/24-008749-003/2024(H5N1)	1327	15845
NP|PP755592.1|A/cattle/Texas/24-008749-003/2024(H5N1)	1328	15751
NP|PP755592.1|A/cattle/Texas/24-008749-003/2024(H5N1)	1329	15732
NP|PP755592.1|A/cattle/Texas/24-008749-003/2024(H5N1)	1330	16017
NP|PP755592.1|A/cattle/Texas/24-008749-003/2024(H5N1)	1331	15897
NP|PP755592.1|A/cattle/Texas/24-008749-003/2024(H5N1)	1332	16034
NP|PP755592.1|A/cattle/Texas/24-008749-003/2024(H5N1)	1333	17474
NP|PP755592.1|A/cattle/Texas/24-008749-003/2024(H5N1)	1334	17466
NP|PP755592.1|A/cattle/Texas/24-008749-003/2024(H5N1)	1335	17588
NP|PP755592.1|A/cattle/Texas/24-008749-003/2024(H5N1)	1336	17469
NP|PP755592.1|A/cattle/Texas/24-008749-003/2024(H5N1)	1337	17555
NP|PP755592.1|A/cattle/Texas/24-008749-003/2024(H5N1)	1338	17335
NP|PP755592.1|A/cattle/Texas/24-008749-003/2024(H5N1)	1339	17370
NP|PP755592.1|A/cattle/Texas/24-008749-003/2024(H5N1)	1340	16843
NP|PP755592.1|A/cattle/Texas/24-008749-003/2024(H5N1)	1341	16624
NP|PP755592.1|A/cattle/Texas/24-008749-003/2024(H5N1)	1342	17433
NP|PP755592.1|A/cattle/Texas/24-008749-003/2024(H5N1)	1343	17873
NP|PP755592.1|A/cattle/Texas/24-008749-003/2024(H5N1)	1344	17876
NP|PP755592.1|A/cattle/Texas/24-008749-003/2024(H5N1)	1345	17795
NP|PP755592.1|A/cattle/Texas/24-008749-003/2024(H5N1)	1346	17632
NP|PP755592.1|A/cattle/Texas/24-008749-003/2024(H5N1)	1347	17606
NP|PP755592.1|A/cattle/Texas/24-008749-003/2024(H5N1)	1348	17558
NP|PP755592.1|A/cattle/Texas/24-008749-003/2024(H5N1)	1349	17638
NP|PP755592.1|A/cattle/Texas/24-008749-003/2024(H5N1)	1350	17599
NP|PP755592.1|A/cattle/Texas/24-008749-003/2024(H5N1)	1351	17574
NP|PP755592.1|A/cattle/Texas/24-008749-003/2024(H5N1)	1352	17456
NP|PP755592.1|A/cattle/Texas/24-008749-003/2024(H5N1)	1353	17426
NP|PP755592.1|A/cattle/Texas/24-008749-003/2024(H5N1)	1354	17366
NP|PP755592.1|A/cattle/Texas/24-008749-003/2024(H5N1)	1355	17469
NP|PP755592.1|A/cattle/Texas/24-008749-003/2024(H5N1)	1356	17368
NP|PP755592.1|A/cattle/Texas/24-008749-003/2024(H5N1)	1357	17574
NP|PP755592.1|A/cattle/Texas/24-008749-003/2024(H5N1)	1358	17358
NP|PP755592.1|A/cattle/Texas/24-008749-003/2024(H5N1)	1359	17194
NP|PP755592.1|A/cattle/Texas/24-008749-003/2024(H5N1)	1360	17229
NP|PP755592.1|A/cattle/Texas/24-008749-003/2024(H5N1)	1361	17247
NP|PP755592.1|A/cattle/Texas/24-008749-003/2024(H5N1)	1362	17279
NP|PP755592.1|A/cattle/Texas/24-008749-003/2024(H5N1)	1363	17256
NP|PP755592.1|A/cattle/Texas/24-008749-003/2024(H5N1)	1364	17109
NP|PP755592.1|A/cattle/Texas/24-008749-003/2024(H5N1)	1365	17234
NP|PP755592.1|A/cattle/Texas/24-008749-003/2024(H5N1)	1366	16979
NP|PP755592.1|A/cattle/Texas/24-008749-003/2024(H5N1)	1367	16912
NP|PP755592.1|A/cattle/Texas/24-008749-003/2024(H5N1)	1368	16788
NP|PP755592.1|A/cattle/Texas/24-008749-003/2024(H5N1)	1369	18932
NP|PP755592.1|A/cattle/Texas/24-008749-003/2024(H5N1)	1370	18770
NP|PP755592.1|A/cattle/Texas/24-008749-003/2024(H5N1)	1371	18917
NP|PP755592.1|A/cattle/Texas/24-008749-003/2024(H5N1)	1372	19061
NP|PP755592.1|A/cattle/Texas/24-008749-003/2024(H5N1)	1373	18971
NP|PP755592.1|A/cattle/Texas/24-008749-003/2024(H5N1)	1374	19153
NP|PP755592.1|A/cattle/Texas/24-008749-003/2024(H5N1)	1375	19067
NP|PP755592.1|A/cattle/Texas/24-008749-003/2024(H5N1)	1376	18964
NP|PP755592.1|A/cattle/Texas/24-008749-003/2024(H5N1)	1377	18968
NP|PP755592.1|A/cattle/Texas/24-008749-003/2024(H5N1)	1378	18393
NP|PP755592.1|A/cattle/Texas/24-008749-003/2024(H5N1)	1379	18397
NP|PP755592.1|A/cattle/Texas/24-008749-003/2024(H5N1)	1380	18357
NP|PP755592.1|A/cattle/Texas/24-008749-003/2024(H5N1)	1381	17757
NP|PP755592.1|A/cattle/Texas/24-008749-003/2024(H5N1)	1382	17752
NP|PP755592.1|A/cattle/Texas/24-008749-003/2024(H5N1)	1383	17663
NP|PP755592.1|A/cattle/Texas/24-008749-003/2024(H5N1)	1384	17662
NP|PP755592.1|A/cattle/Texas/24-008749-003/2024(H5N1)	1385	17677
NP|PP755592.1|A/cattle/Texas/24-008749-003/2024(H5N1)	1386	17296
NP|PP755592.1|A/cattle/Texas/24-008749-003/2024(H5N1)	1387	17464
NP|PP755592.1|A/cattle/Texas/24-008749-003/2024(H5N1)	1388	17050
NP|PP755592.1|A/cattle/Texas/24-008749-003/2024(H5N1)	1389	16452
NP|PP755592.1|A/cattle/Texas/24-008749-003/2024(H5N1)	1390	16445
NP|PP755592.1|A/cattle/Texas/24-008749-003/2024(H5N1)	1391	16437
NP|PP755592.1|A/cattle/Texas/24-008749-003/2024(H5N1)	1392	16396
NP|PP755592.1|A/cattle/Texas/24-008749-003/2024(H5N1)	1393	16393
NP|PP755592.1|A/cattle/Texas/24-008749-003/2024(H5N1)	1394	16334
NP|PP755592.1|A/cattle/Texas/24-008749-003/2024(H5N1)	1395	16338
NP|PP755592.1|A/cattle/Texas/24-008749-003/2024(H5N1)	1396	15634
NP|PP755592.1|A/cattle/Texas/24-008749-003/2024(H5N1)	1397	15540
NP|PP755592.1|A/cattle/Texas/24-008749-003/2024(H5N1)	1398	15440
NP|PP755592.1|A/cattle/Texas/24-008749-003/2024(H5N1)	1399	15430
NP|PP755592.1|A/cattle/Texas/24-008749-003/2024(H5N1)	1400	15423
NP|PP755592.1|A/cattle/Texas/24-008749-003/2024(H5N1)	1401	15423
NP|PP755592.1|A/cattle/Texas/24-008749-003/2024(H5N1)	1402	15401
NP|PP755592.1|A/cattle/Texas/24-008749-003/2024(H5N1)	1403	15391
NP|PP755592.1|A/cattle/Texas/24-008749-003/2024(H5N1)	1404	15363
NP|PP755592.1|A/cattle/Texas/24-008749-003/2024(H5N1)	1405	15338
NP|PP755592.1|A/cattle/Texas/24-008749-003/2024(H5N1)	1406	15318
NP|PP755592.1|A/cattle/Texas/24-008749-003/2024(H5N1)	1407	15258
NP|PP755592.1|A/cattle/Texas/24-008749-003/2024(H5N1)	1408	15178
NP|PP755592.1|A/cattle/Texas/24-008749-003/2024(H5N1)	1409	15163
NP|PP755592.1|A/cattle/Texas/24-008749-003/2024(H5N1)	1410	15175
NP|PP755592.1|A/cattle/Texas/24-008749-003/2024(H5N1)	1411	15108
NP|PP755592.1|A/cattle/Texas/24-008749-003/2024(H5N1)	1412	15104
NP|PP755592.1|A/cattle/Texas/24-008749-003/2024(H5N1)	1413	15042
NP|PP755592.1|A/cattle/Texas/24-008749-003/2024(H5N1)	1414	15047
NP|PP755592.1|A/cattle/Texas/24-008749-003/2024(H5N1)	1415	14885
NP|PP755592.1|A/cattle/Texas/24-008749-003/2024(H5N1)	1416	14897
NP|PP755592.1|A/cattle/Texas/24-008749-003/2024(H5N1)	1417	14883
NP|PP755592.1|A/cattle/Texas/24-008749-003/2024(H5N1)	1418	14853
NP|PP755592.1|A/cattle/Texas/24-008749-003/2024(H5N1)	1419	14835
NP|PP755592.1|A/cattle/Texas/24-008749-003/2024(H5N1)	1420	14718
NP|PP755592.1|A/cattle/Texas/24-008749-003/2024(H5N1)	1421	14593
NP|PP755592.1|A/cattle/Texas/24-008749-003/2024(H5N1)	1422	14592
NP|PP755592.1|A/cattle/Texas/24-008749-003/2024(H5N1)	1423	14284
NP|PP755592.1|A/cattle/Texas/24-008749-003/2024(H5N1)	1424	14281
NP|PP755592.1|A/cattle/Texas/24-008749-003/2024(H5N1)	1425	14086
NP|PP755592.1|A/cattle/Texas/24-008749-003/2024(H5N1)	1426	14088
NP|PP755592.1|A/cattle/Texas/24-008749-003/2024(H5N1)	1427	13971
NP|PP755592.1|A/cattle/Texas/24-008749-003/2024(H5N1)	1428	13915
NP|PP755592.1|A/cattle/Texas/24-008749-003/2024(H5N1)	1429	13904
NP|PP755592.1|A/cattle/Texas/24-008749-003/2024(H5N1)	1430	13858
NP|PP755592.1|A/cattle/Texas/24-008749-003/2024(H5N1)	1431	13743
NP|PP755592.1|A/cattle/Texas/24-008749-003/2024(H5N1)	1432	13699
NP|PP755592.1|A/cattle/Texas/24-008749-003/2024(H5N1)	1433	13672
NP|PP755592.1|A/cattle/Texas/24-008749-003/2024(H5N1)	1434	13627
NP|PP755592.1|A/cattle/Texas/24-008749-003/2024(H5N1)	1435	13481
NP|PP755592.1|A/cattle/Texas/24-008749-003/2024(H5N1)	1436	13464
NP|PP755592.1|A/cattle/Texas/24-008749-003/2024(H5N1)	1437	13417
NP|PP755592.1|A/cattle/Texas/24-008749-003/2024(H5N1)	1438	13445
NP|PP755592.1|A/cattle/Texas/24-008749-003/2024(H5N1)	1439	13437
NP|PP755592.1|A/cattle/Texas/24-008749-003/2024(H5N1)	1440	13378
NP|PP755592.1|A/cattle/Texas/24-008749-003/2024(H5N1)	1441	13334
NP|PP755592.1|A/cattle/Texas/24-008749-003/2024(H5N1)	1442	12320
NP|PP755592.1|A/cattle/Texas/24-008749-003/2024(H5N1)	1443	12325
NP|PP755592.1|A/cattle/Texas/24-008749-003/2024(H5N1)	1444	12289
NP|PP755592.1|A/cattle/Texas/24-008749-003/2024(H5N1)	1445	12295
NP|PP755592.1|A/cattle/Texas/24-008749-003/2024(H5N1)	1446	12106
NP|PP755592.1|A/cattle/Texas/24-008749-003/2024(H5N1)	1447	11801
NP|PP755592.1|A/cattle/Texas/24-008749-003/2024(H5N1)	1448	11737
NP|PP755592.1|A/cattle/Texas/24-008749-003/2024(H5N1)	1449	11695
NP|PP755592.1|A/cattle/Texas/24-008749-003/2024(H5N1)	1450	11695
NP|PP755592.1|A/cattle/Texas/24-008749-003/2024(H5N1)	1451	11677
NP|PP755592.1|A/cattle/Texas/24-008749-003/2024(H5N1)	1452	11357
NP|PP755592.1|A/cattle/Texas/24-008749-003/2024(H5N1)	1453	11208
NP|PP755592.1|A/cattle/Texas/24-008749-003/2024(H5N1)	1454	11062
NP|PP755592.1|A/cattle/Texas/24-008749-003/2024(H5N1)	1455	10983
NP|PP755592.1|A/cattle/Texas/24-008749-003/2024(H5N1)	1456	10982
NP|PP755592.1|A/cattle/Texas/24-008749-003/2024(H5N1)	1457	10808
NP|PP755592.1|A/cattle/Texas/24-008749-003/2024(H5N1)	1458	10753
NP|PP755592.1|A/cattle/Texas/24-008749-003/2024(H5N1)	1459	10729
NP|PP755592.1|A/cattle/Texas/24-008749-003/2024(H5N1)	1460	10657
NP|PP755592.1|A/cattle/Texas/24-008749-003/2024(H5N1)	1461	10499
NP|PP755592.1|A/cattle/Texas/24-008749-003/2024(H5N1)	1462	10430
NP|PP755592.1|A/cattle/Texas/24-008749-003/2024(H5N1)	1463	10360
NP|PP755592.1|A/cattle/Texas/24-008749-003/2024(H5N1)	1464	10256
NP|PP755592.1|A/cattle/Texas/24-008749-003/2024(H5N1)	1465	10089
NP|PP755592.1|A/cattle/Texas/24-008749-003/2024(H5N1)	1466	10084
NP|PP755592.1|A/cattle/Texas/24-008749-003/2024(H5N1)	1467	9898
NP|PP755592.1|A/cattle/Texas/24-008749-003/2024(H5N1)	1468	9865
NP|PP755592.1|A/cattle/Texas/24-008749-003/2024(H5N1)	1469	9864
NP|PP755592.1|A/cattle/Texas/24-008749-003/2024(H5N1)	1470	9774
NP|PP755592.1|A/cattle/Texas/24-008749-003/2024(H5N1)	1471	9771
NP|PP755592.1|A/cattle/Texas/24-008749-003/2024(H5N1)	1472	9758
NP|PP755592.1|A/cattle/Texas/24-008749-003/2024(H5N1)	1473	9603
NP|PP755592.1|A/cattle/Texas/24-008749-003/2024(H5N1)	1474	9484
NP|PP755592.1|A/cattle/Texas/24-008749-003/2024(H5N1)	1475	9469
NP|PP755592.1|A/cattle/Texas/24-008749-003/2024(H5N1)	1476	9466
NP|PP755592.1|A/cattle/Texas/24-008749-003/2024(H5N1)	1477	9465
NP|PP755592.1|A/cattle/Texas/24-008749-003/2024(H5N1)	1478	9422
NP|PP755592.1|A/cattle/Texas/24-008749-003/2024(H5N1)	1479	9132
NP|PP755592.1|A/cattle/Texas/24-008749-003/2024(H5N1)	1480	9063
NP|PP755592.1|A/cattle/Texas/24-008749-003/2024(H5N1)	1481	8940
NP|PP755592.1|A/cattle/Texas/24-008749-003/2024(H5N1)	1482	8765
NP|PP755592.1|A/cattle/Texas/24-008749-003/2024(H5N1)	1483	8638
NP|PP755592.1|A/cattle/Texas/24-008749-003/2024(H5N1)	1484	6946
NP|PP755592.1|A/cattle/Texas/24-008749-003/2024(H5N1)	1485	6943
NP|PP755592.1|A/cattle/Texas/24-008749-003/2024(H5N1)	1486	6635
NP|PP755592.1|A/cattle/Texas/24-008749-003/2024(H5N1)	1487	6624
NP|PP755592.1|A/cattle/Texas/24-008749-003/2024(H5N1)	1488	6578
NP|PP755592.1|A/cattle/Texas/24-008749-003/2024(H5N1)	1489	6421
NP|PP755592.1|A/cattle/Texas/24-008749-003/2024(H5N1)	1490	6414
NP|PP755592.1|A/cattle/Texas/24-008749-003/2024(H5N1)	1491	6252
NP|PP755592.1|A/cattle/Texas/24-008749-003/2024(H5N1)	1492	5102
NP|PP755592.1|A/cattle/Texas/24-008749-003/2024(H5N1)	1493	5089
NP|PP755592.1|A/cattle/Texas/24-008749-003/2024(H5N1)	1494	4544
NP|PP755592.1|A/cattle/Texas/24-008749-003/2024(H5N1)	1495	4502
NP|PP755592.1|A/cattle/Texas/24-008749-003/2024(H5N1)	1496	4465
NP|PP755592.1|A/cattle/Texas/24-008749-003/2024(H5N1)	1497	4454
