NS|PP755593.1|A/cattle/Texas/24-008749-003/2024(H5N1)	1	61
NS|PP755593.1|A/cattle/Texas/24-008749-003/2024(H5N1)	2	61
NS|PP755593.1|A/cattle/Texas/24-008749-003/2024(H5N1)	3	65
NS|PP755593.1|A/cattle/Texas/24-008749-003/2024(H5N1)	4	67
NS|PP755593.1|A/cattle/Texas/24-008749-003/2024(H5N1)	5	69
NS|PP755593.1|A/cattle/Texas/24-008749-003/2024(H5N1)	6	93
NS|PP755593.1|A/cattle/Texas/24-008749-003/2024(H5N1)	7	94
NS|PP755593.1|A/cattle/Texas/24-008749-003/2024(H5N1)	8	100
NS|PP755593.1|A/cattle/Texas/24-008749-003/2024(H5N1)	9	101
NS|PP755593.1|A/cattle/Texas/24-008749-003/2024(H5N1)	10	101
NS|PP755593.1|A/cattle/Texas/24-008749-003/2024(H5N1)	11	101
NS|PP755593.1|A/cattle/Texas/24-008749-003/2024(H5N1)	12	101
NS|PP755593.1|A/cattle/Texas/24-008749-003/2024(H5N1)	13	101
NS|PP755593.1|A/cattle/Texas/24-008749-003/2024(H5N1)	14	102
NS|PP755593.1|A/cattle/Texas/24-008749-003/2024(H5N1)	15	102
NS|PP755593.1|A/cattle/Texas/24-008749-003/2024(H5N1)	16	113
NS|PP755593.1|A/cattle/Texas/24-008749-003/2024(H5N1)	17	114
NS|PP755593.1|A/cattle/Texas/24-008749-003/2024(H5N1)	18	114
NS|PP755593.1|A/cattle/Texas/24-008749-003/2024(H5N1)	19	114
NS|PP755593.1|A/cattle/Texas/24-008749-003/2024(H5N1)	20	114
NS|PP755593.1|A/cattle/Texas/24-008749-003/2024(H5N1)	21	114
NS|PP755593.1|A/cattle/Texas/24-008749-003/2024(H5N1)	22	114
NS|PP755593.1|A/cattle/Texas/24-008749-003/2024(H5N1)	23	115
NS|PP755593.1|A/cattle/Texas/24-008749-003/2024(H5N1)	24	118
NS|PP755593.1|A/cattle/Texas/24-008749-003/2024(H5N1)	25	118
NS|PP755593.1|A/cattle/Texas/24-008749-003/2024(H5N1)	26	119
NS|PP755593.1|A/cattle/Texas/24-008749-003/2024(H5N1)	27	119
NS|PP755593.1|A/cattle/Texas/24-008749-003/2024(H5N1)	28	124
NS|PP755593.1|A/cattle/Texas/24-008749-003/2024(H5N1)	29	124
NS|PP755593.1|A/cattle/Texas/24-008749-003/2024(H5N1)	30	124
NS|PP755593.1|A/cattle/Texas/24-008749-003/2024(H5N1)	31	124
NS|PP755593.1|A/cattle/Texas/24-008749-003/2024(H5N1)	32	124
NS|PP755593.1|A/cattle/Texas/24-008749-003/2024(H5N1)	33	125
NS|PP755593.1|A/cattle/Texas/24-008749-003/2024(H5N1)	34	127
NS|PP755593.1|A/cattle/Texas/24-008749-003/2024(H5N1)	35	127
NS|PP755593.1|A/cattle/Texas/24-008749-003/2024(H5N1)	36	128
NS|PP755593.1|A/cattle/Texas/24-008749-003/2024(H5N1)	37	128
NS|PP755593.1|A/cattle/Texas/24-008749-003/2024(H5N1)	38	130
NS|PP755593.1|A/cattle/Texas/24-008749-003/2024(H5N1)	39	130
NS|PP755593.1|A/cattle/Texas/24-008749-003/2024(H5N1)	40	130
NS|PP755593.1|A/cattle/Texas/24-008749-003/2024(H5N1)	41	130
NS|PP755593.1|A/cattle/Texas/24-008749-003/2024(H5N1)	42	130
NS|PP755593.1|A/cattle/Texas/24-008749-003/2024(H5N1)	43	130
NS|PP755593.1|A/cattle/Texas/24-008749-003/2024(H5N1)	44	130
NS|PP755593.1|A/cattle/Texas/24-008749-003/2024(H5N1)	45	131
NS|PP755593.1|A/cattle/Texas/24-008749-003/2024(H5N1)	46	131
NS|PP755593.1|A/cattle/Texas/24-008749-003/2024(H5N1)	47	132
NS|PP755593.1|A/cattle/Texas/24-008749-003/2024(H5N1)	48	132
NS|PP755593.1|A/cattle/Texas/24-008749-003/2024(H5N1)	49	134
NS|PP755593.1|A/cattle/Texas/24-008749-003/2024(H5N1)	50	134
NS|PP755593.1|A/cattle/Texas/24-008749-003/2024(H5N1)	51	136
NS|PP755593.1|A/cattle/Texas/24-008749-003/2024(H5N1)	52	137
NS|PP755593.1|A/cattle/Texas/24-008749-003/2024(H5N1)	53	138
NS|PP755593.1|A/cattle/Texas/24-008749-003/2024(H5N1)	54	138
NS|PP755593.1|A/cattle/Texas/24-008749-003/2024(H5N1)	55	138
NS|PP755593.1|A/cattle/Texas/24-008749-003/2024(H5N1)	56	138
NS|PP755593.1|A/cattle/Texas/24-008749-003/2024(H5N1)	57	138
NS|PP755593.1|A/cattle/Texas/24-008749-003/2024(H5N1)	58	138
NS|PP755593.1|A/cattle/Texas/24-008749-003/2024(H5N1)	59	138
NS|PP755593.1|A/cattle/Texas/24-008749-003/2024(H5N1)	60	138
NS|PP755593.1|A/cattle/Texas/24-008749-003/2024(H5N1)	61	137
NS|PP755593.1|A/cattle/Texas/24-008749-003/2024(H5N1)	62	137
NS|PP755593.1|A/cattle/Texas/24-008749-003/2024(H5N1)	63	137
NS|PP755593.1|A/cattle/Texas/24-008749-003/2024(H5N1)	64	137
NS|PP755593.1|A/cattle/Texas/24-008749-003/2024(H5N1)	65	137
NS|PP755593.1|A/cattle/Texas/24-008749-003/2024(H5N1)	66	137
NS|PP755593.1|A/cattle/Texas/24-008749-003/2024(H5N1)	67	137
NS|PP755593.1|A/cattle/Texas/24-008749-003/2024(H5N1)	68	138
NS|PP755593.1|A/cattle/Texas/24-008749-003/2024(H5N1)	69	138
NS|PP755593.1|A/cattle/Texas/24-008749-003/2024(H5N1)	70	141
NS|PP755593.1|A/cattle/Texas/24-008749-003/2024(H5N1)	71	147
NS|PP755593.1|A/cattle/Texas/24-008749-003/2024(H5N1)	72	148
NS|PP755593.1|A/cattle/Texas/24-008749-003/2024(H5N1)	73	148
NS|PP755593.1|A/cattle/Texas/24-008749-003/2024(H5N1)	74	148
NS|PP755593.1|A/cattle/Texas/24-008749-003/2024(H5N1)	75	148
NS|PP755593.1|A/cattle/Texas/24-008749-003/2024(H5N1)	76	155
NS|PP755593.1|A/cattle/Texas/24-008749-003/2024(H5N1)	77	155
NS|PP755593.1|A/cattle/Texas/24-008749-003/2024(H5N1)	78	155
NS|PP755593.1|A/cattle/Texas/24-008749-003/2024(H5N1)	79	156
NS|PP755593.1|A/cattle/Texas/24-008749-003/2024(H5N1)	80	154
NS|PP755593.1|A/cattle/Texas/24-008749-003/2024(H5N1)	81	156
NS|PP755593.1|A/cattle/Texas/24-008749-003/2024(H5N1)	82	159
NS|PP755593.1|A/cattle/Texas/24-008749-003/2024(H5N1)	83	162
NS|PP755593.1|A/cattle/Texas/24-008749-003/2024(H5N1)	84	162
NS|PP755593.1|A/cattle/Texas/24-008749-003/2024(H5N1)	85	162
NS|PP755593.1|A/cattle/Texas/24-008749-003/2024(H5N1)	86	162
NS|PP755593.1|A/cattle/Texas/24-008749-003/2024(H5N1)	87	161
NS|PP755593.1|A/cattle/Texas/24-008749-003/2024(H5N1)	88	168
NS|PP755593.1|A/cattle/Texas/24-008749-003/2024(H5N1)	89	171
NS|PP755593.1|A/cattle/Texas/24-008749-003/2024(H5N1)	90	171
NS|PP755593.1|A/cattle/Texas/24-008749-003/2024(H5N1)	91	171
NS|PP755593.1|A/cattle/Texas/24-008749-003/2024(H5N1)	92	171
NS|PP755593.1|A/cattle/Texas/24-008749-003/2024(H5N1)	93	171
NS|PP755593.1|A/cattle/Texas/24-008749-003/2024(H5N1)	94	175
NS|PP755593.1|A/cattle/Texas/24-008749-003/2024(H5N1)	95	178
NS|PP755593.1|A/cattle/Texas/24-008749-003/2024(H5N1)	96	179
NS|PP755593.1|A/cattle/Texas/24-008749-003/2024(H5N1)	97	179
NS|PP755593.1|A/cattle/Texas/24-008749-003/2024(H5N1)	98	179
NS|PP755593.1|A/cattle/Texas/24-008749-003/2024(H5N1)	99	179
NS|PP755593.1|A/cattle/Texas/24-008749-003/2024(H5N1)	100	179
NS|PP755593.1|A/cattle/Texas/24-008749-003/2024(H5N1)	101	179
NS|PP755593.1|A/cattle/Texas/24-008749-003/2024(H5N1)	102	179
NS|PP755593.1|A/cattle/Texas/24-008749-003/2024(H5N1)	103	186
NS|PP755593.1|A/cattle/Texas/24-008749-003/2024(H5N1)	104	186
NS|PP755593.1|A/cattle/Texas/24-008749-003/2024(H5N1)	105	189
NS|PP755593.1|A/cattle/Texas/24-008749-003/2024(H5N1)	106	191
NS|PP755593.1|A/cattle/Texas/24-008749-003/2024(H5N1)	107	192
NS|PP755593.1|A/cattle/Texas/24-008749-003/2024(H5N1)	108	194
NS|PP755593.1|A/cattle/Texas/24-008749-003/2024(H5N1)	109	195
NS|PP755593.1|A/cattle/Texas/24-008749-003/2024(H5N1)	110	196
NS|PP755593.1|A/cattle/Texas/24-008749-003/2024(H5N1)	111	196
NS|PP755593.1|A/cattle/Texas/24-008749-003/2024(H5N1)	112	196
NS|PP755593.1|A/cattle/Texas/24-008749-003/2024(H5N1)	113	196
NS|PP755593.1|A/cattle/Texas/24-008749-003/2024(H5N1)	114	194
NS|PP755593.1|A/cattle/Texas/24-008749-003/2024(H5N1)	115	207
NS|PP755593.1|A/cattle/Texas/24-008749-003/2024(H5N1)	116	208
NS|PP755593.1|A/cattle/Texas/24-008749-003/2024(H5N1)	117	208
NS|PP755593.1|A/cattle/Texas/24-008749-003/2024(H5N1)	118	208
NS|PP755593.1|A/cattle/Texas/24-008749-003/2024(H5N1)	119	208
NS|PP755593.1|A/cattle/Texas/24-008749-003/2024(H5N1)	120	208
NS|PP755593.1|A/cattle/Texas/24-008749-003/2024(H5N1)	121	208
NS|PP755593.1|A/cattle/Texas/24-008749-003/2024(H5N1)	122	208
NS|PP755593.1|A/cattle/Texas/24-008749-003/2024(H5N1)	123	214
NS|PP755593.1|A/cattle/Texas/24-008749-003/2024(H5N1)	124	217
NS|PP755593.1|A/cattle/Texas/24-008749-003/2024(H5N1)	125	189
NS|PP755593.1|A/cattle/Texas/24-008749-003/2024(H5N1)	126	184
NS|PP755593.1|A/cattle/Texas/24-008749-003/2024(H5N1)	127	183
NS|PP755593.1|A/cattle/Texas/24-008749-003/2024(H5N1)	128	189
NS|PP755593.1|A/cattle/Texas/24-008749-003/2024(H5N1)	129	189
NS|PP755593.1|A/cattle/Texas/24-008749-003/2024(H5N1)	130	187
NS|PP755593.1|A/cattle/Texas/24-008749-003/2024(H5N1)	131	193
NS|PP755593.1|A/cattle/Texas/24-008749-003/2024(H5N1)	132	193
NS|PP755593.1|A/cattle/Texas/24-008749-003/2024(H5N1)	133	197
NS|PP755593.1|A/cattle/Texas/24-008749-003/2024(H5N1)	134	196
NS|PP755593.1|A/cattle/Texas/24-008749-003/2024(H5N1)	135	196
NS|PP755593.1|A/cattle/Texas/24-008749-003/2024(H5N1)	136	194
NS|PP755593.1|A/cattle/Texas/24-008749-003/2024(H5N1)	137	194
NS|PP755593.1|A/cattle/Texas/24-008749-003/2024(H5N1)	138	196
NS|PP755593.1|A/cattle/Texas/24-008749-003/2024(H5N1)	139	206
NS|PP755593.1|A/cattle/Texas/24-008749-003/2024(H5N1)	140	211
NS|PP755593.1|A/cattle/Texas/24-008749-003/2024(H5N1)	141	211
NS|PP755593.1|A/cattle/Texas/24-008749-003/2024(H5N1)	142	211
NS|PP755593.1|A/cattle/Texas/24-008749-003/2024(H5N1)	143	211
NS|PP755593.1|A/cattle/Texas/24-008749-003/2024(H5N1)	144	213
NS|PP755593.1|A/cattle/Texas/24-008749-003/2024(H5N1)	145	213
NS|PP755593.1|A/cattle/Texas/24-008749-003/2024(H5N1)	146	220
NS|PP755593.1|A/cattle/Texas/24-008749-003/2024(H5N1)	147	221
NS|PP755593.1|A/cattle/Texas/24-008749-003/2024(H5N1)	148	220
NS|PP755593.1|A/cattle/Texas/24-008749-003/2024(H5N1)	149	225
NS|PP755593.1|A/cattle/Texas/24-008749-003/2024(H5N1)	150	225
NS|PP755593.1|A/cattle/Texas/24-008749-003/2024(H5N1)	151	231
NS|PP755593.1|A/cattle/Texas/24-008749-003/2024(H5N1)	152	229
NS|PP755593.1|A/cattle/Texas/24-008749-003/2024(H5N1)	153	229
NS|PP755593.1|A/cattle/Texas/24-008749-003/2024(H5N1)	154	204
NS|PP755593.1|A/cattle/Texas/24-008749-003/2024(H5N1)	155	202
NS|PP755593.1|A/cattle/Texas/24-008749-003/2024(H5N1)	156	204
NS|PP755593.1|A/cattle/Texas/24-008749-003/2024(H5N1)	157	203
NS|PP755593.1|A/cattle/Texas/24-008749-003/2024(H5N1)	158	203
NS|PP755593.1|A/cattle/Texas/24-008749-003/2024(H5N1)	159	197
NS|PP755593.1|A/cattle/Texas/24-008749-003/2024(H5N1)	160	197
NS|PP755593.1|A/cattle/Texas/24-008749-003/2024(H5N1)	161	197
NS|PP755593.1|A/cattle/Texas/24-008749-003/2024(H5N1)	162	197
NS|PP755593.1|A/cattle/Texas/24-008749-003/2024(H5N1)	163	197
NS|PP755593.1|A/cattle/Texas/24-008749-003/2024(H5N1)	164	202
NS|PP755593.1|A/cattle/Texas/24-008749-003/2024(H5N1)	165	202
NS|PP755593.1|A/cattle/Texas/24-008749-003/2024(H5N1)	166	203
NS|PP755593.1|A/cattle/Texas/24-008749-003/2024(H5N1)	167	192
NS|PP755593.1|A/cattle/Texas/24-008749-003/2024(H5N1)	168	191
NS|PP755593.1|A/cattle/Texas/24-008749-003/2024(H5N1)	169	192
NS|PP755593.1|A/cattle/Texas/24-008749-003/2024(H5N1)	170	192
NS|PP755593.1|A/cattle/Texas/24-008749-003/2024(H5N1)	171	194
NS|PP755593.1|A/cattle/Texas/24-008749-003/2024(H5N1)	172	194
NS|PP755593.1|A/cattle/Texas/24-008749-003/2024(H5N1)	173	190
NS|PP755593.1|A/cattle/Texas/24-008749-003/2024(H5N1)	174	190
NS|PP755593.1|A/cattle/Texas/24-008749-003/2024(H5N1)	175	190
NS|PP755593.1|A/cattle/Texas/24-008749-003/2024(H5N1)	176	190
NS|PP755593.1|A/cattle/Texas/24-008749-003/2024(H5N1)	177	189
NS|PP755593.1|A/cattle/Texas/24-008749-003/2024(H5N1)	178	189
NS|PP755593.1|A/cattle/Texas/24-008749-003/2024(H5N1)	179	185
NS|PP755593.1|A/cattle/Texas/24-008749-003/2024(H5N1)	180	185
NS|PP755593.1|A/cattle/Texas/24-008749-003/2024(H5N1)	181	188
NS|PP755593.1|A/cattle/Texas/24-008749-003/2024(H5N1)	182	189
NS|PP755593.1|A/cattle/Texas/24-008749-003/2024(H5N1)	183	189
NS|PP755593.1|A/cattle/Texas/24-008749-003/2024(H5N1)	184	188
NS|PP755593.1|A/cattle/Texas/24-008749-003/2024(H5N1)	185	186
NS|PP755593.1|A/cattle/Texas/24-008749-003/2024(H5N1)	186	187
NS|PP755593.1|A/cattle/Texas/24-008749-003/2024(H5N1)	187	186
NS|PP755593.1|A/cattle/Texas/24-008749-003/2024(H5N1)	188	189
NS|PP755593.1|A/cattle/Texas/24-008749-003/2024(H5N1)	189	187
NS|PP755593.1|A/cattle/Texas/24-008749-003/2024(H5N1)	190	189
NS|PP755593.1|A/cattle/Texas/24-008749-003/2024(H5N1)	191	191
NS|PP755593.1|A/cattle/Texas/24-008749-003/2024(H5N1)	192	191
NS|PP755593.1|A/cattle/Texas/24-008749-003/2024(H5N1)	193	198
NS|PP755593.1|A/cattle/Texas/24-008749-003/2024(H5N1)	194	199
NS|PP755593.1|A/cattle/Texas/24-008749-003/2024(H5N1)	195	201
NS|PP755593.1|A/cattle/Texas/24-008749-003/2024(H5N1)	196	203
NS|PP755593.1|A/cattle/Texas/24-008749-003/2024(H5N1)	197	203
NS|PP755593.1|A/cattle/Texas/24-008749-003/2024(H5N1)	198	203
NS|PP755593.1|A/cattle/Texas/24-008749-003/2024(H5N1)	199	201
NS|PP755593.1|A/cattle/Texas/24-008749-003/2024(H5N1)	200	204
NS|PP755593.1|A/cattle/Texas/24-008749-003/2024(H5N1)	201	205
NS|PP755593.1|A/cattle/Texas/24-008749-003/2024(H5N1)	202	204
NS|PP755593.1|A/cattle/Texas/24-008749-003/2024(H5N1)	203	210
NS|PP755593.1|A/cattle/Texas/24-008749-003/2024(H5N1)	204	211
NS|PP755593.1|A/cattle/Texas/24-008749-003/2024(H5N1)	205	224
NS|PP755593.1|A/cattle/Texas/24-008749-003/2024(H5N1)	206	227
NS|PP755593.1|A/cattle/Texas/24-008749-003/2024(H5N1)	207	228
NS|PP755593.1|A/cattle/Texas/24-008749-003/2024(H5N1)	208	229
NS|PP755593.1|A/cattle/Texas/24-008749-003/2024(H5N1)	209	229
NS|PP755593.1|A/cattle/Texas/24-008749-003/2024(H5N1)	210	229
NS|PP755593.1|A/cattle/Texas/24-008749-003/2024(H5N1)	211	229
NS|PP755593.1|A/cattle/Texas/24-008749-003/2024(H5N1)	212	235
NS|PP755593.1|A/cattle/Texas/24-008749-003/2024(H5N1)	213	235
NS|PP755593.1|A/cattle/Texas/24-008749-003/2024(H5N1)	214	237
NS|PP755593.1|A/cattle/Texas/24-008749-003/2024(H5N1)	215	237
NS|PP755593.1|A/cattle/Texas/24-008749-003/2024(H5N1)	216	238
NS|PP755593.1|A/cattle/Texas/24-008749-003/2024(H5N1)	217	239
NS|PP755593.1|A/cattle/Texas/24-008749-003/2024(H5N1)	218	239
NS|PP755593.1|A/cattle/Texas/24-008749-003/2024(H5N1)	219	240
NS|PP755593.1|A/cattle/Texas/24-008749-003/2024(H5N1)	220	240
NS|PP755593.1|A/cattle/Texas/24-008749-003/2024(H5N1)	221	240
NS|PP755593.1|A/cattle/Texas/24-008749-003/2024(H5N1)	222	233
NS|PP755593.1|A/cattle/Texas/24-008749-003/2024(H5N1)	223	233
NS|PP755593.1|A/cattle/Texas/24-008749-003/2024(H5N1)	224	233
NS|PP755593.1|A/cattle/Texas/24-008749-003/2024(H5N1)	225	233
NS|PP755593.1|A/cattle/Texas/24-008749-003/2024(H5N1)	226	236
NS|PP755593.1|A/cattle/Texas/24-008749-003/2024(H5N1)	227	232
NS|PP755593.1|A/cattle/Texas/24-008749-003/2024(H5N1)	228	233
NS|PP755593.1|A/cattle/Texas/24-008749-003/2024(H5N1)	229	234
NS|PP755593.1|A/cattle/Texas/24-008749-003/2024(H5N1)	230	234
NS|PP755593.1|A/cattle/Texas/24-008749-003/2024(H5N1)	231	238
NS|PP755593.1|A/cattle/Texas/24-008749-003/2024(H5N1)	232	238
NS|PP755593.1|A/cattle/Texas/24-008749-003/2024(H5N1)	233	236
NS|PP755593.1|A/cattle/Texas/24-008749-003/2024(H5N1)	234	233
NS|PP755593.1|A/cattle/Texas/24-008749-003/2024(H5N1)	235	233
NS|PP755593.1|A/cattle/Texas/24-008749-003/2024(H5N1)	236	233
NS|PP755593.1|A/cattle/Texas/24-008749-003/2024(H5N1)	237	233
NS|PP755593.1|A/cattle/Texas/24-008749-003/2024(H5N1)	238	233
NS|PP755593.1|A/cattle/Texas/24-008749-003/2024(H5N1)	239	224
NS|PP755593.1|A/cattle/Texas/24-008749-003/2024(H5N1)	240	223
NS|PP755593.1|A/cattle/Texas/24-008749-003/2024(H5N1)	241	223
NS|PP755593.1|A/cattle/Texas/24-008749-003/2024(H5N1)	242	224
NS|PP755593.1|A/cattle/Texas/24-008749-003/2024(H5N1)	243	224
NS|PP755593.1|A/cattle/Texas/24-008749-003/2024(H5N1)	244	224
NS|PP755593.1|A/cattle/Texas/24-008749-003/2024(H5N1)	245	225
NS|PP755593.1|A/cattle/Texas/24-008749-003/2024(H5N1)	246	235
NS|PP755593.1|A/cattle/Texas/24-008749-003/2024(H5N1)	247	235
NS|PP755593.1|A/cattle/Texas/24-008749-003/2024(H5N1)	248	237
NS|PP755593.1|A/cattle/Texas/24-008749-003/2024(H5N1)	249	237
NS|PP755593.1|A/cattle/Texas/24-008749-003/2024(H5N1)	250	242
NS|PP755593.1|A/cattle/Texas/24-008749-003/2024(H5N1)	251	242
NS|PP755593.1|A/cattle/Texas/24-008749-003/2024(H5N1)	252	243
NS|PP755593.1|A/cattle/Texas/24-008749-003/2024(H5N1)	253	243
NS|PP755593.1|A/cattle/Texas/24-008749-003/2024(H5N1)	254	233
NS|PP755593.1|A/cattle/Texas/24-008749-003/2024(H5N1)	255	229
NS|PP755593.1|A/cattle/Texas/24-008749-003/2024(H5N1)	256	233
NS|PP755593.1|A/cattle/Texas/24-008749-003/2024(H5N1)	257	236
NS|PP755593.1|A/cattle/Texas/24-008749-003/2024(H5N1)	258	235
NS|PP755593.1|A/cattle/Texas/24-008749-003/2024(H5N1)	259	233
NS|PP755593.1|A/cattle/Texas/24-008749-003/2024(H5N1)	260	231
NS|PP755593.1|A/cattle/Texas/24-008749-003/2024(H5N1)	261	235
NS|PP755593.1|A/cattle/Texas/24-008749-003/2024(H5N1)	262	235
NS|PP755593.1|A/cattle/Texas/24-008749-003/2024(H5N1)	263	235
NS|PP755593.1|A/cattle/Texas/24-008749-003/2024(H5N1)	264	227
NS|PP755593.1|A/cattle/Texas/24-008749-003/2024(H5N1)	265	226
NS|PP755593.1|A/cattle/Texas/24-008749-003/2024(H5N1)	266	236
NS|PP755593.1|A/cattle/Texas/24-008749-003/2024(H5N1)	267	238
NS|PP755593.1|A/cattle/Texas/24-008749-003/2024(H5N1)	268	238
NS|PP755593.1|A/cattle/Texas/24-008749-003/2024(H5N1)	269	238
NS|PP755593.1|A/cattle/Texas/24-008749-003/2024(H5N1)	270	240
NS|PP755593.1|A/cattle/Texas/24-008749-003/2024(H5N1)	271	242
NS|PP755593.1|A/cattle/Texas/24-008749-003/2024(H5N1)	272	230
NS|PP755593.1|A/cattle/Texas/24-008749-003/2024(H5N1)	273	226
NS|PP755593.1|A/cattle/Texas/24-008749-003/2024(H5N1)	274	228
NS|PP755593.1|A/cattle/Texas/24-008749-003/2024(H5N1)	275	220
NS|PP755593.1|A/cattle/Texas/24-008749-003/2024(H5N1)	276	221
NS|PP755593.1|A/cattle/Texas/24-008749-003/2024(H5N1)	277	224
NS|PP755593.1|A/cattle/Texas/24-008749-003/2024(H5N1)	278	227
NS|PP755593.1|A/cattle/Texas/24-008749-003/2024(H5N1)	279	225
NS|PP755593.1|A/cattle/Texas/24-008749-003/2024(H5N1)	280	227
NS|PP755593.1|A/cattle/Texas/24-008749-003/2024(H5N1)	281	229
NS|PP755593.1|A/cattle/Texas/24-008749-003/2024(H5N1)	282	229
NS|PP755593.1|A/cattle/Texas/24-008749-003/2024(H5N1)	283	232
NS|PP755593.1|A/cattle/Texas/24-008749-003/2024(H5N1)	284	236
NS|PP755593.1|A/cattle/Texas/24-008749-003/2024(H5N1)	285	236
NS|PP755593.1|A/cattle/Texas/24-008749-003/2024(H5N1)	286	237
NS|PP755593.1|A/cattle/Texas/24-008749-003/2024(H5N1)	287	259
NS|PP755593.1|A/cattle/Texas/24-008749-003/2024(H5N1)	288	259
NS|PP755593.1|A/cattle/Texas/24-008749-003/2024(H5N1)	289	257
NS|PP755593.1|A/cattle/Texas/24-008749-003/2024(H5N1)	290	241
NS|PP755593.1|A/cattle/Texas/24-008749-003/2024(H5N1)	291	243
NS|PP755593.1|A/cattle/Texas/24-008749-003/2024(H5N1)	292	252
NS|PP755593.1|A/cattle/Texas/24-008749-003/2024(H5N1)	293	252
NS|PP755593.1|A/cattle/Texas/24-008749-003/2024(H5N1)	294	253
NS|PP755593.1|A/cattle/Texas/24-008749-003/2024(H5N1)	295	253
NS|PP755593.1|A/cattle/Texas/24-008749-003/2024(H5N1)	296	246
NS|PP755593.1|A/cattle/Texas/24-008749-003/2024(H5N1)	297	246
NS|PP755593.1|A/cattle/Texas/24-008749-003/2024(H5N1)	298	245
NS|PP755593.1|A/cattle/Texas/24-008749-003/2024(H5N1)	299	245
NS|PP755593.1|A/cattle/Texas/24-008749-003/2024(H5N1)	300	239
NS|PP755593.1|A/cattle/Texas/24-008749-003/2024(H5N1)	301	242
NS|PP755593.1|A/cattle/Texas/24-008749-003/2024(H5N1)	302	237
NS|PP755593.1|A/cattle/Texas/24-008749-003/2024(H5N1)	303	238
NS|PP755593.1|A/cattle/Texas/24-008749-003/2024(H5N1)	304	238
NS|PP755593.1|A/cattle/Texas/24-008749-003/2024(H5N1)	305	246
NS|PP755593.1|A/cattle/Texas/24-008749-003/2024(H5N1)	306	249
NS|PP755593.1|A/cattle/Texas/24-008749-003/2024(H5N1)	307	248
NS|PP755593.1|A/cattle/Texas/24-008749-003/2024(H5N1)	308	249
NS|PP755593.1|A/cattle/Texas/24-008749-003/2024(H5N1)	309	251
NS|PP755593.1|A/cattle/Texas/24-008749-003/2024(H5N1)	310	251
NS|PP755593.1|A/cattle/Texas/24-008749-003/2024(H5N1)	311	252
NS|PP755593.1|A/cattle/Texas/24-008749-003/2024(H5N1)	312	252
NS|PP755593.1|A/cattle/Texas/24-008749-003/2024(H5N1)	313	254
NS|PP755593.1|A/cattle/Texas/24-008749-003/2024(H5N1)	314	252
NS|PP755593.1|A/cattle/Texas/24-008749-003/2024(H5N1)	315	249
NS|PP755593.1|A/cattle/Texas/24-008749-003/2024(H5N1)	316	248
NS|PP755593.1|A/cattle/Texas/24-008749-003/2024(H5N1)	317	252
NS|PP755593.1|A/cattle/Texas/24-008749-003/2024(H5N1)	318	251
NS|PP755593.1|A/cattle/Texas/24-008749-003/2024(H5N1)	319	254
NS|PP755593.1|A/cattle/Texas/24-008749-003/2024(H5N1)	320	254
NS|PP755593.1|A/cattle/Texas/24-008749-003/2024(H5N1)	321	253
NS|PP755593.1|A/cattle/Texas/24-008749-003/2024(H5N1)	322	251
NS|PP755593.1|A/cattle/Texas/24-008749-003/2024(H5N1)	323	252
NS|PP755593.1|A/cattle/Texas/24-008749-003/2024(H5N1)	324	252
NS|PP755593.1|A/cattle/Texas/24-008749-003/2024(H5N1)	325	252
NS|PP755593.1|A/cattle/Texas/24-008749-003/2024(H5N1)	326	252
NS|PP755593.1|A/cattle/Texas/24-008749-003/2024(H5N1)	327	252
NS|PP755593.1|A/cattle/Texas/24-008749-003/2024(H5N1)	328	252
NS|PP755593.1|A/cattle/Texas/24-008749-003/2024(H5N1)	329	252
NS|PP755593.1|A/cattle/Texas/24-008749-003/2024(H5N1)	330	251
NS|PP755593.1|A/cattle/Texas/24-008749-003/2024(H5N1)	331	252
NS|PP755593.1|A/cattle/Texas/24-008749-003/2024(H5N1)	332	248
NS|PP755593.1|A/cattle/Texas/24-008749-003/2024(H5N1)	333	249
NS|PP755593.1|A/cattle/Texas/24-008749-003/2024(H5N1)	334	250
NS|PP755593.1|A/cattle/Texas/24-008749-003/2024(H5N1)	335	251
NS|PP755593.1|A/cattle/Texas/24-008749-003/2024(H5N1)	336	251
NS|PP755593.1|A/cattle/Texas/24-008749-003/2024(H5N1)	337	252
NS|PP755593.1|A/cattle/Texas/24-008749-003/2024(H5N1)	338	253
NS|PP755593.1|A/cattle/Texas/24-008749-003/2024(H5N1)	339	251
NS|PP755593.1|A/cattle/Texas/24-008749-003/2024(H5N1)	340	249
NS|PP755593.1|A/cattle/Texas/24-008749-003/2024(H5N1)	341	250
NS|PP755593.1|A/cattle/Texas/24-008749-003/2024(H5N1)	342	247
NS|PP755593.1|A/cattle/Texas/24-008749-003/2024(H5N1)	343	243
NS|PP755593.1|A/cattle/Texas/24-008749-003/2024(H5N1)	344	242
NS|PP755593.1|A/cattle/Texas/24-008749-003/2024(H5N1)	345	244
NS|PP755593.1|A/cattle/Texas/24-008749-003/2024(H5N1)	346	242
NS|PP755593.1|A/cattle/Texas/24-008749-003/2024(H5N1)	347	258
NS|PP755593.1|A/cattle/Texas/24-008749-003/2024(H5N1)	348	261
NS|PP755593.1|A/cattle/Texas/24-008749-003/2024(H5N1)	349	263
NS|PP755593.1|A/cattle/Texas/24-008749-003/2024(H5N1)	350	262
NS|PP755593.1|A/cattle/Texas/24-008749-003/2024(H5N1)	351	261
NS|PP755593.1|A/cattle/Texas/24-008749-003/2024(H5N1)	352	257
NS|PP755593.1|A/cattle/Texas/24-008749-003/2024(H5N1)	353	268
NS|PP755593.1|A/cattle/Texas/24-008749-003/2024(H5N1)	354	267
NS|PP755593.1|A/cattle/Texas/24-008749-003/2024(H5N1)	355	269
NS|PP755593.1|A/cattle/Texas/24-008749-003/2024(H5N1)	356	256
NS|PP755593.1|A/cattle/Texas/24-008749-003/2024(H5N1)	357	252
NS|PP755593.1|A/cattle/Texas/24-008749-003/2024(H5N1)	358	255
NS|PP755593.1|A/cattle/Texas/24-008749-003/2024(H5N1)	359	255
NS|PP755593.1|A/cattle/Texas/24-008749-003/2024(H5N1)	360	260
NS|PP755593.1|A/cattle/Texas/24-008749-003/2024(H5N1)	361	260
NS|PP755593.1|A/cattle/Texas/24-008749-003/2024(H5N1)	362	254
NS|PP755593.1|A/cattle/Texas/24-008749-003/2024(H5N1)	363	256
NS|PP755593.1|A/cattle/Texas/24-008749-003/2024(H5N1)	364	258
NS|PP755593.1|A/cattle/Texas/24-008749-003/2024(H5N1)	365	259
NS|PP755593.1|A/cattle/Texas/24-008749-003/2024(H5N1)	366	259
NS|PP755593.1|A/cattle/Texas/24-008749-003/2024(H5N1)	367	269
NS|PP755593.1|A/cattle/Texas/24-008749-003/2024(H5N1)	368	268
NS|PP755593.1|A/cattle/Texas/24-008749-003/2024(H5N1)	369	269
NS|PP755593.1|A/cattle/Texas/24-008749-003/2024(H5N1)	370	269
NS|PP755593.1|A/cattle/Texas/24-008749-003/2024(H5N1)	371	268
NS|PP755593.1|A/cattle/Texas/24-008749-003/2024(H5N1)	372	266
NS|PP755593.1|A/cattle/Texas/24-008749-003/2024(H5N1)	373	269
NS|PP755593.1|A/cattle/Texas/24-008749-003/2024(H5N1)	374	270
NS|PP755593.1|A/cattle/Texas/24-008749-003/2024(H5N1)	375	270
NS|PP755593.1|A/cattle/Texas/24-008749-003/2024(H5N1)	376	268
NS|PP755593.1|A/cattle/Texas/24-008749-003/2024(H5N1)	377	267
NS|PP755593.1|A/cattle/Texas/24-008749-003/2024(H5N1)	378	272
NS|PP755593.1|A/cattle/Texas/24-008749-003/2024(H5N1)	379	271
NS|PP755593.1|A/cattle/Texas/24-008749-003/2024(H5N1)	380	270
NS|PP755593.1|A/cattle/Texas/24-008749-003/2024(H5N1)	381	269
NS|PP755593.1|A/cattle/Texas/24-008749-003/2024(H5N1)	382	264
NS|PP755593.1|A/cattle/Texas/24-008749-003/2024(H5N1)	383	265
NS|PP755593.1|A/cattle/Texas/24-008749-003/2024(H5N1)	384	264
NS|PP755593.1|A/cattle/Texas/24-008749-003/2024(H5N1)	385	262
NS|PP755593.1|A/cattle/Texas/24-008749-003/2024(H5N1)	386	253
NS|PP755593.1|A/cattle/Texas/24-008749-003/2024(H5N1)	387	251
NS|PP755593.1|A/cattle/Texas/24-008749-003/2024(H5N1)	388	253
NS|PP755593.1|A/cattle/Texas/24-008749-003/2024(H5N1)	389	253
NS|PP755593.1|A/cattle/Texas/24-008749-003/2024(H5N1)	390	254
NS|PP755593.1|A/cattle/Texas/24-008749-003/2024(H5N1)	391	255
NS|PP755593.1|A/cattle/Texas/24-008749-003/2024(H5N1)	392	257
NS|PP755593.1|A/cattle/Texas/24-008749-003/2024(H5N1)	393	256
NS|PP755593.1|A/cattle/Texas/24-008749-003/2024(H5N1)	394	257
NS|PP755593.1|A/cattle/Texas/24-008749-003/2024(H5N1)	395	257
NS|PP755593.1|A/cattle/Texas/24-008749-003/2024(H5N1)	396	258
NS|PP755593.1|A/cattle/Texas/24-008749-003/2024(H5N1)	397	252
NS|PP755593.1|A/cattle/Texas/24-008749-003/2024(H5N1)	398	252
NS|PP755593.1|A/cattle/Texas/24-008749-003/2024(H5N1)	399	249
NS|PP755593.1|A/cattle/Texas/24-008749-003/2024(H5N1)	400	249
NS|PP755593.1|A/cattle/Texas/24-008749-003/2024(H5N1)	401	252
NS|PP755593.1|A/cattle/Texas/24-008749-003/2024(H5N1)	402	252
NS|PP755593.1|A/cattle/Texas/24-008749-003/2024(H5N1)	403	252
NS|PP755593.1|A/cattle/Texas/24-008749-003/2024(H5N1)	404	252
NS|PP755593.1|A/cattle/Texas/24-008749-003/2024(H5N1)	405	252
NS|PP755593.1|A/cattle/Texas/24-008749-003/2024(H5N1)	406	252
NS|PP755593.1|A/cattle/Texas/24-008749-003/2024(H5N1)	407	247
NS|PP755593.1|A/cattle/Texas/24-008749-003/2024(H5N1)	408	243
NS|PP755593.1|A/cattle/Texas/24-008749-003/2024(H5N1)	409	248
NS|PP755593.1|A/cattle/Texas/24-008749-003/2024(H5N1)	410	248
NS|PP755593.1|A/cattle/Texas/24-008749-003/2024(H5N1)	411	248
NS|PP755593.1|A/cattle/Texas/24-008749-003/2024(H5N1)	412	248
NS|PP755593.1|A/cattle/Texas/24-008749-003/2024(H5N1)	413	252
NS|PP755593.1|A/cattle/Texas/24-008749-003/2024(H5N1)	414	250
NS|PP755593.1|A/cattle/Texas/24-008749-003/2024(H5N1)	415	250
NS|PP755593.1|A/cattle/Texas/24-008749-003/2024(H5N1)	416	250
NS|PP755593.1|A/cattle/Texas/24-008749-003/2024(H5N1)	417	240
NS|PP755593.1|A/cattle/Texas/24-008749-003/2024(H5N1)	418	240
NS|PP755593.1|A/cattle/Texas/24-008749-003/2024(H5N1)	419	246
NS|PP755593.1|A/cattle/Texas/24-008749-003/2024(H5N1)	420	249
NS|PP755593.1|A/cattle/Texas/24-008749-003/2024(H5N1)	421	250
NS|PP755593.1|A/cattle/Texas/24-008749-003/2024(H5N1)	422	256
NS|PP755593.1|A/cattle/Texas/24-008749-003/2024(H5N1)	423	256
NS|PP755593.1|A/cattle/Texas/24-008749-003/2024(H5N1)	424	256
NS|PP755593.1|A/cattle/Texas/24-008749-003/2024(H5N1)	425	254
NS|PP755593.1|A/cattle/Texas/24-008749-003/2024(H5N1)	426	261
NS|PP755593.1|A/cattle/Texas/24-008749-003/2024(H5N1)	427	261
NS|PP755593.1|A/cattle/Texas/24-008749-003/2024(H5N1)	428	282
NS|PP755593.1|A/cattle/Texas/24-008749-003/2024(H5N1)	429	278
NS|PP755593.1|A/cattle/Texas/24-008749-003/2024(H5N1)	430	276
NS|PP755593.1|A/cattle/Texas/24-008749-003/2024(H5N1)	431	276
NS|PP755593.1|A/cattle/Texas/24-008749-003/2024(H5N1)	432	283
NS|PP755593.1|A/cattle/Texas/24-008749-003/2024(H5N1)	433	291
NS|PP755593.1|A/cattle/Texas/24-008749-003/2024(H5N1)	434	288
NS|PP755593.1|A/cattle/Texas/24-008749-003/2024(H5N1)	435	284
NS|PP755593.1|A/cattle/Texas/24-008749-003/2024(H5N1)	436	284
NS|PP755593.1|A/cattle/Texas/24-008749-003/2024(H5N1)	437	258
NS|PP755593.1|A/cattle/Texas/24-008749-003/2024(H5N1)	438	261
NS|PP755593.1|A/cattle/Texas/24-008749-003/2024(H5N1)	439	260
NS|PP755593.1|A/cattle/Texas/24-008749-003/2024(H5N1)	440	262
NS|PP755593.1|A/cattle/Texas/24-008749-003/2024(H5N1)	441	260
NS|PP755593.1|A/cattle/Texas/24-008749-003/2024(H5N1)	442	250
NS|PP755593.1|A/cattle/Texas/24-008749-003/2024(H5N1)	443	252
NS|PP755593.1|A/cattle/Texas/24-008749-003/2024(H5N1)	444	252
NS|PP755593.1|A/cattle/Texas/24-008749-003/2024(H5N1)	445	252
NS|PP755593.1|A/cattle/Texas/24-008749-003/2024(H5N1)	446	253
NS|PP755593.1|A/cattle/Texas/24-008749-003/2024(H5N1)	447	253
NS|PP755593.1|A/cattle/Texas/24-008749-003/2024(H5N1)	448	255
NS|PP755593.1|A/cattle/Texas/24-008749-003/2024(H5N1)	449	255
NS|PP755593.1|A/cattle/Texas/24-008749-003/2024(H5N1)	450	255
NS|PP755593.1|A/cattle/Texas/24-008749-003/2024(H5N1)	451	256
NS|PP755593.1|A/cattle/Texas/24-008749-003/2024(H5N1)	452	252
NS|PP755593.1|A/cattle/Texas/24-008749-003/2024(H5N1)	453	250
NS|PP755593.1|A/cattle/Texas/24-008749-003/2024(H5N1)	454	252
NS|PP755593.1|A/cattle/Texas/24-008749-003/2024(H5N1)	455	252
NS|PP755593.1|A/cattle/Texas/24-008749-003/2024(H5N1)	456	249
NS|PP755593.1|A/cattle/Texas/24-008749-003/2024(H5N1)	457	246
NS|PP755593.1|A/cattle/Texas/24-008749-003/2024(H5N1)	458	244
NS|PP755593.1|A/cattle/Texas/24-008749-003/2024(H5N1)	459	244
NS|PP755593.1|A/cattle/Texas/24-008749-003/2024(H5N1)	460	242
NS|PP755593.1|A/cattle/Texas/24-008749-003/2024(H5N1)	461	243
NS|PP755593.1|A/cattle/Texas/24-008749-003/2024(H5N1)	462	243
NS|PP755593.1|A/cattle/Texas/24-008749-003/2024(H5N1)	463	242
NS|PP755593.1|A/cattle/Texas/24-008749-003/2024(H5N1)	464	242
NS|PP755593.1|A/cattle/Texas/24-008749-003/2024(H5N1)	465	242
NS|PP755593.1|A/cattle/Texas/24-008749-003/2024(H5N1)	466	242
NS|PP755593.1|A/cattle/Texas/24-008749-003/2024(H5N1)	467	245
NS|PP755593.1|A/cattle/Texas/24-008749-003/2024(H5N1)	468	241
NS|PP755593.1|A/cattle/Texas/24-008749-003/2024(H5N1)	469	241
NS|PP755593.1|A/cattle/Texas/24-008749-003/2024(H5N1)	470	238
NS|PP755593.1|A/cattle/Texas/24-008749-003/2024(H5N1)	471	238
NS|PP755593.1|A/cattle/Texas/24-008749-003/2024(H5N1)	472	238
NS|PP755593.1|A/cattle/Texas/24-008749-003/2024(H5N1)	473	240
NS|PP755593.1|A/cattle/Texas/24-008749-003/2024(H5N1)	474	239
NS|PP755593.1|A/cattle/Texas/24-008749-003/2024(H5N1)	475	239
NS|PP755593.1|A/cattle/Texas/24-008749-003/2024(H5N1)	476	244
NS|PP755593.1|A/cattle/Texas/24-008749-003/2024(H5N1)	477	245
NS|PP755593.1|A/cattle/Texas/24-008749-003/2024(H5N1)	478	245
NS|PP755593.1|A/cattle/Texas/24-008749-003/2024(H5N1)	479	245
NS|PP755593.1|A/cattle/Texas/24-008749-003/2024(H5N1)	480	247
NS|PP755593.1|A/cattle/Texas/24-008749-003/2024(H5N1)	481	247
NS|PP755593.1|A/cattle/Texas/24-008749-003/2024(H5N1)	482	252
NS|PP755593.1|A/cattle/Texas/24-008749-003/2024(H5N1)	483	253
NS|PP755593.1|A/cattle/Texas/24-008749-003/2024(H5N1)	484	251
NS|PP755593.1|A/cattle/Texas/24-008749-003/2024(H5N1)	485	254
NS|PP755593.1|A/cattle/Texas/24-008749-003/2024(H5N1)	486	253
NS|PP755593.1|A/cattle/Texas/24-008749-003/2024(H5N1)	487	253
NS|PP755593.1|A/cattle/Texas/24-008749-003/2024(H5N1)	488	254
NS|PP755593.1|A/cattle/Texas/24-008749-003/2024(H5N1)	489	255
NS|PP755593.1|A/cattle/Texas/24-008749-003/2024(H5N1)	490	259
NS|PP755593.1|A/cattle/Texas/24-008749-003/2024(H5N1)	491	258
NS|PP755593.1|A/cattle/Texas/24-008749-003/2024(H5N1)	492	284
NS|PP755593.1|A/cattle/Texas/24-008749-003/2024(H5N1)	493	286
NS|PP755593.1|A/cattle/Texas/24-008749-003/2024(H5N1)	494	278
NS|PP755593.1|A/cattle/Texas/24-008749-003/2024(H5N1)	495	278
NS|PP755593.1|A/cattle/Texas/24-008749-003/2024(H5N1)	496	269
NS|PP755593.1|A/cattle/Texas/24-008749-003/2024(H5N1)	497	271
NS|PP755593.1|A/cattle/Texas/24-008749-003/2024(H5N1)	498	268
NS|PP755593.1|A/cattle/Texas/24-008749-003/2024(H5N1)	499	269
NS|PP755593.1|A/cattle/Texas/24-008749-003/2024(H5N1)	500	267
NS|PP755593.1|A/cattle/Texas/24-008749-003/2024(H5N1)	501	267
NS|PP755593.1|A/cattle/Texas/24-008749-003/2024(H5N1)	502	276
NS|PP755593.1|A/cattle/Texas/24-008749-003/2024(H5N1)	503	279
NS|PP755593.1|A/cattle/Texas/24-008749-003/2024(H5N1)	504	269
NS|PP755593.1|A/cattle/Texas/24-008749-003/2024(H5N1)	505	263
NS|PP755593.1|A/cattle/Texas/24-008749-003/2024(H5N1)	506	263
NS|PP755593.1|A/cattle/Texas/24-008749-003/2024(H5N1)	507	263
NS|PP755593.1|A/cattle/Texas/24-008749-003/2024(H5N1)	508	265
NS|PP755593.1|A/cattle/Texas/24-008749-003/2024(H5N1)	509	269
NS|PP755593.1|A/cattle/Texas/24-008749-003/2024(H5N1)	510	269
NS|PP755593.1|A/cattle/Texas/24-008749-003/2024(H5N1)	511	264
NS|PP755593.1|A/cattle/Texas/24-008749-003/2024(H5N1)	512	264
NS|PP755593.1|A/cattle/Texas/24-008749-003/2024(H5N1)	513	263
NS|PP755593.1|A/cattle/Texas/24-008749-003/2024(H5N1)	514	2955
NS|PP755593.1|A/cattle/Texas/24-008749-003/2024(H5N1)	515	2966
NS|PP755593.1|A/cattle/Texas/24-008749-003/2024(H5N1)	516	2986
NS|PP755593.1|A/cattle/Texas/24-008749-003/2024(H5N1)	517	3030
NS|PP755593.1|A/cattle/Texas/24-008749-003/2024(H5N1)	518	3047
NS|PP755593.1|A/cattle/Texas/24-008749-003/2024(H5N1)	519	3059
NS|PP755593.1|A/cattle/Texas/24-008749-003/2024(H5N1)	520	3061
NS|PP755593.1|A/cattle/Texas/24-008749-003/2024(H5N1)	521	3064
NS|PP755593.1|A/cattle/Texas/24-008749-003/2024(H5N1)	522	3067
NS|PP755593.1|A/cattle/Texas/24-008749-003/2024(H5N1)	523	3064
NS|PP755593.1|A/cattle/Texas/24-008749-003/2024(H5N1)	524	3083
NS|PP755593.1|A/cattle/Texas/24-008749-003/2024(H5N1)	525	3082
NS|PP755593.1|A/cattle/Texas/24-008749-003/2024(H5N1)	526	3084
NS|PP755593.1|A/cattle/Texas/24-008749-003/2024(H5N1)	527	3092
NS|PP755593.1|A/cattle/Texas/24-008749-003/2024(H5N1)	528	3093
NS|PP755593.1|A/cattle/Texas/24-008749-003/2024(H5N1)	529	3089
NS|PP755593.1|A/cattle/Texas/24-008749-003/2024(H5N1)	530	3112
NS|PP755593.1|A/cattle/Texas/24-008749-003/2024(H5N1)	531	3112
NS|PP755593.1|A/cattle/Texas/24-008749-003/2024(H5N1)	532	3180
NS|PP755593.1|A/cattle/Texas/24-008749-003/2024(H5N1)	533	3172
NS|PP755593.1|A/cattle/Texas/24-008749-003/2024(H5N1)	534	3171
NS|PP755593.1|A/cattle/Texas/24-008749-003/2024(H5N1)	535	3170
NS|PP755593.1|A/cattle/Texas/24-008749-003/2024(H5N1)	536	3169
NS|PP755593.1|A/cattle/Texas/24-008749-003/2024(H5N1)	537	3148
NS|PP755593.1|A/cattle/Texas/24-008749-003/2024(H5N1)	538	3167
NS|PP755593.1|A/cattle/Texas/24-008749-003/2024(H5N1)	539	3176
NS|PP755593.1|A/cattle/Texas/24-008749-003/2024(H5N1)	540	3210
NS|PP755593.1|A/cattle/Texas/24-008749-003/2024(H5N1)	541	3210
NS|PP755593.1|A/cattle/Texas/24-008749-003/2024(H5N1)	542	3211
NS|PP755593.1|A/cattle/Texas/24-008749-003/2024(H5N1)	543	3223
NS|PP755593.1|A/cattle/Texas/24-008749-003/2024(H5N1)	544	3225
NS|PP755593.1|A/cattle/Texas/24-008749-003/2024(H5N1)	545	3305
NS|PP755593.1|A/cattle/Texas/24-008749-003/2024(H5N1)	546	3291
NS|PP755593.1|A/cattle/Texas/24-008749-003/2024(H5N1)	547	3291
NS|PP755593.1|A/cattle/Texas/24-008749-003/2024(H5N1)	548	3298
NS|PP755593.1|A/cattle/Texas/24-008749-003/2024(H5N1)	549	3293
NS|PP755593.1|A/cattle/Texas/24-008749-003/2024(H5N1)	550	3288
NS|PP755593.1|A/cattle/Texas/24-008749-003/2024(H5N1)	551	3344
NS|PP755593.1|A/cattle/Texas/24-008749-003/2024(H5N1)	552	3250
NS|PP755593.1|A/cattle/Texas/24-008749-003/2024(H5N1)	553	3278
NS|PP755593.1|A/cattle/Texas/24-008749-003/2024(H5N1)	554	3283
NS|PP755593.1|A/cattle/Texas/24-008749-003/2024(H5N1)	555	3325
NS|PP755593.1|A/cattle/Texas/24-008749-003/2024(H5N1)	556	3348
NS|PP755593.1|A/cattle/Texas/24-008749-003/2024(H5N1)	557	3299
NS|PP755593.1|A/cattle/Texas/24-008749-003/2024(H5N1)	558	3302
NS|PP755593.1|A/cattle/Texas/24-008749-003/2024(H5N1)	559	3300
NS|PP755593.1|A/cattle/Texas/24-008749-003/2024(H5N1)	560	3233
NS|PP755593.1|A/cattle/Texas/24-008749-003/2024(H5N1)	561	3244
NS|PP755593.1|A/cattle/Texas/24-008749-003/2024(H5N1)	562	3219
NS|PP755593.1|A/cattle/Texas/24-008749-003/2024(H5N1)	563	3222
NS|PP755593.1|A/cattle/Texas/24-008749-003/2024(H5N1)	564	3290
NS|PP755593.1|A/cattle/Texas/24-008749-003/2024(H5N1)	565	3270
NS|PP755593.1|A/cattle/Texas/24-008749-003/2024(H5N1)	566	3290
NS|PP755593.1|A/cattle/Texas/24-008749-003/2024(H5N1)	567	3289
NS|PP755593.1|A/cattle/Texas/24-008749-003/2024(H5N1)	568	3285
NS|PP755593.1|A/cattle/Texas/24-008749-003/2024(H5N1)	569	3281
NS|PP755593.1|A/cattle/Texas/24-008749-003/2024(H5N1)	570	3173
NS|PP755593.1|A/cattle/Texas/24-008749-003/2024(H5N1)	571	2971
NS|PP755593.1|A/cattle/Texas/24-008749-003/2024(H5N1)	572	2985
NS|PP755593.1|A/cattle/Texas/24-008749-003/2024(H5N1)	573	2947
NS|PP755593.1|A/cattle/Texas/24-008749-003/2024(H5N1)	574	2943
NS|PP755593.1|A/cattle/Texas/24-008749-003/2024(H5N1)	575	2946
NS|PP755593.1|A/cattle/Texas/24-008749-003/2024(H5N1)	576	3188
NS|PP755593.1|A/cattle/Texas/24-008749-003/2024(H5N1)	577	3138
NS|PP755593.1|A/cattle/Texas/24-008749-003/2024(H5N1)	578	3134
NS|PP755593.1|A/cattle/Texas/24-008749-003/2024(H5N1)	579	3053
NS|PP755593.1|A/cattle/Texas/24-008749-003/2024(H5N1)	580	3052
NS|PP755593.1|A/cattle/Texas/24-008749-003/2024(H5N1)	581	3033
NS|PP755593.1|A/cattle/Texas/24-008749-003/2024(H5N1)	582	3027
NS|PP755593.1|A/cattle/Texas/24-008749-003/2024(H5N1)	583	3031
NS|PP755593.1|A/cattle/Texas/24-008749-003/2024(H5N1)	584	3033
NS|PP755593.1|A/cattle/Texas/24-008749-003/2024(H5N1)	585	3036
NS|PP755593.1|A/cattle/Texas/24-008749-003/2024(H5N1)	586	3053
NS|PP755593.1|A/cattle/Texas/24-008749-003/2024(H5N1)	587	3093
NS|PP755593.1|A/cattle/Texas/24-008749-003/2024(H5N1)	588	3030
NS|PP755593.1|A/cattle/Texas/24-008749-003/2024(H5N1)	589	3025
NS|PP755593.1|A/cattle/Texas/24-008749-003/2024(H5N1)	590	3021
NS|PP755593.1|A/cattle/Texas/24-008749-003/2024(H5N1)	591	3054
NS|PP755593.1|A/cattle/Texas/24-008749-003/2024(H5N1)	592	3045
NS|PP755593.1|A/cattle/Texas/24-008749-003/2024(H5N1)	593	3215
NS|PP755593.1|A/cattle/Texas/24-008749-003/2024(H5N1)	594	3217
NS|PP755593.1|A/cattle/Texas/24-008749-003/2024(H5N1)	595	3216
NS|PP755593.1|A/cattle/Texas/24-008749-003/2024(H5N1)	596	3215
NS|PP755593.1|A/cattle/Texas/24-008749-003/2024(H5N1)	597	3213
NS|PP755593.1|A/cattle/Texas/24-008749-003/2024(H5N1)	598	3181
NS|PP755593.1|A/cattle/Texas/24-008749-003/2024(H5N1)	599	3168
NS|PP755593.1|A/cattle/Texas/24-008749-003/2024(H5N1)	600	3145
NS|PP755593.1|A/cattle/Texas/24-008749-003/2024(H5N1)	601	3129
NS|PP755593.1|A/cattle/Texas/24-008749-003/2024(H5N1)	602	3126
NS|PP755593.1|A/cattle/Texas/24-008749-003/2024(H5N1)	603	3124
NS|PP755593.1|A/cattle/Texas/24-008749-003/2024(H5N1)	604	3125
NS|PP755593.1|A/cattle/Texas/24-008749-003/2024(H5N1)	605	3083
NS|PP755593.1|A/cattle/Texas/24-008749-003/2024(H5N1)	606	3069
NS|PP755593.1|A/cattle/Texas/24-008749-003/2024(H5N1)	607	3066
NS|PP755593.1|A/cattle/Texas/24-008749-003/2024(H5N1)	608	3046
NS|PP755593.1|A/cattle/Texas/24-008749-003/2024(H5N1)	609	3047
NS|PP755593.1|A/cattle/Texas/24-008749-003/2024(H5N1)	610	2519
NS|PP755593.1|A/cattle/Texas/24-008749-003/2024(H5N1)	611	2514
NS|PP755593.1|A/cattle/Texas/24-008749-003/2024(H5N1)	612	2375
NS|PP755593.1|A/cattle/Texas/24-008749-003/2024(H5N1)	613	2366
NS|PP755593.1|A/cattle/Texas/24-008749-003/2024(H5N1)	614	2368
NS|PP755593.1|A/cattle/Texas/24-008749-003/2024(H5N1)	615	2370
NS|PP755593.1|A/cattle/Texas/24-008749-003/2024(H5N1)	616	2370
NS|PP755593.1|A/cattle/Texas/24-008749-003/2024(H5N1)	617	2374
NS|PP755593.1|A/cattle/Texas/24-008749-003/2024(H5N1)	618	2417
NS|PP755593.1|A/cattle/Texas/24-008749-003/2024(H5N1)	619	2431
NS|PP755593.1|A/cattle/Texas/24-008749-003/2024(H5N1)	620	2667
NS|PP755593.1|A/cattle/Texas/24-008749-003/2024(H5N1)	621	2666
NS|PP755593.1|A/cattle/Texas/24-008749-003/2024(H5N1)	622	2668
NS|PP755593.1|A/cattle/Texas/24-008749-003/2024(H5N1)	623	2675
NS|PP755593.1|A/cattle/Texas/24-008749-003/2024(H5N1)	624	2700
NS|PP755593.1|A/cattle/Texas/24-008749-003/2024(H5N1)	625	2721
NS|PP755593.1|A/cattle/Texas/24-008749-003/2024(H5N1)	626	2711
NS|PP755593.1|A/cattle/Texas/24-008749-003/2024(H5N1)	627	2747
NS|PP755593.1|A/cattle/Texas/24-008749-003/2024(H5N1)	628	2746
NS|PP755593.1|A/cattle/Texas/24-008749-003/2024(H5N1)	629	2754
NS|PP755593.1|A/cattle/Texas/24-008749-003/2024(H5N1)	630	2756
NS|PP755593.1|A/cattle/Texas/24-008749-003/2024(H5N1)	631	2756
NS|PP755593.1|A/cattle/Texas/24-008749-003/2024(H5N1)	632	2773
NS|PP755593.1|A/cattle/Texas/24-008749-003/2024(H5N1)	633	2782
NS|PP755593.1|A/cattle/Texas/24-008749-003/2024(H5N1)	634	2829
NS|PP755593.1|A/cattle/Texas/24-008749-003/2024(H5N1)	635	2858
NS|PP755593.1|A/cattle/Texas/24-008749-003/2024(H5N1)	636	2854
NS|PP755593.1|A/cattle/Texas/24-008749-003/2024(H5N1)	637	2927
NS|PP755593.1|A/cattle/Texas/24-008749-003/2024(H5N1)	638	2925
NS|PP755593.1|A/cattle/Texas/24-008749-003/2024(H5N1)	639	2925
NS|PP755593.1|A/cattle/Texas/24-008749-003/2024(H5N1)	640	2928
NS|PP755593.1|A/cattle/Texas/24-008749-003/2024(H5N1)	641	2898
NS|PP755593.1|A/cattle/Texas/24-008749-003/2024(H5N1)	642	2887
NS|PP755593.1|A/cattle/Texas/24-008749-003/2024(H5N1)	643	2617
NS|PP755593.1|A/cattle/Texas/24-008749-003/2024(H5N1)	644	2627
NS|PP755593.1|A/cattle/Texas/24-008749-003/2024(H5N1)	645	2623
NS|PP755593.1|A/cattle/Texas/24-008749-003/2024(H5N1)	646	2613
NS|PP755593.1|A/cattle/Texas/24-008749-003/2024(H5N1)	647	2545
NS|PP755593.1|A/cattle/Texas/24-008749-003/2024(H5N1)	648	2542
NS|PP755593.1|A/cattle/Texas/24-008749-003/2024(H5N1)	649	2539
NS|PP755593.1|A/cattle/Texas/24-008749-003/2024(H5N1)	650	2529
NS|PP755593.1|A/cattle/Texas/24-008749-003/2024(H5N1)	651	2516
NS|PP755593.1|A/cattle/Texas/24-008749-003/2024(H5N1)	652	2505
NS|PP755593.1|A/cattle/Texas/24-008749-003/2024(H5N1)	653	2400
NS|PP755593.1|A/cattle/Texas/24-008749-003/2024(H5N1)	654	2398
NS|PP755593.1|A/cattle/Texas/24-008749-003/2024(H5N1)	655	2361
NS|PP755593.1|A/cattle/Texas/24-008749-003/2024(H5N1)	656	2363
NS|PP755593.1|A/cattle/Texas/24-008749-003/2024(H5N1)	657	2260
NS|PP755593.1|A/cattle/Texas/24-008749-003/2024(H5N1)	658	2246
NS|PP755593.1|A/cattle/Texas/24-008749-003/2024(H5N1)	659	2240
NS|PP755593.1|A/cattle/Texas/24-008749-003/2024(H5N1)	660	1780
NS|PP755593.1|A/cattle/Texas/24-008749-003/2024(H5N1)	661	1768
NS|PP755593.1|A/cattle/Texas/24-008749-003/2024(H5N1)	662	1768
NS|PP755593.1|A/cattle/Texas/24-008749-003/2024(H5N1)	663	1768
NS|PP755593.1|A/cattle/Texas/24-008749-003/2024(H5N1)	664	1789
NS|PP755593.1|A/cattle/Texas/24-008749-003/2024(H5N1)	665	1789
NS|PP755593.1|A/cattle/Texas/24-008749-003/2024(H5N1)	666	1789
NS|PP755593.1|A/cattle/Texas/24-008749-003/2024(H5N1)	667	1801
NS|PP755593.1|A/cattle/Texas/24-008749-003/2024(H5N1)	668	1800
NS|PP755593.1|A/cattle/Texas/24-008749-003/2024(H5N1)	669	1804
NS|PP755593.1|A/cattle/Texas/24-008749-003/2024(H5N1)	670	1804
NS|PP755593.1|A/cattle/Texas/24-008749-003/2024(H5N1)	671	1804
NS|PP755593.1|A/cattle/Texas/24-008749-003/2024(H5N1)	672	1805
NS|PP755593.1|A/cattle/Texas/24-008749-003/2024(H5N1)	673	1810
NS|PP755593.1|A/cattle/Texas/24-008749-003/2024(H5N1)	674	1816
NS|PP755593.1|A/cattle/Texas/24-008749-003/2024(H5N1)	675	2084
NS|PP755593.1|A/cattle/Texas/24-008749-003/2024(H5N1)	676	2085
NS|PP755593.1|A/cattle/Texas/24-008749-003/2024(H5N1)	677	2085
NS|PP755593.1|A/cattle/Texas/24-008749-003/2024(H5N1)	678	2084
NS|PP755593.1|A/cattle/Texas/24-008749-003/2024(H5N1)	679	2084
NS|PP755593.1|A/cattle/Texas/24-008749-003/2024(H5N1)	680	2083
NS|PP755593.1|A/cattle/Texas/24-008749-003/2024(H5N1)	681	2079
NS|PP755593.1|A/cattle/Texas/24-008749-003/2024(H5N1)	682	2082
NS|PP755593.1|A/cattle/Texas/24-008749-003/2024(H5N1)	683	2077
NS|PP755593.1|A/cattle/Texas/24-008749-003/2024(H5N1)	684	2077
NS|PP755593.1|A/cattle/Texas/24-008749-003/2024(H5N1)	685	2077
NS|PP755593.1|A/cattle/Texas/24-008749-003/2024(H5N1)	686	2079
NS|PP755593.1|A/cattle/Texas/24-008749-003/2024(H5N1)	687	2078
NS|PP755593.1|A/cattle/Texas/24-008749-003/2024(H5N1)	688	2077
NS|PP755593.1|A/cattle/Texas/24-008749-003/2024(H5N1)	689	2043
NS|PP755593.1|A/cattle/Texas/24-008749-003/2024(H5N1)	690	2042
NS|PP755593.1|A/cattle/Texas/24-008749-003/2024(H5N1)	691	2022
NS|PP755593.1|A/cattle/Texas/24-008749-003/2024(H5N1)	692	2021
NS|PP755593.1|A/cattle/Texas/24-008749-003/2024(H5N1)	693	2016
NS|PP755593.1|A/cattle/Texas/24-008749-003/2024(H5N1)	694	292
NS|PP755593.1|A/cattle/Texas/24-008749-003/2024(H5N1)	695	291
NS|PP755593.1|A/cattle/Texas/24-008749-003/2024(H5N1)	696	206
NS|PP755593.1|A/cattle/Texas/24-008749-003/2024(H5N1)	697	205
NS|PP755593.1|A/cattle/Texas/24-008749-003/2024(H5N1)	698	205
NS|PP755593.1|A/cattle/Texas/24-008749-003/2024(H5N1)	699	206
NS|PP755593.1|A/cattle/Texas/24-008749-003/2024(H5N1)	700	201
NS|PP755593.1|A/cattle/Texas/24-008749-003/2024(H5N1)	701	197
NS|PP755593.1|A/cattle/Texas/24-008749-003/2024(H5N1)	702	197
NS|PP755593.1|A/cattle/Texas/24-008749-003/2024(H5N1)	703	197
NS|PP755593.1|A/cattle/Texas/24-008749-003/2024(H5N1)	704	195
NS|PP755593.1|A/cattle/Texas/24-008749-003/2024(H5N1)	705	191
NS|PP755593.1|A/cattle/Texas/24-008749-003/2024(H5N1)	706	191
NS|PP755593.1|A/cattle/Texas/24-008749-003/2024(H5N1)	707	182
NS|PP755593.1|A/cattle/Texas/24-008749-003/2024(H5N1)	708	182
NS|PP755593.1|A/cattle/Texas/24-008749-003/2024(H5N1)	709	196
NS|PP755593.1|A/cattle/Texas/24-008749-003/2024(H5N1)	710	197
NS|PP755593.1|A/cattle/Texas/24-008749-003/2024(H5N1)	711	197
NS|PP755593.1|A/cattle/Texas/24-008749-003/2024(H5N1)	712	197
NS|PP755593.1|A/cattle/Texas/24-008749-003/2024(H5N1)	713	197
NS|PP755593.1|A/cattle/Texas/24-008749-003/2024(H5N1)	714	227
NS|PP755593.1|A/cattle/Texas/24-008749-003/2024(H5N1)	715	216
NS|PP755593.1|A/cattle/Texas/24-008749-003/2024(H5N1)	716	215
NS|PP755593.1|A/cattle/Texas/24-008749-003/2024(H5N1)	717	214
NS|PP755593.1|A/cattle/Texas/24-008749-003/2024(H5N1)	718	211
NS|PP755593.1|A/cattle/Texas/24-008749-003/2024(H5N1)	719	211
NS|PP755593.1|A/cattle/Texas/24-008749-003/2024(H5N1)	720	212
NS|PP755593.1|A/cattle/Texas/24-008749-003/2024(H5N1)	721	214
NS|PP755593.1|A/cattle/Texas/24-008749-003/2024(H5N1)	722	211
NS|PP755593.1|A/cattle/Texas/24-008749-003/2024(H5N1)	723	211
NS|PP755593.1|A/cattle/Texas/24-008749-003/2024(H5N1)	724	213
NS|PP755593.1|A/cattle/Texas/24-008749-003/2024(H5N1)	725	206
NS|PP755593.1|A/cattle/Texas/24-008749-003/2024(H5N1)	726	206
NS|PP755593.1|A/cattle/Texas/24-008749-003/2024(H5N1)	727	208
NS|PP755593.1|A/cattle/Texas/24-008749-003/2024(H5N1)	728	202
NS|PP755593.1|A/cattle/Texas/24-008749-003/2024(H5N1)	729	207
NS|PP755593.1|A/cattle/Texas/24-008749-003/2024(H5N1)	730	208
NS|PP755593.1|A/cattle/Texas/24-008749-003/2024(H5N1)	731	207
NS|PP755593.1|A/cattle/Texas/24-008749-003/2024(H5N1)	732	201
NS|PP755593.1|A/cattle/Texas/24-008749-003/2024(H5N1)	733	199
NS|PP755593.1|A/cattle/Texas/24-008749-003/2024(H5N1)	734	199
NS|PP755593.1|A/cattle/Texas/24-008749-003/2024(H5N1)	735	199
NS|PP755593.1|A/cattle/Texas/24-008749-003/2024(H5N1)	736	199
NS|PP755593.1|A/cattle/Texas/24-008749-003/2024(H5N1)	737	196
NS|PP755593.1|A/cattle/Texas/24-008749-003/2024(H5N1)	738	186
NS|PP755593.1|A/cattle/Texas/24-008749-003/2024(H5N1)	739	183
NS|PP755593.1|A/cattle/Texas/24-008749-003/2024(H5N1)	740	181
NS|PP755593.1|A/cattle/Texas/24-008749-003/2024(H5N1)	741	181
NS|PP755593.1|A/cattle/Texas/24-008749-003/2024(H5N1)	742	180
NS|PP755593.1|A/cattle/Texas/24-008749-003/2024(H5N1)	743	179
NS|PP755593.1|A/cattle/Texas/24-008749-003/2024(H5N1)	744	179
NS|PP755593.1|A/cattle/Texas/24-008749-003/2024(H5N1)	745	178
NS|PP755593.1|A/cattle/Texas/24-008749-003/2024(H5N1)	746	178
NS|PP755593.1|A/cattle/Texas/24-008749-003/2024(H5N1)	747	178
NS|PP755593.1|A/cattle/Texas/24-008749-003/2024(H5N1)	748	178
NS|PP755593.1|A/cattle/Texas/24-008749-003/2024(H5N1)	749	176
NS|PP755593.1|A/cattle/Texas/24-008749-003/2024(H5N1)	750	175
NS|PP755593.1|A/cattle/Texas/24-008749-003/2024(H5N1)	751	174
NS|PP755593.1|A/cattle/Texas/24-008749-003/2024(H5N1)	752	173
NS|PP755593.1|A/cattle/Texas/24-008749-003/2024(H5N1)	753	173
NS|PP755593.1|A/cattle/Texas/24-008749-003/2024(H5N1)	754	172
NS|PP755593.1|A/cattle/Texas/24-008749-003/2024(H5N1)	755	171
NS|PP755593.1|A/cattle/Texas/24-008749-003/2024(H5N1)	756	171
NS|PP755593.1|A/cattle/Texas/24-008749-003/2024(H5N1)	757	173
NS|PP755593.1|A/cattle/Texas/24-008749-003/2024(H5N1)	758	173
NS|PP755593.1|A/cattle/Texas/24-008749-003/2024(H5N1)	759	172
NS|PP755593.1|A/cattle/Texas/24-008749-003/2024(H5N1)	760	172
NS|PP755593.1|A/cattle/Texas/24-008749-003/2024(H5N1)	761	172
NS|PP755593.1|A/cattle/Texas/24-008749-003/2024(H5N1)	762	172
NS|PP755593.1|A/cattle/Texas/24-008749-003/2024(H5N1)	763	171
NS|PP755593.1|A/cattle/Texas/24-008749-003/2024(H5N1)	764	171
NS|PP755593.1|A/cattle/Texas/24-008749-003/2024(H5N1)	765	169
NS|PP755593.1|A/cattle/Texas/24-008749-003/2024(H5N1)	766	169
NS|PP755593.1|A/cattle/Texas/24-008749-003/2024(H5N1)	767	170
NS|PP755593.1|A/cattle/Texas/24-008749-003/2024(H5N1)	768	168
NS|PP755593.1|A/cattle/Texas/24-008749-003/2024(H5N1)	769	166
NS|PP755593.1|A/cattle/Texas/24-008749-003/2024(H5N1)	770	166
NS|PP755593.1|A/cattle/Texas/24-008749-003/2024(H5N1)	771	165
NS|PP755593.1|A/cattle/Texas/24-008749-003/2024(H5N1)	772	165
NS|PP755593.1|A/cattle/Texas/24-008749-003/2024(H5N1)	773	165
NS|PP755593.1|A/cattle/Texas/24-008749-003/2024(H5N1)	774	163
NS|PP755593.1|A/cattle/Texas/24-008749-003/2024(H5N1)	775	161
NS|PP755593.1|A/cattle/Texas/24-008749-003/2024(H5N1)	776	161
NS|PP755593.1|A/cattle/Texas/24-008749-003/2024(H5N1)	777	165
NS|PP755593.1|A/cattle/Texas/24-008749-003/2024(H5N1)	778	164
NS|PP755593.1|A/cattle/Texas/24-008749-003/2024(H5N1)	779	162
NS|PP755593.1|A/cattle/Texas/24-008749-003/2024(H5N1)	780	162
NS|PP755593.1|A/cattle/Texas/24-008749-003/2024(H5N1)	781	162
NS|PP755593.1|A/cattle/Texas/24-008749-003/2024(H5N1)	782	160
NS|PP755593.1|A/cattle/Texas/24-008749-003/2024(H5N1)	783	160
NS|PP755593.1|A/cattle/Texas/24-008749-003/2024(H5N1)	784	158
NS|PP755593.1|A/cattle/Texas/24-008749-003/2024(H5N1)	785	145
NS|PP755593.1|A/cattle/Texas/24-008749-003/2024(H5N1)	786	131
NS|PP755593.1|A/cattle/Texas/24-008749-003/2024(H5N1)	787	131
NS|PP755593.1|A/cattle/Texas/24-008749-003/2024(H5N1)	788	129
NS|PP755593.1|A/cattle/Texas/24-008749-003/2024(H5N1)	789	129
NS|PP755593.1|A/cattle/Texas/24-008749-003/2024(H5N1)	790	129
NS|PP755593.1|A/cattle/Texas/24-008749-003/2024(H5N1)	791	124
NS|PP755593.1|A/cattle/Texas/24-008749-003/2024(H5N1)	792	124
NS|PP755593.1|A/cattle/Texas/24-008749-003/2024(H5N1)	793	124
NS|PP755593.1|A/cattle/Texas/24-008749-003/2024(H5N1)	794	122
NS|PP755593.1|A/cattle/Texas/24-008749-003/2024(H5N1)	795	121
NS|PP755593.1|A/cattle/Texas/24-008749-003/2024(H5N1)	796	121
NS|PP755593.1|A/cattle/Texas/24-008749-003/2024(H5N1)	797	121
NS|PP755593.1|A/cattle/Texas/24-008749-003/2024(H5N1)	798	121
NS|PP755593.1|A/cattle/Texas/24-008749-003/2024(H5N1)	799	116
NS|PP755593.1|A/cattle/Texas/24-008749-003/2024(H5N1)	800	116
NS|PP755593.1|A/cattle/Texas/24-008749-003/2024(H5N1)	801	116
NS|PP755593.1|A/cattle/Texas/24-008749-003/2024(H5N1)	802	116
NS|PP755593.1|A/cattle/Texas/24-008749-003/2024(H5N1)	803	116
NS|PP755593.1|A/cattle/Texas/24-008749-003/2024(H5N1)	804	114
NS|PP755593.1|A/cattle/Texas/24-008749-003/2024(H5N1)	805	114
NS|PP755593.1|A/cattle/Texas/24-008749-003/2024(H5N1)	806	114
NS|PP755593.1|A/cattle/Texas/24-008749-003/2024(H5N1)	807	111
NS|PP755593.1|A/cattle/Texas/24-008749-003/2024(H5N1)	808	110
NS|PP755593.1|A/cattle/Texas/24-008749-003/2024(H5N1)	809	103
NS|PP755593.1|A/cattle/Texas/24-008749-003/2024(H5N1)	810	103
NS|PP755593.1|A/cattle/Texas/24-008749-003/2024(H5N1)	811	103
NS|PP755593.1|A/cattle/Texas/24-008749-003/2024(H5N1)	812	102
NS|PP755593.1|A/cattle/Texas/24-008749-003/2024(H5N1)	813	102
NS|PP755593.1|A/cattle/Texas/24-008749-003/2024(H5N1)	814	102
NS|PP755593.1|A/cattle/Texas/24-008749-003/2024(H5N1)	815	102
NS|PP755593.1|A/cattle/Texas/24-008749-003/2024(H5N1)	816	101
NS|PP755593.1|A/cattle/Texas/24-008749-003/2024(H5N1)	817	87
NS|PP755593.1|A/cattle/Texas/24-008749-003/2024(H5N1)	818	83
NS|PP755593.1|A/cattle/Texas/24-008749-003/2024(H5N1)	819	81
NS|PP755593.1|A/cattle/Texas/24-008749-003/2024(H5N1)	820	81
NS|PP755593.1|A/cattle/Texas/24-008749-003/2024(H5N1)	821	81
NS|PP755593.1|A/cattle/Texas/24-008749-003/2024(H5N1)	822	80
NS|PP755593.1|A/cattle/Texas/24-008749-003/2024(H5N1)	823	80
NS|PP755593.1|A/cattle/Texas/24-008749-003/2024(H5N1)	824	80
NS|PP755593.1|A/cattle/Texas/24-008749-003/2024(H5N1)	825	80
NS|PP755593.1|A/cattle/Texas/24-008749-003/2024(H5N1)	826	80
NS|PP755593.1|A/cattle/Texas/24-008749-003/2024(H5N1)	827	80
NS|PP755593.1|A/cattle/Texas/24-008749-003/2024(H5N1)	828	80
NS|PP755593.1|A/cattle/Texas/24-008749-003/2024(H5N1)	829	80
NS|PP755593.1|A/cattle/Texas/24-008749-003/2024(H5N1)	830	80
NS|PP755593.1|A/cattle/Texas/24-008749-003/2024(H5N1)	831	77
NS|PP755593.1|A/cattle/Texas/24-008749-003/2024(H5N1)	832	77
NS|PP755593.1|A/cattle/Texas/24-008749-003/2024(H5N1)	833	77
NS|PP755593.1|A/cattle/Texas/24-008749-003/2024(H5N1)	834	77
NS|PP755593.1|A/cattle/Texas/24-008749-003/2024(H5N1)	835	77
NS|PP755593.1|A/cattle/Texas/24-008749-003/2024(H5N1)	836	77
NS|PP755593.1|A/cattle/Texas/24-008749-003/2024(H5N1)	837	74
NS|PP755593.1|A/cattle/Texas/24-008749-003/2024(H5N1)	838	74
