NA|PP755591.1|A/cattle/Texas/24-008749-003/2024(H5N1)	1	0
NA|PP755591.1|A/cattle/Texas/24-008749-003/2024(H5N1)	2	0
NA|PP755591.1|A/cattle/Texas/24-008749-003/2024(H5N1)	3	0
NA|PP755591.1|A/cattle/Texas/24-008749-003/2024(H5N1)	4	0
NA|PP755591.1|A/cattle/Texas/24-008749-003/2024(H5N1)	5	0
NA|PP755591.1|A/cattle/Texas/24-008749-003/2024(H5N1)	6	0
NA|PP755591.1|A/cattle/Texas/24-008749-003/2024(H5N1)	7	0
NA|PP755591.1|A/cattle/Texas/24-008749-003/2024(H5N1)	8	0
NA|PP755591.1|A/cattle/Texas/24-008749-003/2024(H5N1)	9	0
NA|PP755591.1|A/cattle/Texas/24-008749-003/2024(H5N1)	10	0
NA|PP755591.1|A/cattle/Texas/24-008749-003/2024(H5N1)	11	0
NA|PP755591.1|A/cattle/Texas/24-008749-003/2024(H5N1)	12	0
NA|PP755591.1|A/cattle/Texas/24-008749-003/2024(H5N1)	13	0
NA|PP755591.1|A/cattle/Texas/24-008749-003/2024(H5N1)	14	0
NA|PP755591.1|A/cattle/Texas/24-008749-003/2024(H5N1)	15	0
NA|PP755591.1|A/cattle/Texas/24-008749-003/2024(H5N1)	16	0
NA|PP755591.1|A/cattle/Texas/24-008749-003/2024(H5N1)	17	0
NA|PP755591.1|A/cattle/Texas/24-008749-003/2024(H5N1)	18	0
NA|PP755591.1|A/cattle/Texas/24-008749-003/2024(H5N1)	19	0
NA|PP755591.1|A/cattle/Texas/24-008749-003/2024(H5N1)	20	0
NA|PP755591.1|A/cattle/Texas/24-008749-003/2024(H5N1)	21	0
NA|PP755591.1|A/cattle/Texas/24-008749-003/2024(H5N1)	22	0
NA|PP755591.1|A/cattle/Texas/24-008749-003/2024(H5N1)	23	0
NA|PP755591.1|A/cattle/Texas/24-008749-003/2024(H5N1)	24	0
NA|PP755591.1|A/cattle/Texas/24-008749-003/2024(H5N1)	25	0
NA|PP755591.1|A/cattle/Texas/24-008749-003/2024(H5N1)	26	0
NA|PP755591.1|A/cattle/Texas/24-008749-003/2024(H5N1)	27	0
NA|PP755591.1|A/cattle/Texas/24-008749-003/2024(H5N1)	28	0
NA|PP755591.1|A/cattle/Texas/24-008749-003/2024(H5N1)	29	0
NA|PP755591.1|A/cattle/Texas/24-008749-003/2024(H5N1)	30	0
NA|PP755591.1|A/cattle/Texas/24-008749-003/2024(H5N1)	31	0
NA|PP755591.1|A/cattle/Texas/24-008749-003/2024(H5N1)	32	0
NA|PP755591.1|A/cattle/Texas/24-008749-003/2024(H5N1)	33	0
NA|PP755591.1|A/cattle/Texas/24-008749-003/2024(H5N1)	34	0
NA|PP755591.1|A/cattle/Texas/24-008749-003/2024(H5N1)	35	0
NA|PP755591.1|A/cattle/Texas/24-008749-003/2024(H5N1)	36	0
NA|PP755591.1|A/cattle/Texas/24-008749-003/2024(H5N1)	37	0
NA|PP755591.1|A/cattle/Texas/24-008749-003/2024(H5N1)	38	0
NA|PP755591.1|A/cattle/Texas/24-008749-003/2024(H5N1)	39	0
NA|PP755591.1|A/cattle/Texas/24-008749-003/2024(H5N1)	40	0
NA|PP755591.1|A/cattle/Texas/24-008749-003/2024(H5N1)	41	0
NA|PP755591.1|A/cattle/Texas/24-008749-003/2024(H5N1)	42	0
NA|PP755591.1|A/cattle/Texas/24-008749-003/2024(H5N1)	43	0
NA|PP755591.1|A/cattle/Texas/24-008749-003/2024(H5N1)	44	0
NA|PP755591.1|A/cattle/Texas/24-008749-003/2024(H5N1)	45	0
NA|PP755591.1|A/cattle/Texas/24-008749-003/2024(H5N1)	46	0
NA|PP755591.1|A/cattle/Texas/24-008749-003/2024(H5N1)	47	0
NA|PP755591.1|A/cattle/Texas/24-008749-003/2024(H5N1)	48	0
NA|PP755591.1|A/cattle/Texas/24-008749-003/2024(H5N1)	49	0
NA|PP755591.1|A/cattle/Texas/24-008749-003/2024(H5N1)	50	0
NA|PP755591.1|A/cattle/Texas/24-008749-003/2024(H5N1)	51	0
NA|PP755591.1|A/cattle/Texas/24-008749-003/2024(H5N1)	52	0
NA|PP755591.1|A/cattle/Texas/24-008749-003/2024(H5N1)	53	0
NA|PP755591.1|A/cattle/Texas/24-008749-003/2024(H5N1)	54	0
NA|PP755591.1|A/cattle/Texas/24-008749-003/2024(H5N1)	55	0
NA|PP755591.1|A/cattle/Texas/24-008749-003/2024(H5N1)	56	0
NA|PP755591.1|A/cattle/Texas/24-008749-003/2024(H5N1)	57	0
NA|PP755591.1|A/cattle/Texas/24-008749-003/2024(H5N1)	58	0
NA|PP755591.1|A/cattle/Texas/24-008749-003/2024(H5N1)	59	0
NA|PP755591.1|A/cattle/Texas/24-008749-003/2024(H5N1)	60	0
NA|PP755591.1|A/cattle/Texas/24-008749-003/2024(H5N1)	61	0
NA|PP755591.1|A/cattle/Texas/24-008749-003/2024(H5N1)	62	0
NA|PP755591.1|A/cattle/Texas/24-008749-003/2024(H5N1)	63	0
NA|PP755591.1|A/cattle/Texas/24-008749-003/2024(H5N1)	64	0
NA|PP755591.1|A/cattle/Texas/24-008749-003/2024(H5N1)	65	0
NA|PP755591.1|A/cattle/Texas/24-008749-003/2024(H5N1)	66	0
NA|PP755591.1|A/cattle/Texas/24-008749-003/2024(H5N1)	67	0
NA|PP755591.1|A/cattle/Texas/24-008749-003/2024(H5N1)	68	0
NA|PP755591.1|A/cattle/Texas/24-008749-003/2024(H5N1)	69	0
NA|PP755591.1|A/cattle/Texas/24-008749-003/2024(H5N1)	70	0
NA|PP755591.1|A/cattle/Texas/24-008749-003/2024(H5N1)	71	0
NA|PP755591.1|A/cattle/Texas/24-008749-003/2024(H5N1)	72	0
NA|PP755591.1|A/cattle/Texas/24-008749-003/2024(H5N1)	73	0
NA|PP755591.1|A/cattle/Texas/24-008749-003/2024(H5N1)	74	0
NA|PP755591.1|A/cattle/Texas/24-008749-003/2024(H5N1)	75	0
NA|PP755591.1|A/cattle/Texas/24-008749-003/2024(H5N1)	76	0
NA|PP755591.1|A/cattle/Texas/24-008749-003/2024(H5N1)	77	0
NA|PP755591.1|A/cattle/Texas/24-008749-003/2024(H5N1)	78	0
NA|PP755591.1|A/cattle/Texas/24-008749-003/2024(H5N1)	79	0
NA|PP755591.1|A/cattle/Texas/24-008749-003/2024(H5N1)	80	0
NA|PP755591.1|A/cattle/Texas/24-008749-003/2024(H5N1)	81	0
NA|PP755591.1|A/cattle/Texas/24-008749-003/2024(H5N1)	82	0
NA|PP755591.1|A/cattle/Texas/24-008749-003/2024(H5N1)	83	0
NA|PP755591.1|A/cattle/Texas/24-008749-003/2024(H5N1)	84	0
NA|PP755591.1|A/cattle/Texas/24-008749-003/2024(H5N1)	85	0
NA|PP755591.1|A/cattle/Texas/24-008749-003/2024(H5N1)	86	0
NA|PP755591.1|A/cattle/Texas/24-008749-003/2024(H5N1)	87	0
NA|PP755591.1|A/cattle/Texas/24-008749-003/2024(H5N1)	88	0
NA|PP755591.1|A/cattle/Texas/24-008749-003/2024(H5N1)	89	0
NA|PP755591.1|A/cattle/Texas/24-008749-003/2024(H5N1)	90	0
NA|PP755591.1|A/cattle/Texas/24-008749-003/2024(H5N1)	91	0
NA|PP755591.1|A/cattle/Texas/24-008749-003/2024(H5N1)	92	0
NA|PP755591.1|A/cattle/Texas/24-008749-003/2024(H5N1)	93	0
NA|PP755591.1|A/cattle/Texas/24-008749-003/2024(H5N1)	94	0
NA|PP755591.1|A/cattle/Texas/24-008749-003/2024(H5N1)	95	0
NA|PP755591.1|A/cattle/Texas/24-008749-003/2024(H5N1)	96	0
NA|PP755591.1|A/cattle/Texas/24-008749-003/2024(H5N1)	97	0
NA|PP755591.1|A/cattle/Texas/24-008749-003/2024(H5N1)	98	0
NA|PP755591.1|A/cattle/Texas/24-008749-003/2024(H5N1)	99	0
NA|PP755591.1|A/cattle/Texas/24-008749-003/2024(H5N1)	100	0
NA|PP755591.1|A/cattle/Texas/24-008749-003/2024(H5N1)	101	0
NA|PP755591.1|A/cattle/Texas/24-008749-003/2024(H5N1)	102	0
NA|PP755591.1|A/cattle/Texas/24-008749-003/2024(H5N1)	103	0
NA|PP755591.1|A/cattle/Texas/24-008749-003/2024(H5N1)	104	0
NA|PP755591.1|A/cattle/Texas/24-008749-003/2024(H5N1)	105	0
NA|PP755591.1|A/cattle/Texas/24-008749-003/2024(H5N1)	106	0
NA|PP755591.1|A/cattle/Texas/24-008749-003/2024(H5N1)	107	0
NA|PP755591.1|A/cattle/Texas/24-008749-003/2024(H5N1)	108	0
NA|PP755591.1|A/cattle/Texas/24-008749-003/2024(H5N1)	109	0
NA|PP755591.1|A/cattle/Texas/24-008749-003/2024(H5N1)	110	0
NA|PP755591.1|A/cattle/Texas/24-008749-003/2024(H5N1)	111	0
NA|PP755591.1|A/cattle/Texas/24-008749-003/2024(H5N1)	112	0
NA|PP755591.1|A/cattle/Texas/24-008749-003/2024(H5N1)	113	0
NA|PP755591.1|A/cattle/Texas/24-008749-003/2024(H5N1)	114	0
NA|PP755591.1|A/cattle/Texas/24-008749-003/2024(H5N1)	115	0
NA|PP755591.1|A/cattle/Texas/24-008749-003/2024(H5N1)	116	0
NA|PP755591.1|A/cattle/Texas/24-008749-003/2024(H5N1)	117	0
NA|PP755591.1|A/cattle/Texas/24-008749-003/2024(H5N1)	118	0
NA|PP755591.1|A/cattle/Texas/24-008749-003/2024(H5N1)	119	0
NA|PP755591.1|A/cattle/Texas/24-008749-003/2024(H5N1)	120	0
NA|PP755591.1|A/cattle/Texas/24-008749-003/2024(H5N1)	121	0
NA|PP755591.1|A/cattle/Texas/24-008749-003/2024(H5N1)	122	0
NA|PP755591.1|A/cattle/Texas/24-008749-003/2024(H5N1)	123	0
NA|PP755591.1|A/cattle/Texas/24-008749-003/2024(H5N1)	124	0
NA|PP755591.1|A/cattle/Texas/24-008749-003/2024(H5N1)	125	0
NA|PP755591.1|A/cattle/Texas/24-008749-003/2024(H5N1)	126	0
NA|PP755591.1|A/cattle/Texas/24-008749-003/2024(H5N1)	127	0
NA|PP755591.1|A/cattle/Texas/24-008749-003/2024(H5N1)	128	0
NA|PP755591.1|A/cattle/Texas/24-008749-003/2024(H5N1)	129	0
NA|PP755591.1|A/cattle/Texas/24-008749-003/2024(H5N1)	130	0
NA|PP755591.1|A/cattle/Texas/24-008749-003/2024(H5N1)	131	0
NA|PP755591.1|A/cattle/Texas/24-008749-003/2024(H5N1)	132	0
NA|PP755591.1|A/cattle/Texas/24-008749-003/2024(H5N1)	133	0
NA|PP755591.1|A/cattle/Texas/24-008749-003/2024(H5N1)	134	0
NA|PP755591.1|A/cattle/Texas/24-008749-003/2024(H5N1)	135	0
NA|PP755591.1|A/cattle/Texas/24-008749-003/2024(H5N1)	136	0
NA|PP755591.1|A/cattle/Texas/24-008749-003/2024(H5N1)	137	0
NA|PP755591.1|A/cattle/Texas/24-008749-003/2024(H5N1)	138	0
NA|PP755591.1|A/cattle/Texas/24-008749-003/2024(H5N1)	139	0
NA|PP755591.1|A/cattle/Texas/24-008749-003/2024(H5N1)	140	0
NA|PP755591.1|A/cattle/Texas/24-008749-003/2024(H5N1)	141	0
NA|PP755591.1|A/cattle/Texas/24-008749-003/2024(H5N1)	142	0
NA|PP755591.1|A/cattle/Texas/24-008749-003/2024(H5N1)	143	0
NA|PP755591.1|A/cattle/Texas/24-008749-003/2024(H5N1)	144	0
NA|PP755591.1|A/cattle/Texas/24-008749-003/2024(H5N1)	145	0
NA|PP755591.1|A/cattle/Texas/24-008749-003/2024(H5N1)	146	0
NA|PP755591.1|A/cattle/Texas/24-008749-003/2024(H5N1)	147	0
NA|PP755591.1|A/cattle/Texas/24-008749-003/2024(H5N1)	148	0
NA|PP755591.1|A/cattle/Texas/24-008749-003/2024(H5N1)	149	0
NA|PP755591.1|A/cattle/Texas/24-008749-003/2024(H5N1)	150	0
NA|PP755591.1|A/cattle/Texas/24-008749-003/2024(H5N1)	151	0
NA|PP755591.1|A/cattle/Texas/24-008749-003/2024(H5N1)	152	0
NA|PP755591.1|A/cattle/Texas/24-008749-003/2024(H5N1)	153	0
NA|PP755591.1|A/cattle/Texas/24-008749-003/2024(H5N1)	154	0
NA|PP755591.1|A/cattle/Texas/24-008749-003/2024(H5N1)	155	0
NA|PP755591.1|A/cattle/Texas/24-008749-003/2024(H5N1)	156	0
NA|PP755591.1|A/cattle/Texas/24-008749-003/2024(H5N1)	157	0
NA|PP755591.1|A/cattle/Texas/24-008749-003/2024(H5N1)	158	0
NA|PP755591.1|A/cattle/Texas/24-008749-003/2024(H5N1)	159	0
NA|PP755591.1|A/cattle/Texas/24-008749-003/2024(H5N1)	160	0
NA|PP755591.1|A/cattle/Texas/24-008749-003/2024(H5N1)	161	0
NA|PP755591.1|A/cattle/Texas/24-008749-003/2024(H5N1)	162	0
NA|PP755591.1|A/cattle/Texas/24-008749-003/2024(H5N1)	163	0
NA|PP755591.1|A/cattle/Texas/24-008749-003/2024(H5N1)	164	0
NA|PP755591.1|A/cattle/Texas/24-008749-003/2024(H5N1)	165	0
NA|PP755591.1|A/cattle/Texas/24-008749-003/2024(H5N1)	166	0
NA|PP755591.1|A/cattle/Texas/24-008749-003/2024(H5N1)	167	0
NA|PP755591.1|A/cattle/Texas/24-008749-003/2024(H5N1)	168	0
NA|PP755591.1|A/cattle/Texas/24-008749-003/2024(H5N1)	169	0
NA|PP755591.1|A/cattle/Texas/24-008749-003/2024(H5N1)	170	0
NA|PP755591.1|A/cattle/Texas/24-008749-003/2024(H5N1)	171	0
NA|PP755591.1|A/cattle/Texas/24-008749-003/2024(H5N1)	172	0
NA|PP755591.1|A/cattle/Texas/24-008749-003/2024(H5N1)	173	0
NA|PP755591.1|A/cattle/Texas/24-008749-003/2024(H5N1)	174	0
NA|PP755591.1|A/cattle/Texas/24-008749-003/2024(H5N1)	175	0
NA|PP755591.1|A/cattle/Texas/24-008749-003/2024(H5N1)	176	0
NA|PP755591.1|A/cattle/Texas/24-008749-003/2024(H5N1)	177	0
NA|PP755591.1|A/cattle/Texas/24-008749-003/2024(H5N1)	178	0
NA|PP755591.1|A/cattle/Texas/24-008749-003/2024(H5N1)	179	0
NA|PP755591.1|A/cattle/Texas/24-008749-003/2024(H5N1)	180	0
NA|PP755591.1|A/cattle/Texas/24-008749-003/2024(H5N1)	181	0
NA|PP755591.1|A/cattle/Texas/24-008749-003/2024(H5N1)	182	0
NA|PP755591.1|A/cattle/Texas/24-008749-003/2024(H5N1)	183	0
NA|PP755591.1|A/cattle/Texas/24-008749-003/2024(H5N1)	184	0
NA|PP755591.1|A/cattle/Texas/24-008749-003/2024(H5N1)	185	0
NA|PP755591.1|A/cattle/Texas/24-008749-003/2024(H5N1)	186	0
NA|PP755591.1|A/cattle/Texas/24-008749-003/2024(H5N1)	187	0
NA|PP755591.1|A/cattle/Texas/24-008749-003/2024(H5N1)	188	0
NA|PP755591.1|A/cattle/Texas/24-008749-003/2024(H5N1)	189	0
NA|PP755591.1|A/cattle/Texas/24-008749-003/2024(H5N1)	190	0
NA|PP755591.1|A/cattle/Texas/24-008749-003/2024(H5N1)	191	0
NA|PP755591.1|A/cattle/Texas/24-008749-003/2024(H5N1)	192	0
NA|PP755591.1|A/cattle/Texas/24-008749-003/2024(H5N1)	193	0
NA|PP755591.1|A/cattle/Texas/24-008749-003/2024(H5N1)	194	0
NA|PP755591.1|A/cattle/Texas/24-008749-003/2024(H5N1)	195	0
NA|PP755591.1|A/cattle/Texas/24-008749-003/2024(H5N1)	196	0
NA|PP755591.1|A/cattle/Texas/24-008749-003/2024(H5N1)	197	0
NA|PP755591.1|A/cattle/Texas/24-008749-003/2024(H5N1)	198	0
NA|PP755591.1|A/cattle/Texas/24-008749-003/2024(H5N1)	199	0
NA|PP755591.1|A/cattle/Texas/24-008749-003/2024(H5N1)	200	0
NA|PP755591.1|A/cattle/Texas/24-008749-003/2024(H5N1)	201	0
NA|PP755591.1|A/cattle/Texas/24-008749-003/2024(H5N1)	202	0
NA|PP755591.1|A/cattle/Texas/24-008749-003/2024(H5N1)	203	0
NA|PP755591.1|A/cattle/Texas/24-008749-003/2024(H5N1)	204	0
NA|PP755591.1|A/cattle/Texas/24-008749-003/2024(H5N1)	205	0
NA|PP755591.1|A/cattle/Texas/24-008749-003/2024(H5N1)	206	0
NA|PP755591.1|A/cattle/Texas/24-008749-003/2024(H5N1)	207	0
NA|PP755591.1|A/cattle/Texas/24-008749-003/2024(H5N1)	208	0
NA|PP755591.1|A/cattle/Texas/24-008749-003/2024(H5N1)	209	0
NA|PP755591.1|A/cattle/Texas/24-008749-003/2024(H5N1)	210	0
NA|PP755591.1|A/cattle/Texas/24-008749-003/2024(H5N1)	211	0
NA|PP755591.1|A/cattle/Texas/24-008749-003/2024(H5N1)	212	0
NA|PP755591.1|A/cattle/Texas/24-008749-003/2024(H5N1)	213	0
NA|PP755591.1|A/cattle/Texas/24-008749-003/2024(H5N1)	214	0
NA|PP755591.1|A/cattle/Texas/24-008749-003/2024(H5N1)	215	0
NA|PP755591.1|A/cattle/Texas/24-008749-003/2024(H5N1)	216	0
NA|PP755591.1|A/cattle/Texas/24-008749-003/2024(H5N1)	217	0
NA|PP755591.1|A/cattle/Texas/24-008749-003/2024(H5N1)	218	0
NA|PP755591.1|A/cattle/Texas/24-008749-003/2024(H5N1)	219	0
NA|PP755591.1|A/cattle/Texas/24-008749-003/2024(H5N1)	220	0
NA|PP755591.1|A/cattle/Texas/24-008749-003/2024(H5N1)	221	0
NA|PP755591.1|A/cattle/Texas/24-008749-003/2024(H5N1)	222	0
NA|PP755591.1|A/cattle/Texas/24-008749-003/2024(H5N1)	223	0
NA|PP755591.1|A/cattle/Texas/24-008749-003/2024(H5N1)	224	0
NA|PP755591.1|A/cattle/Texas/24-008749-003/2024(H5N1)	225	0
NA|PP755591.1|A/cattle/Texas/24-008749-003/2024(H5N1)	226	0
NA|PP755591.1|A/cattle/Texas/24-008749-003/2024(H5N1)	227	0
NA|PP755591.1|A/cattle/Texas/24-008749-003/2024(H5N1)	228	0
NA|PP755591.1|A/cattle/Texas/24-008749-003/2024(H5N1)	229	0
NA|PP755591.1|A/cattle/Texas/24-008749-003/2024(H5N1)	230	0
NA|PP755591.1|A/cattle/Texas/24-008749-003/2024(H5N1)	231	0
NA|PP755591.1|A/cattle/Texas/24-008749-003/2024(H5N1)	232	0
NA|PP755591.1|A/cattle/Texas/24-008749-003/2024(H5N1)	233	0
NA|PP755591.1|A/cattle/Texas/24-008749-003/2024(H5N1)	234	0
NA|PP755591.1|A/cattle/Texas/24-008749-003/2024(H5N1)	235	0
NA|PP755591.1|A/cattle/Texas/24-008749-003/2024(H5N1)	236	0
NA|PP755591.1|A/cattle/Texas/24-008749-003/2024(H5N1)	237	0
NA|PP755591.1|A/cattle/Texas/24-008749-003/2024(H5N1)	238	0
NA|PP755591.1|A/cattle/Texas/24-008749-003/2024(H5N1)	239	0
NA|PP755591.1|A/cattle/Texas/24-008749-003/2024(H5N1)	240	0
NA|PP755591.1|A/cattle/Texas/24-008749-003/2024(H5N1)	241	0
NA|PP755591.1|A/cattle/Texas/24-008749-003/2024(H5N1)	242	0
NA|PP755591.1|A/cattle/Texas/24-008749-003/2024(H5N1)	243	0
NA|PP755591.1|A/cattle/Texas/24-008749-003/2024(H5N1)	244	0
NA|PP755591.1|A/cattle/Texas/24-008749-003/2024(H5N1)	245	0
NA|PP755591.1|A/cattle/Texas/24-008749-003/2024(H5N1)	246	0
NA|PP755591.1|A/cattle/Texas/24-008749-003/2024(H5N1)	247	0
NA|PP755591.1|A/cattle/Texas/24-008749-003/2024(H5N1)	248	0
NA|PP755591.1|A/cattle/Texas/24-008749-003/2024(H5N1)	249	0
NA|PP755591.1|A/cattle/Texas/24-008749-003/2024(H5N1)	250	0
NA|PP755591.1|A/cattle/Texas/24-008749-003/2024(H5N1)	251	0
NA|PP755591.1|A/cattle/Texas/24-008749-003/2024(H5N1)	252	0
NA|PP755591.1|A/cattle/Texas/24-008749-003/2024(H5N1)	253	0
NA|PP755591.1|A/cattle/Texas/24-008749-003/2024(H5N1)	254	0
NA|PP755591.1|A/cattle/Texas/24-008749-003/2024(H5N1)	255	0
NA|PP755591.1|A/cattle/Texas/24-008749-003/2024(H5N1)	256	0
NA|PP755591.1|A/cattle/Texas/24-008749-003/2024(H5N1)	257	0
NA|PP755591.1|A/cattle/Texas/24-008749-003/2024(H5N1)	258	0
NA|PP755591.1|A/cattle/Texas/24-008749-003/2024(H5N1)	259	0
NA|PP755591.1|A/cattle/Texas/24-008749-003/2024(H5N1)	260	0
NA|PP755591.1|A/cattle/Texas/24-008749-003/2024(H5N1)	261	0
NA|PP755591.1|A/cattle/Texas/24-008749-003/2024(H5N1)	262	0
NA|PP755591.1|A/cattle/Texas/24-008749-003/2024(H5N1)	263	0
NA|PP755591.1|A/cattle/Texas/24-008749-003/2024(H5N1)	264	0
NA|PP755591.1|A/cattle/Texas/24-008749-003/2024(H5N1)	265	0
NA|PP755591.1|A/cattle/Texas/24-008749-003/2024(H5N1)	266	0
NA|PP755591.1|A/cattle/Texas/24-008749-003/2024(H5N1)	267	0
NA|PP755591.1|A/cattle/Texas/24-008749-003/2024(H5N1)	268	0
NA|PP755591.1|A/cattle/Texas/24-008749-003/2024(H5N1)	269	0
NA|PP755591.1|A/cattle/Texas/24-008749-003/2024(H5N1)	270	0
NA|PP755591.1|A/cattle/Texas/24-008749-003/2024(H5N1)	271	0
NA|PP755591.1|A/cattle/Texas/24-008749-003/2024(H5N1)	272	0
NA|PP755591.1|A/cattle/Texas/24-008749-003/2024(H5N1)	273	0
NA|PP755591.1|A/cattle/Texas/24-008749-003/2024(H5N1)	274	0
NA|PP755591.1|A/cattle/Texas/24-008749-003/2024(H5N1)	275	0
NA|PP755591.1|A/cattle/Texas/24-008749-003/2024(H5N1)	276	0
NA|PP755591.1|A/cattle/Texas/24-008749-003/2024(H5N1)	277	0
NA|PP755591.1|A/cattle/Texas/24-008749-003/2024(H5N1)	278	0
NA|PP755591.1|A/cattle/Texas/24-008749-003/2024(H5N1)	279	0
NA|PP755591.1|A/cattle/Texas/24-008749-003/2024(H5N1)	280	0
NA|PP755591.1|A/cattle/Texas/24-008749-003/2024(H5N1)	281	0
NA|PP755591.1|A/cattle/Texas/24-008749-003/2024(H5N1)	282	0
NA|PP755591.1|A/cattle/Texas/24-008749-003/2024(H5N1)	283	0
NA|PP755591.1|A/cattle/Texas/24-008749-003/2024(H5N1)	284	0
NA|PP755591.1|A/cattle/Texas/24-008749-003/2024(H5N1)	285	0
NA|PP755591.1|A/cattle/Texas/24-008749-003/2024(H5N1)	286	0
NA|PP755591.1|A/cattle/Texas/24-008749-003/2024(H5N1)	287	0
NA|PP755591.1|A/cattle/Texas/24-008749-003/2024(H5N1)	288	0
NA|PP755591.1|A/cattle/Texas/24-008749-003/2024(H5N1)	289	0
NA|PP755591.1|A/cattle/Texas/24-008749-003/2024(H5N1)	290	0
NA|PP755591.1|A/cattle/Texas/24-008749-003/2024(H5N1)	291	0
NA|PP755591.1|A/cattle/Texas/24-008749-003/2024(H5N1)	292	0
NA|PP755591.1|A/cattle/Texas/24-008749-003/2024(H5N1)	293	0
NA|PP755591.1|A/cattle/Texas/24-008749-003/2024(H5N1)	294	0
NA|PP755591.1|A/cattle/Texas/24-008749-003/2024(H5N1)	295	0
NA|PP755591.1|A/cattle/Texas/24-008749-003/2024(H5N1)	296	0
NA|PP755591.1|A/cattle/Texas/24-008749-003/2024(H5N1)	297	0
NA|PP755591.1|A/cattle/Texas/24-008749-003/2024(H5N1)	298	0
NA|PP755591.1|A/cattle/Texas/24-008749-003/2024(H5N1)	299	0
NA|PP755591.1|A/cattle/Texas/24-008749-003/2024(H5N1)	300	0
NA|PP755591.1|A/cattle/Texas/24-008749-003/2024(H5N1)	301	0
NA|PP755591.1|A/cattle/Texas/24-008749-003/2024(H5N1)	302	0
NA|PP755591.1|A/cattle/Texas/24-008749-003/2024(H5N1)	303	0
NA|PP755591.1|A/cattle/Texas/24-008749-003/2024(H5N1)	304	0
NA|PP755591.1|A/cattle/Texas/24-008749-003/2024(H5N1)	305	0
NA|PP755591.1|A/cattle/Texas/24-008749-003/2024(H5N1)	306	0
NA|PP755591.1|A/cattle/Texas/24-008749-003/2024(H5N1)	307	0
NA|PP755591.1|A/cattle/Texas/24-008749-003/2024(H5N1)	308	0
NA|PP755591.1|A/cattle/Texas/24-008749-003/2024(H5N1)	309	0
NA|PP755591.1|A/cattle/Texas/24-008749-003/2024(H5N1)	310	0
NA|PP755591.1|A/cattle/Texas/24-008749-003/2024(H5N1)	311	0
NA|PP755591.1|A/cattle/Texas/24-008749-003/2024(H5N1)	312	0
NA|PP755591.1|A/cattle/Texas/24-008749-003/2024(H5N1)	313	0
NA|PP755591.1|A/cattle/Texas/24-008749-003/2024(H5N1)	314	0
NA|PP755591.1|A/cattle/Texas/24-008749-003/2024(H5N1)	315	0
NA|PP755591.1|A/cattle/Texas/24-008749-003/2024(H5N1)	316	0
NA|PP755591.1|A/cattle/Texas/24-008749-003/2024(H5N1)	317	0
NA|PP755591.1|A/cattle/Texas/24-008749-003/2024(H5N1)	318	0
NA|PP755591.1|A/cattle/Texas/24-008749-003/2024(H5N1)	319	0
NA|PP755591.1|A/cattle/Texas/24-008749-003/2024(H5N1)	320	0
NA|PP755591.1|A/cattle/Texas/24-008749-003/2024(H5N1)	321	0
NA|PP755591.1|A/cattle/Texas/24-008749-003/2024(H5N1)	322	0
NA|PP755591.1|A/cattle/Texas/24-008749-003/2024(H5N1)	323	0
NA|PP755591.1|A/cattle/Texas/24-008749-003/2024(H5N1)	324	0
NA|PP755591.1|A/cattle/Texas/24-008749-003/2024(H5N1)	325	0
NA|PP755591.1|A/cattle/Texas/24-008749-003/2024(H5N1)	326	0
NA|PP755591.1|A/cattle/Texas/24-008749-003/2024(H5N1)	327	0
NA|PP755591.1|A/cattle/Texas/24-008749-003/2024(H5N1)	328	0
NA|PP755591.1|A/cattle/Texas/24-008749-003/2024(H5N1)	329	0
NA|PP755591.1|A/cattle/Texas/24-008749-003/2024(H5N1)	330	0
NA|PP755591.1|A/cattle/Texas/24-008749-003/2024(H5N1)	331	0
NA|PP755591.1|A/cattle/Texas/24-008749-003/2024(H5N1)	332	0
NA|PP755591.1|A/cattle/Texas/24-008749-003/2024(H5N1)	333	0
NA|PP755591.1|A/cattle/Texas/24-008749-003/2024(H5N1)	334	0
NA|PP755591.1|A/cattle/Texas/24-008749-003/2024(H5N1)	335	0
NA|PP755591.1|A/cattle/Texas/24-008749-003/2024(H5N1)	336	0
NA|PP755591.1|A/cattle/Texas/24-008749-003/2024(H5N1)	337	0
NA|PP755591.1|A/cattle/Texas/24-008749-003/2024(H5N1)	338	0
NA|PP755591.1|A/cattle/Texas/24-008749-003/2024(H5N1)	339	0
NA|PP755591.1|A/cattle/Texas/24-008749-003/2024(H5N1)	340	0
NA|PP755591.1|A/cattle/Texas/24-008749-003/2024(H5N1)	341	0
NA|PP755591.1|A/cattle/Texas/24-008749-003/2024(H5N1)	342	0
NA|PP755591.1|A/cattle/Texas/24-008749-003/2024(H5N1)	343	0
NA|PP755591.1|A/cattle/Texas/24-008749-003/2024(H5N1)	344	0
NA|PP755591.1|A/cattle/Texas/24-008749-003/2024(H5N1)	345	0
NA|PP755591.1|A/cattle/Texas/24-008749-003/2024(H5N1)	346	0
NA|PP755591.1|A/cattle/Texas/24-008749-003/2024(H5N1)	347	0
NA|PP755591.1|A/cattle/Texas/24-008749-003/2024(H5N1)	348	0
NA|PP755591.1|A/cattle/Texas/24-008749-003/2024(H5N1)	349	0
NA|PP755591.1|A/cattle/Texas/24-008749-003/2024(H5N1)	350	0
NA|PP755591.1|A/cattle/Texas/24-008749-003/2024(H5N1)	351	0
NA|PP755591.1|A/cattle/Texas/24-008749-003/2024(H5N1)	352	0
NA|PP755591.1|A/cattle/Texas/24-008749-003/2024(H5N1)	353	0
NA|PP755591.1|A/cattle/Texas/24-008749-003/2024(H5N1)	354	0
NA|PP755591.1|A/cattle/Texas/24-008749-003/2024(H5N1)	355	0
NA|PP755591.1|A/cattle/Texas/24-008749-003/2024(H5N1)	356	0
NA|PP755591.1|A/cattle/Texas/24-008749-003/2024(H5N1)	357	0
NA|PP755591.1|A/cattle/Texas/24-008749-003/2024(H5N1)	358	0
NA|PP755591.1|A/cattle/Texas/24-008749-003/2024(H5N1)	359	0
NA|PP755591.1|A/cattle/Texas/24-008749-003/2024(H5N1)	360	0
NA|PP755591.1|A/cattle/Texas/24-008749-003/2024(H5N1)	361	0
NA|PP755591.1|A/cattle/Texas/24-008749-003/2024(H5N1)	362	0
NA|PP755591.1|A/cattle/Texas/24-008749-003/2024(H5N1)	363	0
NA|PP755591.1|A/cattle/Texas/24-008749-003/2024(H5N1)	364	0
NA|PP755591.1|A/cattle/Texas/24-008749-003/2024(H5N1)	365	0
NA|PP755591.1|A/cattle/Texas/24-008749-003/2024(H5N1)	366	0
NA|PP755591.1|A/cattle/Texas/24-008749-003/2024(H5N1)	367	0
NA|PP755591.1|A/cattle/Texas/24-008749-003/2024(H5N1)	368	0
NA|PP755591.1|A/cattle/Texas/24-008749-003/2024(H5N1)	369	0
NA|PP755591.1|A/cattle/Texas/24-008749-003/2024(H5N1)	370	0
NA|PP755591.1|A/cattle/Texas/24-008749-003/2024(H5N1)	371	0
NA|PP755591.1|A/cattle/Texas/24-008749-003/2024(H5N1)	372	0
NA|PP755591.1|A/cattle/Texas/24-008749-003/2024(H5N1)	373	0
NA|PP755591.1|A/cattle/Texas/24-008749-003/2024(H5N1)	374	0
NA|PP755591.1|A/cattle/Texas/24-008749-003/2024(H5N1)	375	0
NA|PP755591.1|A/cattle/Texas/24-008749-003/2024(H5N1)	376	0
NA|PP755591.1|A/cattle/Texas/24-008749-003/2024(H5N1)	377	0
NA|PP755591.1|A/cattle/Texas/24-008749-003/2024(H5N1)	378	0
NA|PP755591.1|A/cattle/Texas/24-008749-003/2024(H5N1)	379	0
NA|PP755591.1|A/cattle/Texas/24-008749-003/2024(H5N1)	380	0
NA|PP755591.1|A/cattle/Texas/24-008749-003/2024(H5N1)	381	0
NA|PP755591.1|A/cattle/Texas/24-008749-003/2024(H5N1)	382	0
NA|PP755591.1|A/cattle/Texas/24-008749-003/2024(H5N1)	383	0
NA|PP755591.1|A/cattle/Texas/24-008749-003/2024(H5N1)	384	0
NA|PP755591.1|A/cattle/Texas/24-008749-003/2024(H5N1)	385	0
NA|PP755591.1|A/cattle/Texas/24-008749-003/2024(H5N1)	386	0
NA|PP755591.1|A/cattle/Texas/24-008749-003/2024(H5N1)	387	0
NA|PP755591.1|A/cattle/Texas/24-008749-003/2024(H5N1)	388	0
NA|PP755591.1|A/cattle/Texas/24-008749-003/2024(H5N1)	389	0
NA|PP755591.1|A/cattle/Texas/24-008749-003/2024(H5N1)	390	0
NA|PP755591.1|A/cattle/Texas/24-008749-003/2024(H5N1)	391	0
NA|PP755591.1|A/cattle/Texas/24-008749-003/2024(H5N1)	392	0
NA|PP755591.1|A/cattle/Texas/24-008749-003/2024(H5N1)	393	0
NA|PP755591.1|A/cattle/Texas/24-008749-003/2024(H5N1)	394	0
NA|PP755591.1|A/cattle/Texas/24-008749-003/2024(H5N1)	395	0
NA|PP755591.1|A/cattle/Texas/24-008749-003/2024(H5N1)	396	0
NA|PP755591.1|A/cattle/Texas/24-008749-003/2024(H5N1)	397	0
NA|PP755591.1|A/cattle/Texas/24-008749-003/2024(H5N1)	398	0
NA|PP755591.1|A/cattle/Texas/24-008749-003/2024(H5N1)	399	0
NA|PP755591.1|A/cattle/Texas/24-008749-003/2024(H5N1)	400	0
NA|PP755591.1|A/cattle/Texas/24-008749-003/2024(H5N1)	401	0
NA|PP755591.1|A/cattle/Texas/24-008749-003/2024(H5N1)	402	0
NA|PP755591.1|A/cattle/Texas/24-008749-003/2024(H5N1)	403	0
NA|PP755591.1|A/cattle/Texas/24-008749-003/2024(H5N1)	404	0
NA|PP755591.1|A/cattle/Texas/24-008749-003/2024(H5N1)	405	0
NA|PP755591.1|A/cattle/Texas/24-008749-003/2024(H5N1)	406	0
NA|PP755591.1|A/cattle/Texas/24-008749-003/2024(H5N1)	407	0
NA|PP755591.1|A/cattle/Texas/24-008749-003/2024(H5N1)	408	0
NA|PP755591.1|A/cattle/Texas/24-008749-003/2024(H5N1)	409	0
NA|PP755591.1|A/cattle/Texas/24-008749-003/2024(H5N1)	410	0
NA|PP755591.1|A/cattle/Texas/24-008749-003/2024(H5N1)	411	0
NA|PP755591.1|A/cattle/Texas/24-008749-003/2024(H5N1)	412	0
NA|PP755591.1|A/cattle/Texas/24-008749-003/2024(H5N1)	413	0
NA|PP755591.1|A/cattle/Texas/24-008749-003/2024(H5N1)	414	0
NA|PP755591.1|A/cattle/Texas/24-008749-003/2024(H5N1)	415	0
NA|PP755591.1|A/cattle/Texas/24-008749-003/2024(H5N1)	416	0
NA|PP755591.1|A/cattle/Texas/24-008749-003/2024(H5N1)	417	0
NA|PP755591.1|A/cattle/Texas/24-008749-003/2024(H5N1)	418	0
NA|PP755591.1|A/cattle/Texas/24-008749-003/2024(H5N1)	419	0
NA|PP755591.1|A/cattle/Texas/24-008749-003/2024(H5N1)	420	0
NA|PP755591.1|A/cattle/Texas/24-008749-003/2024(H5N1)	421	0
NA|PP755591.1|A/cattle/Texas/24-008749-003/2024(H5N1)	422	0
NA|PP755591.1|A/cattle/Texas/24-008749-003/2024(H5N1)	423	0
NA|PP755591.1|A/cattle/Texas/24-008749-003/2024(H5N1)	424	0
NA|PP755591.1|A/cattle/Texas/24-008749-003/2024(H5N1)	425	0
NA|PP755591.1|A/cattle/Texas/24-008749-003/2024(H5N1)	426	0
NA|PP755591.1|A/cattle/Texas/24-008749-003/2024(H5N1)	427	0
NA|PP755591.1|A/cattle/Texas/24-008749-003/2024(H5N1)	428	0
NA|PP755591.1|A/cattle/Texas/24-008749-003/2024(H5N1)	429	0
NA|PP755591.1|A/cattle/Texas/24-008749-003/2024(H5N1)	430	0
NA|PP755591.1|A/cattle/Texas/24-008749-003/2024(H5N1)	431	0
NA|PP755591.1|A/cattle/Texas/24-008749-003/2024(H5N1)	432	0
NA|PP755591.1|A/cattle/Texas/24-008749-003/2024(H5N1)	433	0
NA|PP755591.1|A/cattle/Texas/24-008749-003/2024(H5N1)	434	0
NA|PP755591.1|A/cattle/Texas/24-008749-003/2024(H5N1)	435	0
NA|PP755591.1|A/cattle/Texas/24-008749-003/2024(H5N1)	436	0
NA|PP755591.1|A/cattle/Texas/24-008749-003/2024(H5N1)	437	0
NA|PP755591.1|A/cattle/Texas/24-008749-003/2024(H5N1)	438	0
NA|PP755591.1|A/cattle/Texas/24-008749-003/2024(H5N1)	439	0
NA|PP755591.1|A/cattle/Texas/24-008749-003/2024(H5N1)	440	0
NA|PP755591.1|A/cattle/Texas/24-008749-003/2024(H5N1)	441	0
NA|PP755591.1|A/cattle/Texas/24-008749-003/2024(H5N1)	442	0
NA|PP755591.1|A/cattle/Texas/24-008749-003/2024(H5N1)	443	0
NA|PP755591.1|A/cattle/Texas/24-008749-003/2024(H5N1)	444	0
NA|PP755591.1|A/cattle/Texas/24-008749-003/2024(H5N1)	445	0
NA|PP755591.1|A/cattle/Texas/24-008749-003/2024(H5N1)	446	0
NA|PP755591.1|A/cattle/Texas/24-008749-003/2024(H5N1)	447	0
NA|PP755591.1|A/cattle/Texas/24-008749-003/2024(H5N1)	448	0
NA|PP755591.1|A/cattle/Texas/24-008749-003/2024(H5N1)	449	0
NA|PP755591.1|A/cattle/Texas/24-008749-003/2024(H5N1)	450	0
NA|PP755591.1|A/cattle/Texas/24-008749-003/2024(H5N1)	451	0
NA|PP755591.1|A/cattle/Texas/24-008749-003/2024(H5N1)	452	0
NA|PP755591.1|A/cattle/Texas/24-008749-003/2024(H5N1)	453	0
NA|PP755591.1|A/cattle/Texas/24-008749-003/2024(H5N1)	454	0
NA|PP755591.1|A/cattle/Texas/24-008749-003/2024(H5N1)	455	0
NA|PP755591.1|A/cattle/Texas/24-008749-003/2024(H5N1)	456	0
NA|PP755591.1|A/cattle/Texas/24-008749-003/2024(H5N1)	457	0
NA|PP755591.1|A/cattle/Texas/24-008749-003/2024(H5N1)	458	0
NA|PP755591.1|A/cattle/Texas/24-008749-003/2024(H5N1)	459	0
NA|PP755591.1|A/cattle/Texas/24-008749-003/2024(H5N1)	460	0
NA|PP755591.1|A/cattle/Texas/24-008749-003/2024(H5N1)	461	0
NA|PP755591.1|A/cattle/Texas/24-008749-003/2024(H5N1)	462	0
NA|PP755591.1|A/cattle/Texas/24-008749-003/2024(H5N1)	463	0
NA|PP755591.1|A/cattle/Texas/24-008749-003/2024(H5N1)	464	0
NA|PP755591.1|A/cattle/Texas/24-008749-003/2024(H5N1)	465	0
NA|PP755591.1|A/cattle/Texas/24-008749-003/2024(H5N1)	466	0
NA|PP755591.1|A/cattle/Texas/24-008749-003/2024(H5N1)	467	0
NA|PP755591.1|A/cattle/Texas/24-008749-003/2024(H5N1)	468	0
NA|PP755591.1|A/cattle/Texas/24-008749-003/2024(H5N1)	469	0
NA|PP755591.1|A/cattle/Texas/24-008749-003/2024(H5N1)	470	0
NA|PP755591.1|A/cattle/Texas/24-008749-003/2024(H5N1)	471	0
NA|PP755591.1|A/cattle/Texas/24-008749-003/2024(H5N1)	472	0
NA|PP755591.1|A/cattle/Texas/24-008749-003/2024(H5N1)	473	0
NA|PP755591.1|A/cattle/Texas/24-008749-003/2024(H5N1)	474	0
NA|PP755591.1|A/cattle/Texas/24-008749-003/2024(H5N1)	475	0
NA|PP755591.1|A/cattle/Texas/24-008749-003/2024(H5N1)	476	0
NA|PP755591.1|A/cattle/Texas/24-008749-003/2024(H5N1)	477	0
NA|PP755591.1|A/cattle/Texas/24-008749-003/2024(H5N1)	478	0
NA|PP755591.1|A/cattle/Texas/24-008749-003/2024(H5N1)	479	0
NA|PP755591.1|A/cattle/Texas/24-008749-003/2024(H5N1)	480	0
NA|PP755591.1|A/cattle/Texas/24-008749-003/2024(H5N1)	481	0
NA|PP755591.1|A/cattle/Texas/24-008749-003/2024(H5N1)	482	0
NA|PP755591.1|A/cattle/Texas/24-008749-003/2024(H5N1)	483	0
NA|PP755591.1|A/cattle/Texas/24-008749-003/2024(H5N1)	484	0
NA|PP755591.1|A/cattle/Texas/24-008749-003/2024(H5N1)	485	0
NA|PP755591.1|A/cattle/Texas/24-008749-003/2024(H5N1)	486	0
NA|PP755591.1|A/cattle/Texas/24-008749-003/2024(H5N1)	487	0
NA|PP755591.1|A/cattle/Texas/24-008749-003/2024(H5N1)	488	0
NA|PP755591.1|A/cattle/Texas/24-008749-003/2024(H5N1)	489	0
NA|PP755591.1|A/cattle/Texas/24-008749-003/2024(H5N1)	490	0
NA|PP755591.1|A/cattle/Texas/24-008749-003/2024(H5N1)	491	0
NA|PP755591.1|A/cattle/Texas/24-008749-003/2024(H5N1)	492	0
NA|PP755591.1|A/cattle/Texas/24-008749-003/2024(H5N1)	493	0
NA|PP755591.1|A/cattle/Texas/24-008749-003/2024(H5N1)	494	0
NA|PP755591.1|A/cattle/Texas/24-008749-003/2024(H5N1)	495	0
NA|PP755591.1|A/cattle/Texas/24-008749-003/2024(H5N1)	496	0
NA|PP755591.1|A/cattle/Texas/24-008749-003/2024(H5N1)	497	0
NA|PP755591.1|A/cattle/Texas/24-008749-003/2024(H5N1)	498	0
NA|PP755591.1|A/cattle/Texas/24-008749-003/2024(H5N1)	499	0
NA|PP755591.1|A/cattle/Texas/24-008749-003/2024(H5N1)	500	0
NA|PP755591.1|A/cattle/Texas/24-008749-003/2024(H5N1)	501	0
NA|PP755591.1|A/cattle/Texas/24-008749-003/2024(H5N1)	502	0
NA|PP755591.1|A/cattle/Texas/24-008749-003/2024(H5N1)	503	0
NA|PP755591.1|A/cattle/Texas/24-008749-003/2024(H5N1)	504	0
NA|PP755591.1|A/cattle/Texas/24-008749-003/2024(H5N1)	505	0
NA|PP755591.1|A/cattle/Texas/24-008749-003/2024(H5N1)	506	0
NA|PP755591.1|A/cattle/Texas/24-008749-003/2024(H5N1)	507	0
NA|PP755591.1|A/cattle/Texas/24-008749-003/2024(H5N1)	508	0
NA|PP755591.1|A/cattle/Texas/24-008749-003/2024(H5N1)	509	0
NA|PP755591.1|A/cattle/Texas/24-008749-003/2024(H5N1)	510	0
NA|PP755591.1|A/cattle/Texas/24-008749-003/2024(H5N1)	511	0
NA|PP755591.1|A/cattle/Texas/24-008749-003/2024(H5N1)	512	0
NA|PP755591.1|A/cattle/Texas/24-008749-003/2024(H5N1)	513	0
NA|PP755591.1|A/cattle/Texas/24-008749-003/2024(H5N1)	514	0
NA|PP755591.1|A/cattle/Texas/24-008749-003/2024(H5N1)	515	0
NA|PP755591.1|A/cattle/Texas/24-008749-003/2024(H5N1)	516	0
NA|PP755591.1|A/cattle/Texas/24-008749-003/2024(H5N1)	517	0
NA|PP755591.1|A/cattle/Texas/24-008749-003/2024(H5N1)	518	0
NA|PP755591.1|A/cattle/Texas/24-008749-003/2024(H5N1)	519	0
NA|PP755591.1|A/cattle/Texas/24-008749-003/2024(H5N1)	520	0
NA|PP755591.1|A/cattle/Texas/24-008749-003/2024(H5N1)	521	0
NA|PP755591.1|A/cattle/Texas/24-008749-003/2024(H5N1)	522	0
NA|PP755591.1|A/cattle/Texas/24-008749-003/2024(H5N1)	523	0
NA|PP755591.1|A/cattle/Texas/24-008749-003/2024(H5N1)	524	0
NA|PP755591.1|A/cattle/Texas/24-008749-003/2024(H5N1)	525	0
NA|PP755591.1|A/cattle/Texas/24-008749-003/2024(H5N1)	526	0
NA|PP755591.1|A/cattle/Texas/24-008749-003/2024(H5N1)	527	0
NA|PP755591.1|A/cattle/Texas/24-008749-003/2024(H5N1)	528	0
NA|PP755591.1|A/cattle/Texas/24-008749-003/2024(H5N1)	529	0
NA|PP755591.1|A/cattle/Texas/24-008749-003/2024(H5N1)	530	0
NA|PP755591.1|A/cattle/Texas/24-008749-003/2024(H5N1)	531	0
NA|PP755591.1|A/cattle/Texas/24-008749-003/2024(H5N1)	532	0
NA|PP755591.1|A/cattle/Texas/24-008749-003/2024(H5N1)	533	0
NA|PP755591.1|A/cattle/Texas/24-008749-003/2024(H5N1)	534	0
NA|PP755591.1|A/cattle/Texas/24-008749-003/2024(H5N1)	535	0
NA|PP755591.1|A/cattle/Texas/24-008749-003/2024(H5N1)	536	0
NA|PP755591.1|A/cattle/Texas/24-008749-003/2024(H5N1)	537	0
NA|PP755591.1|A/cattle/Texas/24-008749-003/2024(H5N1)	538	0
NA|PP755591.1|A/cattle/Texas/24-008749-003/2024(H5N1)	539	0
NA|PP755591.1|A/cattle/Texas/24-008749-003/2024(H5N1)	540	0
NA|PP755591.1|A/cattle/Texas/24-008749-003/2024(H5N1)	541	0
NA|PP755591.1|A/cattle/Texas/24-008749-003/2024(H5N1)	542	0
NA|PP755591.1|A/cattle/Texas/24-008749-003/2024(H5N1)	543	0
NA|PP755591.1|A/cattle/Texas/24-008749-003/2024(H5N1)	544	0
NA|PP755591.1|A/cattle/Texas/24-008749-003/2024(H5N1)	545	0
NA|PP755591.1|A/cattle/Texas/24-008749-003/2024(H5N1)	546	0
NA|PP755591.1|A/cattle/Texas/24-008749-003/2024(H5N1)	547	0
NA|PP755591.1|A/cattle/Texas/24-008749-003/2024(H5N1)	548	0
NA|PP755591.1|A/cattle/Texas/24-008749-003/2024(H5N1)	549	0
NA|PP755591.1|A/cattle/Texas/24-008749-003/2024(H5N1)	550	0
NA|PP755591.1|A/cattle/Texas/24-008749-003/2024(H5N1)	551	0
NA|PP755591.1|A/cattle/Texas/24-008749-003/2024(H5N1)	552	0
NA|PP755591.1|A/cattle/Texas/24-008749-003/2024(H5N1)	553	0
NA|PP755591.1|A/cattle/Texas/24-008749-003/2024(H5N1)	554	0
NA|PP755591.1|A/cattle/Texas/24-008749-003/2024(H5N1)	555	0
NA|PP755591.1|A/cattle/Texas/24-008749-003/2024(H5N1)	556	0
NA|PP755591.1|A/cattle/Texas/24-008749-003/2024(H5N1)	557	0
NA|PP755591.1|A/cattle/Texas/24-008749-003/2024(H5N1)	558	0
NA|PP755591.1|A/cattle/Texas/24-008749-003/2024(H5N1)	559	0
NA|PP755591.1|A/cattle/Texas/24-008749-003/2024(H5N1)	560	0
NA|PP755591.1|A/cattle/Texas/24-008749-003/2024(H5N1)	561	0
NA|PP755591.1|A/cattle/Texas/24-008749-003/2024(H5N1)	562	0
NA|PP755591.1|A/cattle/Texas/24-008749-003/2024(H5N1)	563	0
NA|PP755591.1|A/cattle/Texas/24-008749-003/2024(H5N1)	564	0
NA|PP755591.1|A/cattle/Texas/24-008749-003/2024(H5N1)	565	0
NA|PP755591.1|A/cattle/Texas/24-008749-003/2024(H5N1)	566	0
NA|PP755591.1|A/cattle/Texas/24-008749-003/2024(H5N1)	567	0
NA|PP755591.1|A/cattle/Texas/24-008749-003/2024(H5N1)	568	0
NA|PP755591.1|A/cattle/Texas/24-008749-003/2024(H5N1)	569	0
NA|PP755591.1|A/cattle/Texas/24-008749-003/2024(H5N1)	570	0
NA|PP755591.1|A/cattle/Texas/24-008749-003/2024(H5N1)	571	0
NA|PP755591.1|A/cattle/Texas/24-008749-003/2024(H5N1)	572	0
NA|PP755591.1|A/cattle/Texas/24-008749-003/2024(H5N1)	573	0
NA|PP755591.1|A/cattle/Texas/24-008749-003/2024(H5N1)	574	0
NA|PP755591.1|A/cattle/Texas/24-008749-003/2024(H5N1)	575	0
NA|PP755591.1|A/cattle/Texas/24-008749-003/2024(H5N1)	576	0
NA|PP755591.1|A/cattle/Texas/24-008749-003/2024(H5N1)	577	0
NA|PP755591.1|A/cattle/Texas/24-008749-003/2024(H5N1)	578	0
NA|PP755591.1|A/cattle/Texas/24-008749-003/2024(H5N1)	579	0
NA|PP755591.1|A/cattle/Texas/24-008749-003/2024(H5N1)	580	0
NA|PP755591.1|A/cattle/Texas/24-008749-003/2024(H5N1)	581	0
NA|PP755591.1|A/cattle/Texas/24-008749-003/2024(H5N1)	582	0
NA|PP755591.1|A/cattle/Texas/24-008749-003/2024(H5N1)	583	0
NA|PP755591.1|A/cattle/Texas/24-008749-003/2024(H5N1)	584	0
NA|PP755591.1|A/cattle/Texas/24-008749-003/2024(H5N1)	585	0
NA|PP755591.1|A/cattle/Texas/24-008749-003/2024(H5N1)	586	0
NA|PP755591.1|A/cattle/Texas/24-008749-003/2024(H5N1)	587	0
NA|PP755591.1|A/cattle/Texas/24-008749-003/2024(H5N1)	588	0
NA|PP755591.1|A/cattle/Texas/24-008749-003/2024(H5N1)	589	0
NA|PP755591.1|A/cattle/Texas/24-008749-003/2024(H5N1)	590	0
NA|PP755591.1|A/cattle/Texas/24-008749-003/2024(H5N1)	591	0
NA|PP755591.1|A/cattle/Texas/24-008749-003/2024(H5N1)	592	0
NA|PP755591.1|A/cattle/Texas/24-008749-003/2024(H5N1)	593	0
NA|PP755591.1|A/cattle/Texas/24-008749-003/2024(H5N1)	594	0
NA|PP755591.1|A/cattle/Texas/24-008749-003/2024(H5N1)	595	0
NA|PP755591.1|A/cattle/Texas/24-008749-003/2024(H5N1)	596	0
NA|PP755591.1|A/cattle/Texas/24-008749-003/2024(H5N1)	597	0
NA|PP755591.1|A/cattle/Texas/24-008749-003/2024(H5N1)	598	0
NA|PP755591.1|A/cattle/Texas/24-008749-003/2024(H5N1)	599	0
NA|PP755591.1|A/cattle/Texas/24-008749-003/2024(H5N1)	600	0
NA|PP755591.1|A/cattle/Texas/24-008749-003/2024(H5N1)	601	0
NA|PP755591.1|A/cattle/Texas/24-008749-003/2024(H5N1)	602	0
NA|PP755591.1|A/cattle/Texas/24-008749-003/2024(H5N1)	603	0
NA|PP755591.1|A/cattle/Texas/24-008749-003/2024(H5N1)	604	0
NA|PP755591.1|A/cattle/Texas/24-008749-003/2024(H5N1)	605	0
NA|PP755591.1|A/cattle/Texas/24-008749-003/2024(H5N1)	606	0
NA|PP755591.1|A/cattle/Texas/24-008749-003/2024(H5N1)	607	0
NA|PP755591.1|A/cattle/Texas/24-008749-003/2024(H5N1)	608	0
NA|PP755591.1|A/cattle/Texas/24-008749-003/2024(H5N1)	609	0
NA|PP755591.1|A/cattle/Texas/24-008749-003/2024(H5N1)	610	0
NA|PP755591.1|A/cattle/Texas/24-008749-003/2024(H5N1)	611	0
NA|PP755591.1|A/cattle/Texas/24-008749-003/2024(H5N1)	612	0
NA|PP755591.1|A/cattle/Texas/24-008749-003/2024(H5N1)	613	0
NA|PP755591.1|A/cattle/Texas/24-008749-003/2024(H5N1)	614	0
NA|PP755591.1|A/cattle/Texas/24-008749-003/2024(H5N1)	615	0
NA|PP755591.1|A/cattle/Texas/24-008749-003/2024(H5N1)	616	0
NA|PP755591.1|A/cattle/Texas/24-008749-003/2024(H5N1)	617	0
NA|PP755591.1|A/cattle/Texas/24-008749-003/2024(H5N1)	618	0
NA|PP755591.1|A/cattle/Texas/24-008749-003/2024(H5N1)	619	0
NA|PP755591.1|A/cattle/Texas/24-008749-003/2024(H5N1)	620	0
NA|PP755591.1|A/cattle/Texas/24-008749-003/2024(H5N1)	621	0
NA|PP755591.1|A/cattle/Texas/24-008749-003/2024(H5N1)	622	0
NA|PP755591.1|A/cattle/Texas/24-008749-003/2024(H5N1)	623	0
NA|PP755591.1|A/cattle/Texas/24-008749-003/2024(H5N1)	624	0
NA|PP755591.1|A/cattle/Texas/24-008749-003/2024(H5N1)	625	0
NA|PP755591.1|A/cattle/Texas/24-008749-003/2024(H5N1)	626	0
NA|PP755591.1|A/cattle/Texas/24-008749-003/2024(H5N1)	627	0
NA|PP755591.1|A/cattle/Texas/24-008749-003/2024(H5N1)	628	0
NA|PP755591.1|A/cattle/Texas/24-008749-003/2024(H5N1)	629	0
NA|PP755591.1|A/cattle/Texas/24-008749-003/2024(H5N1)	630	0
NA|PP755591.1|A/cattle/Texas/24-008749-003/2024(H5N1)	631	0
NA|PP755591.1|A/cattle/Texas/24-008749-003/2024(H5N1)	632	0
NA|PP755591.1|A/cattle/Texas/24-008749-003/2024(H5N1)	633	0
NA|PP755591.1|A/cattle/Texas/24-008749-003/2024(H5N1)	634	0
NA|PP755591.1|A/cattle/Texas/24-008749-003/2024(H5N1)	635	0
NA|PP755591.1|A/cattle/Texas/24-008749-003/2024(H5N1)	636	1
NA|PP755591.1|A/cattle/Texas/24-008749-003/2024(H5N1)	637	1
NA|PP755591.1|A/cattle/Texas/24-008749-003/2024(H5N1)	638	1
NA|PP755591.1|A/cattle/Texas/24-008749-003/2024(H5N1)	639	1
NA|PP755591.1|A/cattle/Texas/24-008749-003/2024(H5N1)	640	1
NA|PP755591.1|A/cattle/Texas/24-008749-003/2024(H5N1)	641	1
NA|PP755591.1|A/cattle/Texas/24-008749-003/2024(H5N1)	642	1
NA|PP755591.1|A/cattle/Texas/24-008749-003/2024(H5N1)	643	1
NA|PP755591.1|A/cattle/Texas/24-008749-003/2024(H5N1)	644	1
NA|PP755591.1|A/cattle/Texas/24-008749-003/2024(H5N1)	645	1
NA|PP755591.1|A/cattle/Texas/24-008749-003/2024(H5N1)	646	1
NA|PP755591.1|A/cattle/Texas/24-008749-003/2024(H5N1)	647	1
NA|PP755591.1|A/cattle/Texas/24-008749-003/2024(H5N1)	648	1
NA|PP755591.1|A/cattle/Texas/24-008749-003/2024(H5N1)	649	1
NA|PP755591.1|A/cattle/Texas/24-008749-003/2024(H5N1)	650	1
NA|PP755591.1|A/cattle/Texas/24-008749-003/2024(H5N1)	651	1
NA|PP755591.1|A/cattle/Texas/24-008749-003/2024(H5N1)	652	1
NA|PP755591.1|A/cattle/Texas/24-008749-003/2024(H5N1)	653	1
NA|PP755591.1|A/cattle/Texas/24-008749-003/2024(H5N1)	654	1
NA|PP755591.1|A/cattle/Texas/24-008749-003/2024(H5N1)	655	1
NA|PP755591.1|A/cattle/Texas/24-008749-003/2024(H5N1)	656	1
NA|PP755591.1|A/cattle/Texas/24-008749-003/2024(H5N1)	657	1
NA|PP755591.1|A/cattle/Texas/24-008749-003/2024(H5N1)	658	1
NA|PP755591.1|A/cattle/Texas/24-008749-003/2024(H5N1)	659	1
NA|PP755591.1|A/cattle/Texas/24-008749-003/2024(H5N1)	660	1
NA|PP755591.1|A/cattle/Texas/24-008749-003/2024(H5N1)	661	1
NA|PP755591.1|A/cattle/Texas/24-008749-003/2024(H5N1)	662	1
NA|PP755591.1|A/cattle/Texas/24-008749-003/2024(H5N1)	663	1
NA|PP755591.1|A/cattle/Texas/24-008749-003/2024(H5N1)	664	1
NA|PP755591.1|A/cattle/Texas/24-008749-003/2024(H5N1)	665	1
NA|PP755591.1|A/cattle/Texas/24-008749-003/2024(H5N1)	666	1
NA|PP755591.1|A/cattle/Texas/24-008749-003/2024(H5N1)	667	1
NA|PP755591.1|A/cattle/Texas/24-008749-003/2024(H5N1)	668	1
NA|PP755591.1|A/cattle/Texas/24-008749-003/2024(H5N1)	669	1
NA|PP755591.1|A/cattle/Texas/24-008749-003/2024(H5N1)	670	1
NA|PP755591.1|A/cattle/Texas/24-008749-003/2024(H5N1)	671	1
NA|PP755591.1|A/cattle/Texas/24-008749-003/2024(H5N1)	672	1
NA|PP755591.1|A/cattle/Texas/24-008749-003/2024(H5N1)	673	1
NA|PP755591.1|A/cattle/Texas/24-008749-003/2024(H5N1)	674	1
NA|PP755591.1|A/cattle/Texas/24-008749-003/2024(H5N1)	675	1
NA|PP755591.1|A/cattle/Texas/24-008749-003/2024(H5N1)	676	1
NA|PP755591.1|A/cattle/Texas/24-008749-003/2024(H5N1)	677	1
NA|PP755591.1|A/cattle/Texas/24-008749-003/2024(H5N1)	678	1
NA|PP755591.1|A/cattle/Texas/24-008749-003/2024(H5N1)	679	1
NA|PP755591.1|A/cattle/Texas/24-008749-003/2024(H5N1)	680	1
NA|PP755591.1|A/cattle/Texas/24-008749-003/2024(H5N1)	681	1
NA|PP755591.1|A/cattle/Texas/24-008749-003/2024(H5N1)	682	1
NA|PP755591.1|A/cattle/Texas/24-008749-003/2024(H5N1)	683	1
NA|PP755591.1|A/cattle/Texas/24-008749-003/2024(H5N1)	684	1
NA|PP755591.1|A/cattle/Texas/24-008749-003/2024(H5N1)	685	1
NA|PP755591.1|A/cattle/Texas/24-008749-003/2024(H5N1)	686	1
NA|PP755591.1|A/cattle/Texas/24-008749-003/2024(H5N1)	687	1
NA|PP755591.1|A/cattle/Texas/24-008749-003/2024(H5N1)	688	1
NA|PP755591.1|A/cattle/Texas/24-008749-003/2024(H5N1)	689	1
NA|PP755591.1|A/cattle/Texas/24-008749-003/2024(H5N1)	690	1
NA|PP755591.1|A/cattle/Texas/24-008749-003/2024(H5N1)	691	1
NA|PP755591.1|A/cattle/Texas/24-008749-003/2024(H5N1)	692	1
NA|PP755591.1|A/cattle/Texas/24-008749-003/2024(H5N1)	693	1
NA|PP755591.1|A/cattle/Texas/24-008749-003/2024(H5N1)	694	1
NA|PP755591.1|A/cattle/Texas/24-008749-003/2024(H5N1)	695	1
NA|PP755591.1|A/cattle/Texas/24-008749-003/2024(H5N1)	696	1
NA|PP755591.1|A/cattle/Texas/24-008749-003/2024(H5N1)	697	1
NA|PP755591.1|A/cattle/Texas/24-008749-003/2024(H5N1)	698	1
NA|PP755591.1|A/cattle/Texas/24-008749-003/2024(H5N1)	699	1
NA|PP755591.1|A/cattle/Texas/24-008749-003/2024(H5N1)	700	1
NA|PP755591.1|A/cattle/Texas/24-008749-003/2024(H5N1)	701	1
NA|PP755591.1|A/cattle/Texas/24-008749-003/2024(H5N1)	702	1
NA|PP755591.1|A/cattle/Texas/24-008749-003/2024(H5N1)	703	1
NA|PP755591.1|A/cattle/Texas/24-008749-003/2024(H5N1)	704	1
NA|PP755591.1|A/cattle/Texas/24-008749-003/2024(H5N1)	705	1
NA|PP755591.1|A/cattle/Texas/24-008749-003/2024(H5N1)	706	1
NA|PP755591.1|A/cattle/Texas/24-008749-003/2024(H5N1)	707	1
NA|PP755591.1|A/cattle/Texas/24-008749-003/2024(H5N1)	708	1
NA|PP755591.1|A/cattle/Texas/24-008749-003/2024(H5N1)	709	1
NA|PP755591.1|A/cattle/Texas/24-008749-003/2024(H5N1)	710	1
NA|PP755591.1|A/cattle/Texas/24-008749-003/2024(H5N1)	711	1
NA|PP755591.1|A/cattle/Texas/24-008749-003/2024(H5N1)	712	1
NA|PP755591.1|A/cattle/Texas/24-008749-003/2024(H5N1)	713	1
NA|PP755591.1|A/cattle/Texas/24-008749-003/2024(H5N1)	714	1
NA|PP755591.1|A/cattle/Texas/24-008749-003/2024(H5N1)	715	1
NA|PP755591.1|A/cattle/Texas/24-008749-003/2024(H5N1)	716	1
NA|PP755591.1|A/cattle/Texas/24-008749-003/2024(H5N1)	717	1
NA|PP755591.1|A/cattle/Texas/24-008749-003/2024(H5N1)	718	1
NA|PP755591.1|A/cattle/Texas/24-008749-003/2024(H5N1)	719	1
NA|PP755591.1|A/cattle/Texas/24-008749-003/2024(H5N1)	720	1
NA|PP755591.1|A/cattle/Texas/24-008749-003/2024(H5N1)	721	1
NA|PP755591.1|A/cattle/Texas/24-008749-003/2024(H5N1)	722	1
NA|PP755591.1|A/cattle/Texas/24-008749-003/2024(H5N1)	723	1
NA|PP755591.1|A/cattle/Texas/24-008749-003/2024(H5N1)	724	1
NA|PP755591.1|A/cattle/Texas/24-008749-003/2024(H5N1)	725	1
NA|PP755591.1|A/cattle/Texas/24-008749-003/2024(H5N1)	726	1
NA|PP755591.1|A/cattle/Texas/24-008749-003/2024(H5N1)	727	1
NA|PP755591.1|A/cattle/Texas/24-008749-003/2024(H5N1)	728	2
NA|PP755591.1|A/cattle/Texas/24-008749-003/2024(H5N1)	729	2
NA|PP755591.1|A/cattle/Texas/24-008749-003/2024(H5N1)	730	2
NA|PP755591.1|A/cattle/Texas/24-008749-003/2024(H5N1)	731	2
NA|PP755591.1|A/cattle/Texas/24-008749-003/2024(H5N1)	732	2
NA|PP755591.1|A/cattle/Texas/24-008749-003/2024(H5N1)	733	2
NA|PP755591.1|A/cattle/Texas/24-008749-003/2024(H5N1)	734	2
NA|PP755591.1|A/cattle/Texas/24-008749-003/2024(H5N1)	735	2
NA|PP755591.1|A/cattle/Texas/24-008749-003/2024(H5N1)	736	2
NA|PP755591.1|A/cattle/Texas/24-008749-003/2024(H5N1)	737	2
NA|PP755591.1|A/cattle/Texas/24-008749-003/2024(H5N1)	738	2
NA|PP755591.1|A/cattle/Texas/24-008749-003/2024(H5N1)	739	2
NA|PP755591.1|A/cattle/Texas/24-008749-003/2024(H5N1)	740	2
NA|PP755591.1|A/cattle/Texas/24-008749-003/2024(H5N1)	741	2
NA|PP755591.1|A/cattle/Texas/24-008749-003/2024(H5N1)	742	2
NA|PP755591.1|A/cattle/Texas/24-008749-003/2024(H5N1)	743	2
NA|PP755591.1|A/cattle/Texas/24-008749-003/2024(H5N1)	744	2
NA|PP755591.1|A/cattle/Texas/24-008749-003/2024(H5N1)	745	2
NA|PP755591.1|A/cattle/Texas/24-008749-003/2024(H5N1)	746	2
NA|PP755591.1|A/cattle/Texas/24-008749-003/2024(H5N1)	747	2
NA|PP755591.1|A/cattle/Texas/24-008749-003/2024(H5N1)	748	2
NA|PP755591.1|A/cattle/Texas/24-008749-003/2024(H5N1)	749	2
NA|PP755591.1|A/cattle/Texas/24-008749-003/2024(H5N1)	750	2
NA|PP755591.1|A/cattle/Texas/24-008749-003/2024(H5N1)	751	2
NA|PP755591.1|A/cattle/Texas/24-008749-003/2024(H5N1)	752	2
NA|PP755591.1|A/cattle/Texas/24-008749-003/2024(H5N1)	753	2
NA|PP755591.1|A/cattle/Texas/24-008749-003/2024(H5N1)	754	2
NA|PP755591.1|A/cattle/Texas/24-008749-003/2024(H5N1)	755	2
NA|PP755591.1|A/cattle/Texas/24-008749-003/2024(H5N1)	756	2
NA|PP755591.1|A/cattle/Texas/24-008749-003/2024(H5N1)	757	2
NA|PP755591.1|A/cattle/Texas/24-008749-003/2024(H5N1)	758	2
NA|PP755591.1|A/cattle/Texas/24-008749-003/2024(H5N1)	759	2
NA|PP755591.1|A/cattle/Texas/24-008749-003/2024(H5N1)	760	2
NA|PP755591.1|A/cattle/Texas/24-008749-003/2024(H5N1)	761	2
NA|PP755591.1|A/cattle/Texas/24-008749-003/2024(H5N1)	762	2
NA|PP755591.1|A/cattle/Texas/24-008749-003/2024(H5N1)	763	2
NA|PP755591.1|A/cattle/Texas/24-008749-003/2024(H5N1)	764	2
NA|PP755591.1|A/cattle/Texas/24-008749-003/2024(H5N1)	765	2
NA|PP755591.1|A/cattle/Texas/24-008749-003/2024(H5N1)	766	2
NA|PP755591.1|A/cattle/Texas/24-008749-003/2024(H5N1)	767	2
NA|PP755591.1|A/cattle/Texas/24-008749-003/2024(H5N1)	768	2
NA|PP755591.1|A/cattle/Texas/24-008749-003/2024(H5N1)	769	2
NA|PP755591.1|A/cattle/Texas/24-008749-003/2024(H5N1)	770	2
NA|PP755591.1|A/cattle/Texas/24-008749-003/2024(H5N1)	771	2
NA|PP755591.1|A/cattle/Texas/24-008749-003/2024(H5N1)	772	2
NA|PP755591.1|A/cattle/Texas/24-008749-003/2024(H5N1)	773	2
NA|PP755591.1|A/cattle/Texas/24-008749-003/2024(H5N1)	774	2
NA|PP755591.1|A/cattle/Texas/24-008749-003/2024(H5N1)	775	2
NA|PP755591.1|A/cattle/Texas/24-008749-003/2024(H5N1)	776	2
NA|PP755591.1|A/cattle/Texas/24-008749-003/2024(H5N1)	777	2
NA|PP755591.1|A/cattle/Texas/24-008749-003/2024(H5N1)	778	2
NA|PP755591.1|A/cattle/Texas/24-008749-003/2024(H5N1)	779	1
NA|PP755591.1|A/cattle/Texas/24-008749-003/2024(H5N1)	780	1
NA|PP755591.1|A/cattle/Texas/24-008749-003/2024(H5N1)	781	1
NA|PP755591.1|A/cattle/Texas/24-008749-003/2024(H5N1)	782	1
NA|PP755591.1|A/cattle/Texas/24-008749-003/2024(H5N1)	783	1
NA|PP755591.1|A/cattle/Texas/24-008749-003/2024(H5N1)	784	1
NA|PP755591.1|A/cattle/Texas/24-008749-003/2024(H5N1)	785	1
NA|PP755591.1|A/cattle/Texas/24-008749-003/2024(H5N1)	786	1
NA|PP755591.1|A/cattle/Texas/24-008749-003/2024(H5N1)	787	1
NA|PP755591.1|A/cattle/Texas/24-008749-003/2024(H5N1)	788	1
NA|PP755591.1|A/cattle/Texas/24-008749-003/2024(H5N1)	789	1
NA|PP755591.1|A/cattle/Texas/24-008749-003/2024(H5N1)	790	1
NA|PP755591.1|A/cattle/Texas/24-008749-003/2024(H5N1)	791	1
NA|PP755591.1|A/cattle/Texas/24-008749-003/2024(H5N1)	792	1
NA|PP755591.1|A/cattle/Texas/24-008749-003/2024(H5N1)	793	1
NA|PP755591.1|A/cattle/Texas/24-008749-003/2024(H5N1)	794	1
NA|PP755591.1|A/cattle/Texas/24-008749-003/2024(H5N1)	795	1
NA|PP755591.1|A/cattle/Texas/24-008749-003/2024(H5N1)	796	1
NA|PP755591.1|A/cattle/Texas/24-008749-003/2024(H5N1)	797	1
NA|PP755591.1|A/cattle/Texas/24-008749-003/2024(H5N1)	798	1
NA|PP755591.1|A/cattle/Texas/24-008749-003/2024(H5N1)	799	1
NA|PP755591.1|A/cattle/Texas/24-008749-003/2024(H5N1)	800	1
NA|PP755591.1|A/cattle/Texas/24-008749-003/2024(H5N1)	801	1
NA|PP755591.1|A/cattle/Texas/24-008749-003/2024(H5N1)	802	1
NA|PP755591.1|A/cattle/Texas/24-008749-003/2024(H5N1)	803	1
NA|PP755591.1|A/cattle/Texas/24-008749-003/2024(H5N1)	804	1
NA|PP755591.1|A/cattle/Texas/24-008749-003/2024(H5N1)	805	1
NA|PP755591.1|A/cattle/Texas/24-008749-003/2024(H5N1)	806	1
NA|PP755591.1|A/cattle/Texas/24-008749-003/2024(H5N1)	807	1
NA|PP755591.1|A/cattle/Texas/24-008749-003/2024(H5N1)	808	1
NA|PP755591.1|A/cattle/Texas/24-008749-003/2024(H5N1)	809	1
NA|PP755591.1|A/cattle/Texas/24-008749-003/2024(H5N1)	810	1
NA|PP755591.1|A/cattle/Texas/24-008749-003/2024(H5N1)	811	1
NA|PP755591.1|A/cattle/Texas/24-008749-003/2024(H5N1)	812	1
NA|PP755591.1|A/cattle/Texas/24-008749-003/2024(H5N1)	813	1
NA|PP755591.1|A/cattle/Texas/24-008749-003/2024(H5N1)	814	1
NA|PP755591.1|A/cattle/Texas/24-008749-003/2024(H5N1)	815	1
NA|PP755591.1|A/cattle/Texas/24-008749-003/2024(H5N1)	816	1
NA|PP755591.1|A/cattle/Texas/24-008749-003/2024(H5N1)	817	1
NA|PP755591.1|A/cattle/Texas/24-008749-003/2024(H5N1)	818	1
NA|PP755591.1|A/cattle/Texas/24-008749-003/2024(H5N1)	819	1
NA|PP755591.1|A/cattle/Texas/24-008749-003/2024(H5N1)	820	1
NA|PP755591.1|A/cattle/Texas/24-008749-003/2024(H5N1)	821	1
NA|PP755591.1|A/cattle/Texas/24-008749-003/2024(H5N1)	822	1
NA|PP755591.1|A/cattle/Texas/24-008749-003/2024(H5N1)	823	1
NA|PP755591.1|A/cattle/Texas/24-008749-003/2024(H5N1)	824	1
NA|PP755591.1|A/cattle/Texas/24-008749-003/2024(H5N1)	825	1
NA|PP755591.1|A/cattle/Texas/24-008749-003/2024(H5N1)	826	1
NA|PP755591.1|A/cattle/Texas/24-008749-003/2024(H5N1)	827	1
NA|PP755591.1|A/cattle/Texas/24-008749-003/2024(H5N1)	828	1
NA|PP755591.1|A/cattle/Texas/24-008749-003/2024(H5N1)	829	1
NA|PP755591.1|A/cattle/Texas/24-008749-003/2024(H5N1)	830	1
NA|PP755591.1|A/cattle/Texas/24-008749-003/2024(H5N1)	831	1
NA|PP755591.1|A/cattle/Texas/24-008749-003/2024(H5N1)	832	1
NA|PP755591.1|A/cattle/Texas/24-008749-003/2024(H5N1)	833	1
NA|PP755591.1|A/cattle/Texas/24-008749-003/2024(H5N1)	834	1
NA|PP755591.1|A/cattle/Texas/24-008749-003/2024(H5N1)	835	1
NA|PP755591.1|A/cattle/Texas/24-008749-003/2024(H5N1)	836	1
NA|PP755591.1|A/cattle/Texas/24-008749-003/2024(H5N1)	837	1
NA|PP755591.1|A/cattle/Texas/24-008749-003/2024(H5N1)	838	1
NA|PP755591.1|A/cattle/Texas/24-008749-003/2024(H5N1)	839	1
NA|PP755591.1|A/cattle/Texas/24-008749-003/2024(H5N1)	840	1
NA|PP755591.1|A/cattle/Texas/24-008749-003/2024(H5N1)	841	1
NA|PP755591.1|A/cattle/Texas/24-008749-003/2024(H5N1)	842	1
NA|PP755591.1|A/cattle/Texas/24-008749-003/2024(H5N1)	843	1
NA|PP755591.1|A/cattle/Texas/24-008749-003/2024(H5N1)	844	1
NA|PP755591.1|A/cattle/Texas/24-008749-003/2024(H5N1)	845	1
NA|PP755591.1|A/cattle/Texas/24-008749-003/2024(H5N1)	846	1
NA|PP755591.1|A/cattle/Texas/24-008749-003/2024(H5N1)	847	1
NA|PP755591.1|A/cattle/Texas/24-008749-003/2024(H5N1)	848	1
NA|PP755591.1|A/cattle/Texas/24-008749-003/2024(H5N1)	849	1
NA|PP755591.1|A/cattle/Texas/24-008749-003/2024(H5N1)	850	1
NA|PP755591.1|A/cattle/Texas/24-008749-003/2024(H5N1)	851	1
NA|PP755591.1|A/cattle/Texas/24-008749-003/2024(H5N1)	852	1
NA|PP755591.1|A/cattle/Texas/24-008749-003/2024(H5N1)	853	1
NA|PP755591.1|A/cattle/Texas/24-008749-003/2024(H5N1)	854	1
NA|PP755591.1|A/cattle/Texas/24-008749-003/2024(H5N1)	855	1
NA|PP755591.1|A/cattle/Texas/24-008749-003/2024(H5N1)	856	1
NA|PP755591.1|A/cattle/Texas/24-008749-003/2024(H5N1)	857	1
NA|PP755591.1|A/cattle/Texas/24-008749-003/2024(H5N1)	858	1
NA|PP755591.1|A/cattle/Texas/24-008749-003/2024(H5N1)	859	1
NA|PP755591.1|A/cattle/Texas/24-008749-003/2024(H5N1)	860	1
NA|PP755591.1|A/cattle/Texas/24-008749-003/2024(H5N1)	861	1
NA|PP755591.1|A/cattle/Texas/24-008749-003/2024(H5N1)	862	1
NA|PP755591.1|A/cattle/Texas/24-008749-003/2024(H5N1)	863	1
NA|PP755591.1|A/cattle/Texas/24-008749-003/2024(H5N1)	864	1
NA|PP755591.1|A/cattle/Texas/24-008749-003/2024(H5N1)	865	1
NA|PP755591.1|A/cattle/Texas/24-008749-003/2024(H5N1)	866	1
NA|PP755591.1|A/cattle/Texas/24-008749-003/2024(H5N1)	867	1
NA|PP755591.1|A/cattle/Texas/24-008749-003/2024(H5N1)	868	1
NA|PP755591.1|A/cattle/Texas/24-008749-003/2024(H5N1)	869	1
NA|PP755591.1|A/cattle/Texas/24-008749-003/2024(H5N1)	870	1
NA|PP755591.1|A/cattle/Texas/24-008749-003/2024(H5N1)	871	1
NA|PP755591.1|A/cattle/Texas/24-008749-003/2024(H5N1)	872	1
NA|PP755591.1|A/cattle/Texas/24-008749-003/2024(H5N1)	873	1
NA|PP755591.1|A/cattle/Texas/24-008749-003/2024(H5N1)	874	1
NA|PP755591.1|A/cattle/Texas/24-008749-003/2024(H5N1)	875	1
NA|PP755591.1|A/cattle/Texas/24-008749-003/2024(H5N1)	876	1
NA|PP755591.1|A/cattle/Texas/24-008749-003/2024(H5N1)	877	1
NA|PP755591.1|A/cattle/Texas/24-008749-003/2024(H5N1)	878	1
NA|PP755591.1|A/cattle/Texas/24-008749-003/2024(H5N1)	879	1
NA|PP755591.1|A/cattle/Texas/24-008749-003/2024(H5N1)	880	1
NA|PP755591.1|A/cattle/Texas/24-008749-003/2024(H5N1)	881	1
NA|PP755591.1|A/cattle/Texas/24-008749-003/2024(H5N1)	882	1
NA|PP755591.1|A/cattle/Texas/24-008749-003/2024(H5N1)	883	1
NA|PP755591.1|A/cattle/Texas/24-008749-003/2024(H5N1)	884	1
NA|PP755591.1|A/cattle/Texas/24-008749-003/2024(H5N1)	885	1
NA|PP755591.1|A/cattle/Texas/24-008749-003/2024(H5N1)	886	1
NA|PP755591.1|A/cattle/Texas/24-008749-003/2024(H5N1)	887	0
NA|PP755591.1|A/cattle/Texas/24-008749-003/2024(H5N1)	888	0
NA|PP755591.1|A/cattle/Texas/24-008749-003/2024(H5N1)	889	0
NA|PP755591.1|A/cattle/Texas/24-008749-003/2024(H5N1)	890	0
NA|PP755591.1|A/cattle/Texas/24-008749-003/2024(H5N1)	891	0
NA|PP755591.1|A/cattle/Texas/24-008749-003/2024(H5N1)	892	0
NA|PP755591.1|A/cattle/Texas/24-008749-003/2024(H5N1)	893	0
NA|PP755591.1|A/cattle/Texas/24-008749-003/2024(H5N1)	894	0
NA|PP755591.1|A/cattle/Texas/24-008749-003/2024(H5N1)	895	0
NA|PP755591.1|A/cattle/Texas/24-008749-003/2024(H5N1)	896	0
NA|PP755591.1|A/cattle/Texas/24-008749-003/2024(H5N1)	897	0
NA|PP755591.1|A/cattle/Texas/24-008749-003/2024(H5N1)	898	0
NA|PP755591.1|A/cattle/Texas/24-008749-003/2024(H5N1)	899	0
NA|PP755591.1|A/cattle/Texas/24-008749-003/2024(H5N1)	900	0
NA|PP755591.1|A/cattle/Texas/24-008749-003/2024(H5N1)	901	0
NA|PP755591.1|A/cattle/Texas/24-008749-003/2024(H5N1)	902	0
NA|PP755591.1|A/cattle/Texas/24-008749-003/2024(H5N1)	903	0
NA|PP755591.1|A/cattle/Texas/24-008749-003/2024(H5N1)	904	0
NA|PP755591.1|A/cattle/Texas/24-008749-003/2024(H5N1)	905	0
NA|PP755591.1|A/cattle/Texas/24-008749-003/2024(H5N1)	906	0
NA|PP755591.1|A/cattle/Texas/24-008749-003/2024(H5N1)	907	0
NA|PP755591.1|A/cattle/Texas/24-008749-003/2024(H5N1)	908	0
NA|PP755591.1|A/cattle/Texas/24-008749-003/2024(H5N1)	909	0
NA|PP755591.1|A/cattle/Texas/24-008749-003/2024(H5N1)	910	0
NA|PP755591.1|A/cattle/Texas/24-008749-003/2024(H5N1)	911	0
NA|PP755591.1|A/cattle/Texas/24-008749-003/2024(H5N1)	912	0
NA|PP755591.1|A/cattle/Texas/24-008749-003/2024(H5N1)	913	0
NA|PP755591.1|A/cattle/Texas/24-008749-003/2024(H5N1)	914	0
NA|PP755591.1|A/cattle/Texas/24-008749-003/2024(H5N1)	915	0
NA|PP755591.1|A/cattle/Texas/24-008749-003/2024(H5N1)	916	0
NA|PP755591.1|A/cattle/Texas/24-008749-003/2024(H5N1)	917	0
NA|PP755591.1|A/cattle/Texas/24-008749-003/2024(H5N1)	918	0
NA|PP755591.1|A/cattle/Texas/24-008749-003/2024(H5N1)	919	0
NA|PP755591.1|A/cattle/Texas/24-008749-003/2024(H5N1)	920	0
NA|PP755591.1|A/cattle/Texas/24-008749-003/2024(H5N1)	921	0
NA|PP755591.1|A/cattle/Texas/24-008749-003/2024(H5N1)	922	0
NA|PP755591.1|A/cattle/Texas/24-008749-003/2024(H5N1)	923	0
NA|PP755591.1|A/cattle/Texas/24-008749-003/2024(H5N1)	924	0
NA|PP755591.1|A/cattle/Texas/24-008749-003/2024(H5N1)	925	0
NA|PP755591.1|A/cattle/Texas/24-008749-003/2024(H5N1)	926	0
NA|PP755591.1|A/cattle/Texas/24-008749-003/2024(H5N1)	927	0
NA|PP755591.1|A/cattle/Texas/24-008749-003/2024(H5N1)	928	0
NA|PP755591.1|A/cattle/Texas/24-008749-003/2024(H5N1)	929	0
NA|PP755591.1|A/cattle/Texas/24-008749-003/2024(H5N1)	930	0
NA|PP755591.1|A/cattle/Texas/24-008749-003/2024(H5N1)	931	0
NA|PP755591.1|A/cattle/Texas/24-008749-003/2024(H5N1)	932	0
NA|PP755591.1|A/cattle/Texas/24-008749-003/2024(H5N1)	933	0
NA|PP755591.1|A/cattle/Texas/24-008749-003/2024(H5N1)	934	0
NA|PP755591.1|A/cattle/Texas/24-008749-003/2024(H5N1)	935	0
NA|PP755591.1|A/cattle/Texas/24-008749-003/2024(H5N1)	936	0
NA|PP755591.1|A/cattle/Texas/24-008749-003/2024(H5N1)	937	0
NA|PP755591.1|A/cattle/Texas/24-008749-003/2024(H5N1)	938	0
NA|PP755591.1|A/cattle/Texas/24-008749-003/2024(H5N1)	939	0
NA|PP755591.1|A/cattle/Texas/24-008749-003/2024(H5N1)	940	0
NA|PP755591.1|A/cattle/Texas/24-008749-003/2024(H5N1)	941	0
NA|PP755591.1|A/cattle/Texas/24-008749-003/2024(H5N1)	942	0
NA|PP755591.1|A/cattle/Texas/24-008749-003/2024(H5N1)	943	0
NA|PP755591.1|A/cattle/Texas/24-008749-003/2024(H5N1)	944	0
NA|PP755591.1|A/cattle/Texas/24-008749-003/2024(H5N1)	945	0
NA|PP755591.1|A/cattle/Texas/24-008749-003/2024(H5N1)	946	0
NA|PP755591.1|A/cattle/Texas/24-008749-003/2024(H5N1)	947	0
NA|PP755591.1|A/cattle/Texas/24-008749-003/2024(H5N1)	948	0
NA|PP755591.1|A/cattle/Texas/24-008749-003/2024(H5N1)	949	0
NA|PP755591.1|A/cattle/Texas/24-008749-003/2024(H5N1)	950	0
NA|PP755591.1|A/cattle/Texas/24-008749-003/2024(H5N1)	951	0
NA|PP755591.1|A/cattle/Texas/24-008749-003/2024(H5N1)	952	0
NA|PP755591.1|A/cattle/Texas/24-008749-003/2024(H5N1)	953	0
NA|PP755591.1|A/cattle/Texas/24-008749-003/2024(H5N1)	954	0
NA|PP755591.1|A/cattle/Texas/24-008749-003/2024(H5N1)	955	0
NA|PP755591.1|A/cattle/Texas/24-008749-003/2024(H5N1)	956	0
NA|PP755591.1|A/cattle/Texas/24-008749-003/2024(H5N1)	957	0
NA|PP755591.1|A/cattle/Texas/24-008749-003/2024(H5N1)	958	0
NA|PP755591.1|A/cattle/Texas/24-008749-003/2024(H5N1)	959	0
NA|PP755591.1|A/cattle/Texas/24-008749-003/2024(H5N1)	960	0
NA|PP755591.1|A/cattle/Texas/24-008749-003/2024(H5N1)	961	0
NA|PP755591.1|A/cattle/Texas/24-008749-003/2024(H5N1)	962	0
NA|PP755591.1|A/cattle/Texas/24-008749-003/2024(H5N1)	963	0
NA|PP755591.1|A/cattle/Texas/24-008749-003/2024(H5N1)	964	0
NA|PP755591.1|A/cattle/Texas/24-008749-003/2024(H5N1)	965	0
NA|PP755591.1|A/cattle/Texas/24-008749-003/2024(H5N1)	966	0
NA|PP755591.1|A/cattle/Texas/24-008749-003/2024(H5N1)	967	0
NA|PP755591.1|A/cattle/Texas/24-008749-003/2024(H5N1)	968	0
NA|PP755591.1|A/cattle/Texas/24-008749-003/2024(H5N1)	969	0
NA|PP755591.1|A/cattle/Texas/24-008749-003/2024(H5N1)	970	0
NA|PP755591.1|A/cattle/Texas/24-008749-003/2024(H5N1)	971	0
NA|PP755591.1|A/cattle/Texas/24-008749-003/2024(H5N1)	972	0
NA|PP755591.1|A/cattle/Texas/24-008749-003/2024(H5N1)	973	0
NA|PP755591.1|A/cattle/Texas/24-008749-003/2024(H5N1)	974	0
NA|PP755591.1|A/cattle/Texas/24-008749-003/2024(H5N1)	975	0
NA|PP755591.1|A/cattle/Texas/24-008749-003/2024(H5N1)	976	0
NA|PP755591.1|A/cattle/Texas/24-008749-003/2024(H5N1)	977	0
NA|PP755591.1|A/cattle/Texas/24-008749-003/2024(H5N1)	978	0
NA|PP755591.1|A/cattle/Texas/24-008749-003/2024(H5N1)	979	0
NA|PP755591.1|A/cattle/Texas/24-008749-003/2024(H5N1)	980	0
NA|PP755591.1|A/cattle/Texas/24-008749-003/2024(H5N1)	981	0
NA|PP755591.1|A/cattle/Texas/24-008749-003/2024(H5N1)	982	0
NA|PP755591.1|A/cattle/Texas/24-008749-003/2024(H5N1)	983	0
NA|PP755591.1|A/cattle/Texas/24-008749-003/2024(H5N1)	984	0
NA|PP755591.1|A/cattle/Texas/24-008749-003/2024(H5N1)	985	0
NA|PP755591.1|A/cattle/Texas/24-008749-003/2024(H5N1)	986	0
NA|PP755591.1|A/cattle/Texas/24-008749-003/2024(H5N1)	987	0
NA|PP755591.1|A/cattle/Texas/24-008749-003/2024(H5N1)	988	0
NA|PP755591.1|A/cattle/Texas/24-008749-003/2024(H5N1)	989	0
NA|PP755591.1|A/cattle/Texas/24-008749-003/2024(H5N1)	990	0
NA|PP755591.1|A/cattle/Texas/24-008749-003/2024(H5N1)	991	0
NA|PP755591.1|A/cattle/Texas/24-008749-003/2024(H5N1)	992	0
NA|PP755591.1|A/cattle/Texas/24-008749-003/2024(H5N1)	993	0
NA|PP755591.1|A/cattle/Texas/24-008749-003/2024(H5N1)	994	0
NA|PP755591.1|A/cattle/Texas/24-008749-003/2024(H5N1)	995	0
NA|PP755591.1|A/cattle/Texas/24-008749-003/2024(H5N1)	996	0
NA|PP755591.1|A/cattle/Texas/24-008749-003/2024(H5N1)	997	0
NA|PP755591.1|A/cattle/Texas/24-008749-003/2024(H5N1)	998	0
NA|PP755591.1|A/cattle/Texas/24-008749-003/2024(H5N1)	999	0
NA|PP755591.1|A/cattle/Texas/24-008749-003/2024(H5N1)	1000	0
NA|PP755591.1|A/cattle/Texas/24-008749-003/2024(H5N1)	1001	0
NA|PP755591.1|A/cattle/Texas/24-008749-003/2024(H5N1)	1002	0
NA|PP755591.1|A/cattle/Texas/24-008749-003/2024(H5N1)	1003	0
NA|PP755591.1|A/cattle/Texas/24-008749-003/2024(H5N1)	1004	0
NA|PP755591.1|A/cattle/Texas/24-008749-003/2024(H5N1)	1005	0
NA|PP755591.1|A/cattle/Texas/24-008749-003/2024(H5N1)	1006	0
NA|PP755591.1|A/cattle/Texas/24-008749-003/2024(H5N1)	1007	0
NA|PP755591.1|A/cattle/Texas/24-008749-003/2024(H5N1)	1008	0
NA|PP755591.1|A/cattle/Texas/24-008749-003/2024(H5N1)	1009	0
NA|PP755591.1|A/cattle/Texas/24-008749-003/2024(H5N1)	1010	0
NA|PP755591.1|A/cattle/Texas/24-008749-003/2024(H5N1)	1011	0
NA|PP755591.1|A/cattle/Texas/24-008749-003/2024(H5N1)	1012	0
NA|PP755591.1|A/cattle/Texas/24-008749-003/2024(H5N1)	1013	0
NA|PP755591.1|A/cattle/Texas/24-008749-003/2024(H5N1)	1014	0
NA|PP755591.1|A/cattle/Texas/24-008749-003/2024(H5N1)	1015	0
NA|PP755591.1|A/cattle/Texas/24-008749-003/2024(H5N1)	1016	0
NA|PP755591.1|A/cattle/Texas/24-008749-003/2024(H5N1)	1017	0
NA|PP755591.1|A/cattle/Texas/24-008749-003/2024(H5N1)	1018	0
NA|PP755591.1|A/cattle/Texas/24-008749-003/2024(H5N1)	1019	0
NA|PP755591.1|A/cattle/Texas/24-008749-003/2024(H5N1)	1020	0
NA|PP755591.1|A/cattle/Texas/24-008749-003/2024(H5N1)	1021	0
NA|PP755591.1|A/cattle/Texas/24-008749-003/2024(H5N1)	1022	0
NA|PP755591.1|A/cattle/Texas/24-008749-003/2024(H5N1)	1023	0
NA|PP755591.1|A/cattle/Texas/24-008749-003/2024(H5N1)	1024	0
NA|PP755591.1|A/cattle/Texas/24-008749-003/2024(H5N1)	1025	0
NA|PP755591.1|A/cattle/Texas/24-008749-003/2024(H5N1)	1026	0
NA|PP755591.1|A/cattle/Texas/24-008749-003/2024(H5N1)	1027	0
NA|PP755591.1|A/cattle/Texas/24-008749-003/2024(H5N1)	1028	0
NA|PP755591.1|A/cattle/Texas/24-008749-003/2024(H5N1)	1029	0
NA|PP755591.1|A/cattle/Texas/24-008749-003/2024(H5N1)	1030	0
NA|PP755591.1|A/cattle/Texas/24-008749-003/2024(H5N1)	1031	0
NA|PP755591.1|A/cattle/Texas/24-008749-003/2024(H5N1)	1032	0
NA|PP755591.1|A/cattle/Texas/24-008749-003/2024(H5N1)	1033	0
NA|PP755591.1|A/cattle/Texas/24-008749-003/2024(H5N1)	1034	0
NA|PP755591.1|A/cattle/Texas/24-008749-003/2024(H5N1)	1035	0
NA|PP755591.1|A/cattle/Texas/24-008749-003/2024(H5N1)	1036	0
NA|PP755591.1|A/cattle/Texas/24-008749-003/2024(H5N1)	1037	0
NA|PP755591.1|A/cattle/Texas/24-008749-003/2024(H5N1)	1038	0
NA|PP755591.1|A/cattle/Texas/24-008749-003/2024(H5N1)	1039	0
NA|PP755591.1|A/cattle/Texas/24-008749-003/2024(H5N1)	1040	0
NA|PP755591.1|A/cattle/Texas/24-008749-003/2024(H5N1)	1041	0
NA|PP755591.1|A/cattle/Texas/24-008749-003/2024(H5N1)	1042	0
NA|PP755591.1|A/cattle/Texas/24-008749-003/2024(H5N1)	1043	0
NA|PP755591.1|A/cattle/Texas/24-008749-003/2024(H5N1)	1044	0
NA|PP755591.1|A/cattle/Texas/24-008749-003/2024(H5N1)	1045	0
NA|PP755591.1|A/cattle/Texas/24-008749-003/2024(H5N1)	1046	0
NA|PP755591.1|A/cattle/Texas/24-008749-003/2024(H5N1)	1047	0
NA|PP755591.1|A/cattle/Texas/24-008749-003/2024(H5N1)	1048	0
NA|PP755591.1|A/cattle/Texas/24-008749-003/2024(H5N1)	1049	0
NA|PP755591.1|A/cattle/Texas/24-008749-003/2024(H5N1)	1050	0
NA|PP755591.1|A/cattle/Texas/24-008749-003/2024(H5N1)	1051	0
NA|PP755591.1|A/cattle/Texas/24-008749-003/2024(H5N1)	1052	0
NA|PP755591.1|A/cattle/Texas/24-008749-003/2024(H5N1)	1053	0
NA|PP755591.1|A/cattle/Texas/24-008749-003/2024(H5N1)	1054	0
NA|PP755591.1|A/cattle/Texas/24-008749-003/2024(H5N1)	1055	0
NA|PP755591.1|A/cattle/Texas/24-008749-003/2024(H5N1)	1056	0
NA|PP755591.1|A/cattle/Texas/24-008749-003/2024(H5N1)	1057	0
NA|PP755591.1|A/cattle/Texas/24-008749-003/2024(H5N1)	1058	0
NA|PP755591.1|A/cattle/Texas/24-008749-003/2024(H5N1)	1059	0
NA|PP755591.1|A/cattle/Texas/24-008749-003/2024(H5N1)	1060	0
NA|PP755591.1|A/cattle/Texas/24-008749-003/2024(H5N1)	1061	0
NA|PP755591.1|A/cattle/Texas/24-008749-003/2024(H5N1)	1062	0
NA|PP755591.1|A/cattle/Texas/24-008749-003/2024(H5N1)	1063	0
NA|PP755591.1|A/cattle/Texas/24-008749-003/2024(H5N1)	1064	0
NA|PP755591.1|A/cattle/Texas/24-008749-003/2024(H5N1)	1065	0
NA|PP755591.1|A/cattle/Texas/24-008749-003/2024(H5N1)	1066	0
NA|PP755591.1|A/cattle/Texas/24-008749-003/2024(H5N1)	1067	0
NA|PP755591.1|A/cattle/Texas/24-008749-003/2024(H5N1)	1068	0
NA|PP755591.1|A/cattle/Texas/24-008749-003/2024(H5N1)	1069	0
NA|PP755591.1|A/cattle/Texas/24-008749-003/2024(H5N1)	1070	0
NA|PP755591.1|A/cattle/Texas/24-008749-003/2024(H5N1)	1071	0
NA|PP755591.1|A/cattle/Texas/24-008749-003/2024(H5N1)	1072	0
NA|PP755591.1|A/cattle/Texas/24-008749-003/2024(H5N1)	1073	0
NA|PP755591.1|A/cattle/Texas/24-008749-003/2024(H5N1)	1074	0
NA|PP755591.1|A/cattle/Texas/24-008749-003/2024(H5N1)	1075	0
NA|PP755591.1|A/cattle/Texas/24-008749-003/2024(H5N1)	1076	0
NA|PP755591.1|A/cattle/Texas/24-008749-003/2024(H5N1)	1077	0
NA|PP755591.1|A/cattle/Texas/24-008749-003/2024(H5N1)	1078	0
NA|PP755591.1|A/cattle/Texas/24-008749-003/2024(H5N1)	1079	0
NA|PP755591.1|A/cattle/Texas/24-008749-003/2024(H5N1)	1080	0
NA|PP755591.1|A/cattle/Texas/24-008749-003/2024(H5N1)	1081	0
NA|PP755591.1|A/cattle/Texas/24-008749-003/2024(H5N1)	1082	0
NA|PP755591.1|A/cattle/Texas/24-008749-003/2024(H5N1)	1083	0
NA|PP755591.1|A/cattle/Texas/24-008749-003/2024(H5N1)	1084	0
NA|PP755591.1|A/cattle/Texas/24-008749-003/2024(H5N1)	1085	0
NA|PP755591.1|A/cattle/Texas/24-008749-003/2024(H5N1)	1086	0
NA|PP755591.1|A/cattle/Texas/24-008749-003/2024(H5N1)	1087	0
NA|PP755591.1|A/cattle/Texas/24-008749-003/2024(H5N1)	1088	0
NA|PP755591.1|A/cattle/Texas/24-008749-003/2024(H5N1)	1089	0
NA|PP755591.1|A/cattle/Texas/24-008749-003/2024(H5N1)	1090	0
NA|PP755591.1|A/cattle/Texas/24-008749-003/2024(H5N1)	1091	0
NA|PP755591.1|A/cattle/Texas/24-008749-003/2024(H5N1)	1092	0
NA|PP755591.1|A/cattle/Texas/24-008749-003/2024(H5N1)	1093	0
NA|PP755591.1|A/cattle/Texas/24-008749-003/2024(H5N1)	1094	0
NA|PP755591.1|A/cattle/Texas/24-008749-003/2024(H5N1)	1095	0
NA|PP755591.1|A/cattle/Texas/24-008749-003/2024(H5N1)	1096	0
NA|PP755591.1|A/cattle/Texas/24-008749-003/2024(H5N1)	1097	0
NA|PP755591.1|A/cattle/Texas/24-008749-003/2024(H5N1)	1098	0
NA|PP755591.1|A/cattle/Texas/24-008749-003/2024(H5N1)	1099	0
NA|PP755591.1|A/cattle/Texas/24-008749-003/2024(H5N1)	1100	0
NA|PP755591.1|A/cattle/Texas/24-008749-003/2024(H5N1)	1101	0
NA|PP755591.1|A/cattle/Texas/24-008749-003/2024(H5N1)	1102	0
NA|PP755591.1|A/cattle/Texas/24-008749-003/2024(H5N1)	1103	0
NA|PP755591.1|A/cattle/Texas/24-008749-003/2024(H5N1)	1104	0
NA|PP755591.1|A/cattle/Texas/24-008749-003/2024(H5N1)	1105	0
NA|PP755591.1|A/cattle/Texas/24-008749-003/2024(H5N1)	1106	0
NA|PP755591.1|A/cattle/Texas/24-008749-003/2024(H5N1)	1107	0
NA|PP755591.1|A/cattle/Texas/24-008749-003/2024(H5N1)	1108	0
NA|PP755591.1|A/cattle/Texas/24-008749-003/2024(H5N1)	1109	0
NA|PP755591.1|A/cattle/Texas/24-008749-003/2024(H5N1)	1110	0
NA|PP755591.1|A/cattle/Texas/24-008749-003/2024(H5N1)	1111	0
NA|PP755591.1|A/cattle/Texas/24-008749-003/2024(H5N1)	1112	0
NA|PP755591.1|A/cattle/Texas/24-008749-003/2024(H5N1)	1113	0
NA|PP755591.1|A/cattle/Texas/24-008749-003/2024(H5N1)	1114	0
NA|PP755591.1|A/cattle/Texas/24-008749-003/2024(H5N1)	1115	0
NA|PP755591.1|A/cattle/Texas/24-008749-003/2024(H5N1)	1116	0
NA|PP755591.1|A/cattle/Texas/24-008749-003/2024(H5N1)	1117	0
NA|PP755591.1|A/cattle/Texas/24-008749-003/2024(H5N1)	1118	0
NA|PP755591.1|A/cattle/Texas/24-008749-003/2024(H5N1)	1119	0
NA|PP755591.1|A/cattle/Texas/24-008749-003/2024(H5N1)	1120	0
NA|PP755591.1|A/cattle/Texas/24-008749-003/2024(H5N1)	1121	0
NA|PP755591.1|A/cattle/Texas/24-008749-003/2024(H5N1)	1122	0
NA|PP755591.1|A/cattle/Texas/24-008749-003/2024(H5N1)	1123	0
NA|PP755591.1|A/cattle/Texas/24-008749-003/2024(H5N1)	1124	0
NA|PP755591.1|A/cattle/Texas/24-008749-003/2024(H5N1)	1125	0
NA|PP755591.1|A/cattle/Texas/24-008749-003/2024(H5N1)	1126	0
NA|PP755591.1|A/cattle/Texas/24-008749-003/2024(H5N1)	1127	0
NA|PP755591.1|A/cattle/Texas/24-008749-003/2024(H5N1)	1128	0
NA|PP755591.1|A/cattle/Texas/24-008749-003/2024(H5N1)	1129	0
NA|PP755591.1|A/cattle/Texas/24-008749-003/2024(H5N1)	1130	0
NA|PP755591.1|A/cattle/Texas/24-008749-003/2024(H5N1)	1131	0
NA|PP755591.1|A/cattle/Texas/24-008749-003/2024(H5N1)	1132	0
NA|PP755591.1|A/cattle/Texas/24-008749-003/2024(H5N1)	1133	0
NA|PP755591.1|A/cattle/Texas/24-008749-003/2024(H5N1)	1134	0
NA|PP755591.1|A/cattle/Texas/24-008749-003/2024(H5N1)	1135	0
NA|PP755591.1|A/cattle/Texas/24-008749-003/2024(H5N1)	1136	0
NA|PP755591.1|A/cattle/Texas/24-008749-003/2024(H5N1)	1137	0
NA|PP755591.1|A/cattle/Texas/24-008749-003/2024(H5N1)	1138	0
NA|PP755591.1|A/cattle/Texas/24-008749-003/2024(H5N1)	1139	0
NA|PP755591.1|A/cattle/Texas/24-008749-003/2024(H5N1)	1140	0
NA|PP755591.1|A/cattle/Texas/24-008749-003/2024(H5N1)	1141	0
NA|PP755591.1|A/cattle/Texas/24-008749-003/2024(H5N1)	1142	0
NA|PP755591.1|A/cattle/Texas/24-008749-003/2024(H5N1)	1143	0
NA|PP755591.1|A/cattle/Texas/24-008749-003/2024(H5N1)	1144	0
NA|PP755591.1|A/cattle/Texas/24-008749-003/2024(H5N1)	1145	0
NA|PP755591.1|A/cattle/Texas/24-008749-003/2024(H5N1)	1146	0
NA|PP755591.1|A/cattle/Texas/24-008749-003/2024(H5N1)	1147	0
NA|PP755591.1|A/cattle/Texas/24-008749-003/2024(H5N1)	1148	0
NA|PP755591.1|A/cattle/Texas/24-008749-003/2024(H5N1)	1149	0
NA|PP755591.1|A/cattle/Texas/24-008749-003/2024(H5N1)	1150	0
NA|PP755591.1|A/cattle/Texas/24-008749-003/2024(H5N1)	1151	0
NA|PP755591.1|A/cattle/Texas/24-008749-003/2024(H5N1)	1152	0
NA|PP755591.1|A/cattle/Texas/24-008749-003/2024(H5N1)	1153	0
NA|PP755591.1|A/cattle/Texas/24-008749-003/2024(H5N1)	1154	0
NA|PP755591.1|A/cattle/Texas/24-008749-003/2024(H5N1)	1155	0
NA|PP755591.1|A/cattle/Texas/24-008749-003/2024(H5N1)	1156	0
NA|PP755591.1|A/cattle/Texas/24-008749-003/2024(H5N1)	1157	0
NA|PP755591.1|A/cattle/Texas/24-008749-003/2024(H5N1)	1158	0
NA|PP755591.1|A/cattle/Texas/24-008749-003/2024(H5N1)	1159	0
NA|PP755591.1|A/cattle/Texas/24-008749-003/2024(H5N1)	1160	0
NA|PP755591.1|A/cattle/Texas/24-008749-003/2024(H5N1)	1161	0
NA|PP755591.1|A/cattle/Texas/24-008749-003/2024(H5N1)	1162	0
NA|PP755591.1|A/cattle/Texas/24-008749-003/2024(H5N1)	1163	0
NA|PP755591.1|A/cattle/Texas/24-008749-003/2024(H5N1)	1164	0
NA|PP755591.1|A/cattle/Texas/24-008749-003/2024(H5N1)	1165	0
NA|PP755591.1|A/cattle/Texas/24-008749-003/2024(H5N1)	1166	0
NA|PP755591.1|A/cattle/Texas/24-008749-003/2024(H5N1)	1167	0
NA|PP755591.1|A/cattle/Texas/24-008749-003/2024(H5N1)	1168	0
NA|PP755591.1|A/cattle/Texas/24-008749-003/2024(H5N1)	1169	0
NA|PP755591.1|A/cattle/Texas/24-008749-003/2024(H5N1)	1170	0
NA|PP755591.1|A/cattle/Texas/24-008749-003/2024(H5N1)	1171	0
NA|PP755591.1|A/cattle/Texas/24-008749-003/2024(H5N1)	1172	0
NA|PP755591.1|A/cattle/Texas/24-008749-003/2024(H5N1)	1173	0
NA|PP755591.1|A/cattle/Texas/24-008749-003/2024(H5N1)	1174	0
NA|PP755591.1|A/cattle/Texas/24-008749-003/2024(H5N1)	1175	0
NA|PP755591.1|A/cattle/Texas/24-008749-003/2024(H5N1)	1176	0
NA|PP755591.1|A/cattle/Texas/24-008749-003/2024(H5N1)	1177	0
NA|PP755591.1|A/cattle/Texas/24-008749-003/2024(H5N1)	1178	0
NA|PP755591.1|A/cattle/Texas/24-008749-003/2024(H5N1)	1179	0
NA|PP755591.1|A/cattle/Texas/24-008749-003/2024(H5N1)	1180	0
NA|PP755591.1|A/cattle/Texas/24-008749-003/2024(H5N1)	1181	0
NA|PP755591.1|A/cattle/Texas/24-008749-003/2024(H5N1)	1182	0
NA|PP755591.1|A/cattle/Texas/24-008749-003/2024(H5N1)	1183	0
NA|PP755591.1|A/cattle/Texas/24-008749-003/2024(H5N1)	1184	0
NA|PP755591.1|A/cattle/Texas/24-008749-003/2024(H5N1)	1185	0
NA|PP755591.1|A/cattle/Texas/24-008749-003/2024(H5N1)	1186	0
NA|PP755591.1|A/cattle/Texas/24-008749-003/2024(H5N1)	1187	0
NA|PP755591.1|A/cattle/Texas/24-008749-003/2024(H5N1)	1188	0
NA|PP755591.1|A/cattle/Texas/24-008749-003/2024(H5N1)	1189	0
NA|PP755591.1|A/cattle/Texas/24-008749-003/2024(H5N1)	1190	0
NA|PP755591.1|A/cattle/Texas/24-008749-003/2024(H5N1)	1191	0
NA|PP755591.1|A/cattle/Texas/24-008749-003/2024(H5N1)	1192	0
NA|PP755591.1|A/cattle/Texas/24-008749-003/2024(H5N1)	1193	0
NA|PP755591.1|A/cattle/Texas/24-008749-003/2024(H5N1)	1194	0
NA|PP755591.1|A/cattle/Texas/24-008749-003/2024(H5N1)	1195	0
NA|PP755591.1|A/cattle/Texas/24-008749-003/2024(H5N1)	1196	0
NA|PP755591.1|A/cattle/Texas/24-008749-003/2024(H5N1)	1197	0
NA|PP755591.1|A/cattle/Texas/24-008749-003/2024(H5N1)	1198	0
NA|PP755591.1|A/cattle/Texas/24-008749-003/2024(H5N1)	1199	0
NA|PP755591.1|A/cattle/Texas/24-008749-003/2024(H5N1)	1200	0
NA|PP755591.1|A/cattle/Texas/24-008749-003/2024(H5N1)	1201	0
NA|PP755591.1|A/cattle/Texas/24-008749-003/2024(H5N1)	1202	0
NA|PP755591.1|A/cattle/Texas/24-008749-003/2024(H5N1)	1203	0
NA|PP755591.1|A/cattle/Texas/24-008749-003/2024(H5N1)	1204	0
NA|PP755591.1|A/cattle/Texas/24-008749-003/2024(H5N1)	1205	0
NA|PP755591.1|A/cattle/Texas/24-008749-003/2024(H5N1)	1206	0
NA|PP755591.1|A/cattle/Texas/24-008749-003/2024(H5N1)	1207	0
NA|PP755591.1|A/cattle/Texas/24-008749-003/2024(H5N1)	1208	0
NA|PP755591.1|A/cattle/Texas/24-008749-003/2024(H5N1)	1209	0
NA|PP755591.1|A/cattle/Texas/24-008749-003/2024(H5N1)	1210	0
NA|PP755591.1|A/cattle/Texas/24-008749-003/2024(H5N1)	1211	0
NA|PP755591.1|A/cattle/Texas/24-008749-003/2024(H5N1)	1212	0
NA|PP755591.1|A/cattle/Texas/24-008749-003/2024(H5N1)	1213	0
NA|PP755591.1|A/cattle/Texas/24-008749-003/2024(H5N1)	1214	0
NA|PP755591.1|A/cattle/Texas/24-008749-003/2024(H5N1)	1215	0
NA|PP755591.1|A/cattle/Texas/24-008749-003/2024(H5N1)	1216	0
NA|PP755591.1|A/cattle/Texas/24-008749-003/2024(H5N1)	1217	0
NA|PP755591.1|A/cattle/Texas/24-008749-003/2024(H5N1)	1218	0
NA|PP755591.1|A/cattle/Texas/24-008749-003/2024(H5N1)	1219	0
NA|PP755591.1|A/cattle/Texas/24-008749-003/2024(H5N1)	1220	0
NA|PP755591.1|A/cattle/Texas/24-008749-003/2024(H5N1)	1221	0
NA|PP755591.1|A/cattle/Texas/24-008749-003/2024(H5N1)	1222	0
NA|PP755591.1|A/cattle/Texas/24-008749-003/2024(H5N1)	1223	0
NA|PP755591.1|A/cattle/Texas/24-008749-003/2024(H5N1)	1224	0
NA|PP755591.1|A/cattle/Texas/24-008749-003/2024(H5N1)	1225	0
NA|PP755591.1|A/cattle/Texas/24-008749-003/2024(H5N1)	1226	0
NA|PP755591.1|A/cattle/Texas/24-008749-003/2024(H5N1)	1227	0
NA|PP755591.1|A/cattle/Texas/24-008749-003/2024(H5N1)	1228	0
NA|PP755591.1|A/cattle/Texas/24-008749-003/2024(H5N1)	1229	0
NA|PP755591.1|A/cattle/Texas/24-008749-003/2024(H5N1)	1230	0
NA|PP755591.1|A/cattle/Texas/24-008749-003/2024(H5N1)	1231	0
NA|PP755591.1|A/cattle/Texas/24-008749-003/2024(H5N1)	1232	0
NA|PP755591.1|A/cattle/Texas/24-008749-003/2024(H5N1)	1233	0
NA|PP755591.1|A/cattle/Texas/24-008749-003/2024(H5N1)	1234	0
NA|PP755591.1|A/cattle/Texas/24-008749-003/2024(H5N1)	1235	0
NA|PP755591.1|A/cattle/Texas/24-008749-003/2024(H5N1)	1236	0
NA|PP755591.1|A/cattle/Texas/24-008749-003/2024(H5N1)	1237	0
NA|PP755591.1|A/cattle/Texas/24-008749-003/2024(H5N1)	1238	0
NA|PP755591.1|A/cattle/Texas/24-008749-003/2024(H5N1)	1239	0
NA|PP755591.1|A/cattle/Texas/24-008749-003/2024(H5N1)	1240	0
NA|PP755591.1|A/cattle/Texas/24-008749-003/2024(H5N1)	1241	0
NA|PP755591.1|A/cattle/Texas/24-008749-003/2024(H5N1)	1242	0
NA|PP755591.1|A/cattle/Texas/24-008749-003/2024(H5N1)	1243	0
NA|PP755591.1|A/cattle/Texas/24-008749-003/2024(H5N1)	1244	0
NA|PP755591.1|A/cattle/Texas/24-008749-003/2024(H5N1)	1245	0
NA|PP755591.1|A/cattle/Texas/24-008749-003/2024(H5N1)	1246	0
NA|PP755591.1|A/cattle/Texas/24-008749-003/2024(H5N1)	1247	0
NA|PP755591.1|A/cattle/Texas/24-008749-003/2024(H5N1)	1248	0
NA|PP755591.1|A/cattle/Texas/24-008749-003/2024(H5N1)	1249	0
NA|PP755591.1|A/cattle/Texas/24-008749-003/2024(H5N1)	1250	0
NA|PP755591.1|A/cattle/Texas/24-008749-003/2024(H5N1)	1251	0
NA|PP755591.1|A/cattle/Texas/24-008749-003/2024(H5N1)	1252	0
NA|PP755591.1|A/cattle/Texas/24-008749-003/2024(H5N1)	1253	0
NA|PP755591.1|A/cattle/Texas/24-008749-003/2024(H5N1)	1254	0
NA|PP755591.1|A/cattle/Texas/24-008749-003/2024(H5N1)	1255	0
NA|PP755591.1|A/cattle/Texas/24-008749-003/2024(H5N1)	1256	0
NA|PP755591.1|A/cattle/Texas/24-008749-003/2024(H5N1)	1257	0
NA|PP755591.1|A/cattle/Texas/24-008749-003/2024(H5N1)	1258	0
NA|PP755591.1|A/cattle/Texas/24-008749-003/2024(H5N1)	1259	0
NA|PP755591.1|A/cattle/Texas/24-008749-003/2024(H5N1)	1260	0
NA|PP755591.1|A/cattle/Texas/24-008749-003/2024(H5N1)	1261	0
NA|PP755591.1|A/cattle/Texas/24-008749-003/2024(H5N1)	1262	0
NA|PP755591.1|A/cattle/Texas/24-008749-003/2024(H5N1)	1263	0
NA|PP755591.1|A/cattle/Texas/24-008749-003/2024(H5N1)	1264	0
NA|PP755591.1|A/cattle/Texas/24-008749-003/2024(H5N1)	1265	0
NA|PP755591.1|A/cattle/Texas/24-008749-003/2024(H5N1)	1266	0
NA|PP755591.1|A/cattle/Texas/24-008749-003/2024(H5N1)	1267	0
NA|PP755591.1|A/cattle/Texas/24-008749-003/2024(H5N1)	1268	0
NA|PP755591.1|A/cattle/Texas/24-008749-003/2024(H5N1)	1269	0
NA|PP755591.1|A/cattle/Texas/24-008749-003/2024(H5N1)	1270	0
NA|PP755591.1|A/cattle/Texas/24-008749-003/2024(H5N1)	1271	0
NA|PP755591.1|A/cattle/Texas/24-008749-003/2024(H5N1)	1272	0
NA|PP755591.1|A/cattle/Texas/24-008749-003/2024(H5N1)	1273	0
NA|PP755591.1|A/cattle/Texas/24-008749-003/2024(H5N1)	1274	0
NA|PP755591.1|A/cattle/Texas/24-008749-003/2024(H5N1)	1275	0
NA|PP755591.1|A/cattle/Texas/24-008749-003/2024(H5N1)	1276	0
NA|PP755591.1|A/cattle/Texas/24-008749-003/2024(H5N1)	1277	0
NA|PP755591.1|A/cattle/Texas/24-008749-003/2024(H5N1)	1278	0
NA|PP755591.1|A/cattle/Texas/24-008749-003/2024(H5N1)	1279	0
NA|PP755591.1|A/cattle/Texas/24-008749-003/2024(H5N1)	1280	0
NA|PP755591.1|A/cattle/Texas/24-008749-003/2024(H5N1)	1281	0
NA|PP755591.1|A/cattle/Texas/24-008749-003/2024(H5N1)	1282	0
NA|PP755591.1|A/cattle/Texas/24-008749-003/2024(H5N1)	1283	0
NA|PP755591.1|A/cattle/Texas/24-008749-003/2024(H5N1)	1284	0
NA|PP755591.1|A/cattle/Texas/24-008749-003/2024(H5N1)	1285	0
NA|PP755591.1|A/cattle/Texas/24-008749-003/2024(H5N1)	1286	0
NA|PP755591.1|A/cattle/Texas/24-008749-003/2024(H5N1)	1287	0
NA|PP755591.1|A/cattle/Texas/24-008749-003/2024(H5N1)	1288	0
NA|PP755591.1|A/cattle/Texas/24-008749-003/2024(H5N1)	1289	0
NA|PP755591.1|A/cattle/Texas/24-008749-003/2024(H5N1)	1290	0
NA|PP755591.1|A/cattle/Texas/24-008749-003/2024(H5N1)	1291	0
NA|PP755591.1|A/cattle/Texas/24-008749-003/2024(H5N1)	1292	0
NA|PP755591.1|A/cattle/Texas/24-008749-003/2024(H5N1)	1293	0
NA|PP755591.1|A/cattle/Texas/24-008749-003/2024(H5N1)	1294	0
NA|PP755591.1|A/cattle/Texas/24-008749-003/2024(H5N1)	1295	0
NA|PP755591.1|A/cattle/Texas/24-008749-003/2024(H5N1)	1296	0
NA|PP755591.1|A/cattle/Texas/24-008749-003/2024(H5N1)	1297	0
NA|PP755591.1|A/cattle/Texas/24-008749-003/2024(H5N1)	1298	0
NA|PP755591.1|A/cattle/Texas/24-008749-003/2024(H5N1)	1299	0
NA|PP755591.1|A/cattle/Texas/24-008749-003/2024(H5N1)	1300	0
NA|PP755591.1|A/cattle/Texas/24-008749-003/2024(H5N1)	1301	0
NA|PP755591.1|A/cattle/Texas/24-008749-003/2024(H5N1)	1302	0
NA|PP755591.1|A/cattle/Texas/24-008749-003/2024(H5N1)	1303	0
NA|PP755591.1|A/cattle/Texas/24-008749-003/2024(H5N1)	1304	0
NA|PP755591.1|A/cattle/Texas/24-008749-003/2024(H5N1)	1305	0
NA|PP755591.1|A/cattle/Texas/24-008749-003/2024(H5N1)	1306	0
NA|PP755591.1|A/cattle/Texas/24-008749-003/2024(H5N1)	1307	0
NA|PP755591.1|A/cattle/Texas/24-008749-003/2024(H5N1)	1308	0
NA|PP755591.1|A/cattle/Texas/24-008749-003/2024(H5N1)	1309	0
NA|PP755591.1|A/cattle/Texas/24-008749-003/2024(H5N1)	1310	0
NA|PP755591.1|A/cattle/Texas/24-008749-003/2024(H5N1)	1311	0
NA|PP755591.1|A/cattle/Texas/24-008749-003/2024(H5N1)	1312	0
NA|PP755591.1|A/cattle/Texas/24-008749-003/2024(H5N1)	1313	0
NA|PP755591.1|A/cattle/Texas/24-008749-003/2024(H5N1)	1314	0
NA|PP755591.1|A/cattle/Texas/24-008749-003/2024(H5N1)	1315	0
NA|PP755591.1|A/cattle/Texas/24-008749-003/2024(H5N1)	1316	0
NA|PP755591.1|A/cattle/Texas/24-008749-003/2024(H5N1)	1317	0
NA|PP755591.1|A/cattle/Texas/24-008749-003/2024(H5N1)	1318	0
NA|PP755591.1|A/cattle/Texas/24-008749-003/2024(H5N1)	1319	0
NA|PP755591.1|A/cattle/Texas/24-008749-003/2024(H5N1)	1320	0
NA|PP755591.1|A/cattle/Texas/24-008749-003/2024(H5N1)	1321	0
NA|PP755591.1|A/cattle/Texas/24-008749-003/2024(H5N1)	1322	0
NA|PP755591.1|A/cattle/Texas/24-008749-003/2024(H5N1)	1323	0
NA|PP755591.1|A/cattle/Texas/24-008749-003/2024(H5N1)	1324	0
NA|PP755591.1|A/cattle/Texas/24-008749-003/2024(H5N1)	1325	0
NA|PP755591.1|A/cattle/Texas/24-008749-003/2024(H5N1)	1326	0
NA|PP755591.1|A/cattle/Texas/24-008749-003/2024(H5N1)	1327	0
NA|PP755591.1|A/cattle/Texas/24-008749-003/2024(H5N1)	1328	0
NA|PP755591.1|A/cattle/Texas/24-008749-003/2024(H5N1)	1329	0
NA|PP755591.1|A/cattle/Texas/24-008749-003/2024(H5N1)	1330	0
NA|PP755591.1|A/cattle/Texas/24-008749-003/2024(H5N1)	1331	0
NA|PP755591.1|A/cattle/Texas/24-008749-003/2024(H5N1)	1332	0
NA|PP755591.1|A/cattle/Texas/24-008749-003/2024(H5N1)	1333	0
NA|PP755591.1|A/cattle/Texas/24-008749-003/2024(H5N1)	1334	0
NA|PP755591.1|A/cattle/Texas/24-008749-003/2024(H5N1)	1335	0
NA|PP755591.1|A/cattle/Texas/24-008749-003/2024(H5N1)	1336	0
NA|PP755591.1|A/cattle/Texas/24-008749-003/2024(H5N1)	1337	0
NA|PP755591.1|A/cattle/Texas/24-008749-003/2024(H5N1)	1338	0
NA|PP755591.1|A/cattle/Texas/24-008749-003/2024(H5N1)	1339	0
NA|PP755591.1|A/cattle/Texas/24-008749-003/2024(H5N1)	1340	0
NA|PP755591.1|A/cattle/Texas/24-008749-003/2024(H5N1)	1341	0
NA|PP755591.1|A/cattle/Texas/24-008749-003/2024(H5N1)	1342	0
NA|PP755591.1|A/cattle/Texas/24-008749-003/2024(H5N1)	1343	0
NA|PP755591.1|A/cattle/Texas/24-008749-003/2024(H5N1)	1344	0
NA|PP755591.1|A/cattle/Texas/24-008749-003/2024(H5N1)	1345	0
NA|PP755591.1|A/cattle/Texas/24-008749-003/2024(H5N1)	1346	0
NA|PP755591.1|A/cattle/Texas/24-008749-003/2024(H5N1)	1347	0
NA|PP755591.1|A/cattle/Texas/24-008749-003/2024(H5N1)	1348	0
NA|PP755591.1|A/cattle/Texas/24-008749-003/2024(H5N1)	1349	0
NA|PP755591.1|A/cattle/Texas/24-008749-003/2024(H5N1)	1350	0
NA|PP755591.1|A/cattle/Texas/24-008749-003/2024(H5N1)	1351	0
NA|PP755591.1|A/cattle/Texas/24-008749-003/2024(H5N1)	1352	0
NA|PP755591.1|A/cattle/Texas/24-008749-003/2024(H5N1)	1353	0
NA|PP755591.1|A/cattle/Texas/24-008749-003/2024(H5N1)	1354	0
NA|PP755591.1|A/cattle/Texas/24-008749-003/2024(H5N1)	1355	0
NA|PP755591.1|A/cattle/Texas/24-008749-003/2024(H5N1)	1356	0
NA|PP755591.1|A/cattle/Texas/24-008749-003/2024(H5N1)	1357	0
NA|PP755591.1|A/cattle/Texas/24-008749-003/2024(H5N1)	1358	0
NA|PP755591.1|A/cattle/Texas/24-008749-003/2024(H5N1)	1359	0
NA|PP755591.1|A/cattle/Texas/24-008749-003/2024(H5N1)	1360	0
NA|PP755591.1|A/cattle/Texas/24-008749-003/2024(H5N1)	1361	0
NA|PP755591.1|A/cattle/Texas/24-008749-003/2024(H5N1)	1362	0
NA|PP755591.1|A/cattle/Texas/24-008749-003/2024(H5N1)	1363	0
NA|PP755591.1|A/cattle/Texas/24-008749-003/2024(H5N1)	1364	0
NA|PP755591.1|A/cattle/Texas/24-008749-003/2024(H5N1)	1365	0
NA|PP755591.1|A/cattle/Texas/24-008749-003/2024(H5N1)	1366	0
NA|PP755591.1|A/cattle/Texas/24-008749-003/2024(H5N1)	1367	0
NA|PP755591.1|A/cattle/Texas/24-008749-003/2024(H5N1)	1368	0
NA|PP755591.1|A/cattle/Texas/24-008749-003/2024(H5N1)	1369	0
NA|PP755591.1|A/cattle/Texas/24-008749-003/2024(H5N1)	1370	0
NA|PP755591.1|A/cattle/Texas/24-008749-003/2024(H5N1)	1371	0
NA|PP755591.1|A/cattle/Texas/24-008749-003/2024(H5N1)	1372	0
NA|PP755591.1|A/cattle/Texas/24-008749-003/2024(H5N1)	1373	0
NA|PP755591.1|A/cattle/Texas/24-008749-003/2024(H5N1)	1374	0
NA|PP755591.1|A/cattle/Texas/24-008749-003/2024(H5N1)	1375	0
NA|PP755591.1|A/cattle/Texas/24-008749-003/2024(H5N1)	1376	0
NA|PP755591.1|A/cattle/Texas/24-008749-003/2024(H5N1)	1377	0
NA|PP755591.1|A/cattle/Texas/24-008749-003/2024(H5N1)	1378	0
NA|PP755591.1|A/cattle/Texas/24-008749-003/2024(H5N1)	1379	0
NA|PP755591.1|A/cattle/Texas/24-008749-003/2024(H5N1)	1380	0
NA|PP755591.1|A/cattle/Texas/24-008749-003/2024(H5N1)	1381	0
NA|PP755591.1|A/cattle/Texas/24-008749-003/2024(H5N1)	1382	0
NA|PP755591.1|A/cattle/Texas/24-008749-003/2024(H5N1)	1383	0
NA|PP755591.1|A/cattle/Texas/24-008749-003/2024(H5N1)	1384	0
NA|PP755591.1|A/cattle/Texas/24-008749-003/2024(H5N1)	1385	0
NA|PP755591.1|A/cattle/Texas/24-008749-003/2024(H5N1)	1386	0
NA|PP755591.1|A/cattle/Texas/24-008749-003/2024(H5N1)	1387	0
NA|PP755591.1|A/cattle/Texas/24-008749-003/2024(H5N1)	1388	0
NA|PP755591.1|A/cattle/Texas/24-008749-003/2024(H5N1)	1389	0
NA|PP755591.1|A/cattle/Texas/24-008749-003/2024(H5N1)	1390	0
NA|PP755591.1|A/cattle/Texas/24-008749-003/2024(H5N1)	1391	0
NA|PP755591.1|A/cattle/Texas/24-008749-003/2024(H5N1)	1392	0
NA|PP755591.1|A/cattle/Texas/24-008749-003/2024(H5N1)	1393	0
NA|PP755591.1|A/cattle/Texas/24-008749-003/2024(H5N1)	1394	0
NA|PP755591.1|A/cattle/Texas/24-008749-003/2024(H5N1)	1395	0
NA|PP755591.1|A/cattle/Texas/24-008749-003/2024(H5N1)	1396	0
NA|PP755591.1|A/cattle/Texas/24-008749-003/2024(H5N1)	1397	0
NA|PP755591.1|A/cattle/Texas/24-008749-003/2024(H5N1)	1398	0
NA|PP755591.1|A/cattle/Texas/24-008749-003/2024(H5N1)	1399	0
NA|PP755591.1|A/cattle/Texas/24-008749-003/2024(H5N1)	1400	0
NA|PP755591.1|A/cattle/Texas/24-008749-003/2024(H5N1)	1401	0
NA|PP755591.1|A/cattle/Texas/24-008749-003/2024(H5N1)	1402	0
NA|PP755591.1|A/cattle/Texas/24-008749-003/2024(H5N1)	1403	0
NA|PP755591.1|A/cattle/Texas/24-008749-003/2024(H5N1)	1404	0
NA|PP755591.1|A/cattle/Texas/24-008749-003/2024(H5N1)	1405	0
NA|PP755591.1|A/cattle/Texas/24-008749-003/2024(H5N1)	1406	0
NA|PP755591.1|A/cattle/Texas/24-008749-003/2024(H5N1)	1407	0
NA|PP755591.1|A/cattle/Texas/24-008749-003/2024(H5N1)	1408	0
NA|PP755591.1|A/cattle/Texas/24-008749-003/2024(H5N1)	1409	0
NA|PP755591.1|A/cattle/Texas/24-008749-003/2024(H5N1)	1410	0
