NA|PP755591.1|A/cattle/Texas/24-008749-003/2024(H5N1)	1	2776
NA|PP755591.1|A/cattle/Texas/24-008749-003/2024(H5N1)	2	2777
NA|PP755591.1|A/cattle/Texas/24-008749-003/2024(H5N1)	3	2784
NA|PP755591.1|A/cattle/Texas/24-008749-003/2024(H5N1)	4	2788
NA|PP755591.1|A/cattle/Texas/24-008749-003/2024(H5N1)	5	2859
NA|PP755591.1|A/cattle/Texas/24-008749-003/2024(H5N1)	6	2862
NA|PP755591.1|A/cattle/Texas/24-008749-003/2024(H5N1)	7	2881
NA|PP755591.1|A/cattle/Texas/24-008749-003/2024(H5N1)	8	2882
NA|PP755591.1|A/cattle/Texas/24-008749-003/2024(H5N1)	9	2883
NA|PP755591.1|A/cattle/Texas/24-008749-003/2024(H5N1)	10	2938
NA|PP755591.1|A/cattle/Texas/24-008749-003/2024(H5N1)	11	2948
NA|PP755591.1|A/cattle/Texas/24-008749-003/2024(H5N1)	12	2960
NA|PP755591.1|A/cattle/Texas/24-008749-003/2024(H5N1)	13	2972
NA|PP755591.1|A/cattle/Texas/24-008749-003/2024(H5N1)	14	2977
NA|PP755591.1|A/cattle/Texas/24-008749-003/2024(H5N1)	15	3047
NA|PP755591.1|A/cattle/Texas/24-008749-003/2024(H5N1)	16	3047
NA|PP755591.1|A/cattle/Texas/24-008749-003/2024(H5N1)	17	3083
NA|PP755591.1|A/cattle/Texas/24-008749-003/2024(H5N1)	18	3083
NA|PP755591.1|A/cattle/Texas/24-008749-003/2024(H5N1)	19	3083
NA|PP755591.1|A/cattle/Texas/24-008749-003/2024(H5N1)	20	3083
NA|PP755591.1|A/cattle/Texas/24-008749-003/2024(H5N1)	21	3083
NA|PP755591.1|A/cattle/Texas/24-008749-003/2024(H5N1)	22	3083
NA|PP755591.1|A/cattle/Texas/24-008749-003/2024(H5N1)	23	3075
NA|PP755591.1|A/cattle/Texas/24-008749-003/2024(H5N1)	24	3075
NA|PP755591.1|A/cattle/Texas/24-008749-003/2024(H5N1)	25	3075
NA|PP755591.1|A/cattle/Texas/24-008749-003/2024(H5N1)	26	3076
NA|PP755591.1|A/cattle/Texas/24-008749-003/2024(H5N1)	27	3074
NA|PP755591.1|A/cattle/Texas/24-008749-003/2024(H5N1)	28	3074
NA|PP755591.1|A/cattle/Texas/24-008749-003/2024(H5N1)	29	3076
NA|PP755591.1|A/cattle/Texas/24-008749-003/2024(H5N1)	30	3076
NA|PP755591.1|A/cattle/Texas/24-008749-003/2024(H5N1)	31	3212
NA|PP755591.1|A/cattle/Texas/24-008749-003/2024(H5N1)	32	3322
NA|PP755591.1|A/cattle/Texas/24-008749-003/2024(H5N1)	33	3322
NA|PP755591.1|A/cattle/Texas/24-008749-003/2024(H5N1)	34	3369
NA|PP755591.1|A/cattle/Texas/24-008749-003/2024(H5N1)	35	3381
NA|PP755591.1|A/cattle/Texas/24-008749-003/2024(H5N1)	36	3427
NA|PP755591.1|A/cattle/Texas/24-008749-003/2024(H5N1)	37	3444
NA|PP755591.1|A/cattle/Texas/24-008749-003/2024(H5N1)	38	3444
NA|PP755591.1|A/cattle/Texas/24-008749-003/2024(H5N1)	39	3444
NA|PP755591.1|A/cattle/Texas/24-008749-003/2024(H5N1)	40	3444
NA|PP755591.1|A/cattle/Texas/24-008749-003/2024(H5N1)	41	3444
NA|PP755591.1|A/cattle/Texas/24-008749-003/2024(H5N1)	42	3444
NA|PP755591.1|A/cattle/Texas/24-008749-003/2024(H5N1)	43	3444
NA|PP755591.1|A/cattle/Texas/24-008749-003/2024(H5N1)	44	3443
NA|PP755591.1|A/cattle/Texas/24-008749-003/2024(H5N1)	45	3442
NA|PP755591.1|A/cattle/Texas/24-008749-003/2024(H5N1)	46	3442
NA|PP755591.1|A/cattle/Texas/24-008749-003/2024(H5N1)	47	3442
NA|PP755591.1|A/cattle/Texas/24-008749-003/2024(H5N1)	48	3442
NA|PP755591.1|A/cattle/Texas/24-008749-003/2024(H5N1)	49	3442
NA|PP755591.1|A/cattle/Texas/24-008749-003/2024(H5N1)	50	3438
NA|PP755591.1|A/cattle/Texas/24-008749-003/2024(H5N1)	51	3438
NA|PP755591.1|A/cattle/Texas/24-008749-003/2024(H5N1)	52	3437
NA|PP755591.1|A/cattle/Texas/24-008749-003/2024(H5N1)	53	3437
NA|PP755591.1|A/cattle/Texas/24-008749-003/2024(H5N1)	54	3415
NA|PP755591.1|A/cattle/Texas/24-008749-003/2024(H5N1)	55	3415
NA|PP755591.1|A/cattle/Texas/24-008749-003/2024(H5N1)	56	3414
NA|PP755591.1|A/cattle/Texas/24-008749-003/2024(H5N1)	57	3414
NA|PP755591.1|A/cattle/Texas/24-008749-003/2024(H5N1)	58	3414
NA|PP755591.1|A/cattle/Texas/24-008749-003/2024(H5N1)	59	3414
NA|PP755591.1|A/cattle/Texas/24-008749-003/2024(H5N1)	60	3414
NA|PP755591.1|A/cattle/Texas/24-008749-003/2024(H5N1)	61	3404
NA|PP755591.1|A/cattle/Texas/24-008749-003/2024(H5N1)	62	3404
NA|PP755591.1|A/cattle/Texas/24-008749-003/2024(H5N1)	63	3404
NA|PP755591.1|A/cattle/Texas/24-008749-003/2024(H5N1)	64	3403
NA|PP755591.1|A/cattle/Texas/24-008749-003/2024(H5N1)	65	3501
NA|PP755591.1|A/cattle/Texas/24-008749-003/2024(H5N1)	66	3503
NA|PP755591.1|A/cattle/Texas/24-008749-003/2024(H5N1)	67	3617
NA|PP755591.1|A/cattle/Texas/24-008749-003/2024(H5N1)	68	3623
NA|PP755591.1|A/cattle/Texas/24-008749-003/2024(H5N1)	69	3651
NA|PP755591.1|A/cattle/Texas/24-008749-003/2024(H5N1)	70	3665
NA|PP755591.1|A/cattle/Texas/24-008749-003/2024(H5N1)	71	3672
NA|PP755591.1|A/cattle/Texas/24-008749-003/2024(H5N1)	72	3679
NA|PP755591.1|A/cattle/Texas/24-008749-003/2024(H5N1)	73	6108
NA|PP755591.1|A/cattle/Texas/24-008749-003/2024(H5N1)	74	6123
NA|PP755591.1|A/cattle/Texas/24-008749-003/2024(H5N1)	75	6131
NA|PP755591.1|A/cattle/Texas/24-008749-003/2024(H5N1)	76	6149
NA|PP755591.1|A/cattle/Texas/24-008749-003/2024(H5N1)	77	6165
NA|PP755591.1|A/cattle/Texas/24-008749-003/2024(H5N1)	78	6165
NA|PP755591.1|A/cattle/Texas/24-008749-003/2024(H5N1)	79	6171
NA|PP755591.1|A/cattle/Texas/24-008749-003/2024(H5N1)	80	6177
NA|PP755591.1|A/cattle/Texas/24-008749-003/2024(H5N1)	81	6177
NA|PP755591.1|A/cattle/Texas/24-008749-003/2024(H5N1)	82	6246
NA|PP755591.1|A/cattle/Texas/24-008749-003/2024(H5N1)	83	6253
NA|PP755591.1|A/cattle/Texas/24-008749-003/2024(H5N1)	84	6346
NA|PP755591.1|A/cattle/Texas/24-008749-003/2024(H5N1)	85	6346
NA|PP755591.1|A/cattle/Texas/24-008749-003/2024(H5N1)	86	6359
NA|PP755591.1|A/cattle/Texas/24-008749-003/2024(H5N1)	87	6385
NA|PP755591.1|A/cattle/Texas/24-008749-003/2024(H5N1)	88	6387
NA|PP755591.1|A/cattle/Texas/24-008749-003/2024(H5N1)	89	6397
NA|PP755591.1|A/cattle/Texas/24-008749-003/2024(H5N1)	90	6398
NA|PP755591.1|A/cattle/Texas/24-008749-003/2024(H5N1)	91	6410
NA|PP755591.1|A/cattle/Texas/24-008749-003/2024(H5N1)	92	6499
NA|PP755591.1|A/cattle/Texas/24-008749-003/2024(H5N1)	93	6500
NA|PP755591.1|A/cattle/Texas/24-008749-003/2024(H5N1)	94	6500
NA|PP755591.1|A/cattle/Texas/24-008749-003/2024(H5N1)	95	6500
NA|PP755591.1|A/cattle/Texas/24-008749-003/2024(H5N1)	96	6500
NA|PP755591.1|A/cattle/Texas/24-008749-003/2024(H5N1)	97	6500
NA|PP755591.1|A/cattle/Texas/24-008749-003/2024(H5N1)	98	6494
NA|PP755591.1|A/cattle/Texas/24-008749-003/2024(H5N1)	99	6494
NA|PP755591.1|A/cattle/Texas/24-008749-003/2024(H5N1)	100	6494
NA|PP755591.1|A/cattle/Texas/24-008749-003/2024(H5N1)	101	6410
NA|PP755591.1|A/cattle/Texas/24-008749-003/2024(H5N1)	102	6407
NA|PP755591.1|A/cattle/Texas/24-008749-003/2024(H5N1)	103	6394
NA|PP755591.1|A/cattle/Texas/24-008749-003/2024(H5N1)	104	6391
NA|PP755591.1|A/cattle/Texas/24-008749-003/2024(H5N1)	105	6353
NA|PP755591.1|A/cattle/Texas/24-008749-003/2024(H5N1)	106	6353
NA|PP755591.1|A/cattle/Texas/24-008749-003/2024(H5N1)	107	6260
NA|PP755591.1|A/cattle/Texas/24-008749-003/2024(H5N1)	108	6247
NA|PP755591.1|A/cattle/Texas/24-008749-003/2024(H5N1)	109	6247
NA|PP755591.1|A/cattle/Texas/24-008749-003/2024(H5N1)	110	6246
NA|PP755591.1|A/cattle/Texas/24-008749-003/2024(H5N1)	111	6234
NA|PP755591.1|A/cattle/Texas/24-008749-003/2024(H5N1)	112	6225
NA|PP755591.1|A/cattle/Texas/24-008749-003/2024(H5N1)	113	6215
NA|PP755591.1|A/cattle/Texas/24-008749-003/2024(H5N1)	114	6143
NA|PP755591.1|A/cattle/Texas/24-008749-003/2024(H5N1)	115	6143
NA|PP755591.1|A/cattle/Texas/24-008749-003/2024(H5N1)	116	6129
NA|PP755591.1|A/cattle/Texas/24-008749-003/2024(H5N1)	117	6127
NA|PP755591.1|A/cattle/Texas/24-008749-003/2024(H5N1)	118	6127
NA|PP755591.1|A/cattle/Texas/24-008749-003/2024(H5N1)	119	6127
NA|PP755591.1|A/cattle/Texas/24-008749-003/2024(H5N1)	120	2386
NA|PP755591.1|A/cattle/Texas/24-008749-003/2024(H5N1)	121	2369
NA|PP755591.1|A/cattle/Texas/24-008749-003/2024(H5N1)	122	2369
NA|PP755591.1|A/cattle/Texas/24-008749-003/2024(H5N1)	123	2364
NA|PP755591.1|A/cattle/Texas/24-008749-003/2024(H5N1)	124	2364
NA|PP755591.1|A/cattle/Texas/24-008749-003/2024(H5N1)	125	2364
NA|PP755591.1|A/cattle/Texas/24-008749-003/2024(H5N1)	126	2358
NA|PP755591.1|A/cattle/Texas/24-008749-003/2024(H5N1)	127	2358
NA|PP755591.1|A/cattle/Texas/24-008749-003/2024(H5N1)	128	2358
NA|PP755591.1|A/cattle/Texas/24-008749-003/2024(H5N1)	129	2358
NA|PP755591.1|A/cattle/Texas/24-008749-003/2024(H5N1)	130	2358
NA|PP755591.1|A/cattle/Texas/24-008749-003/2024(H5N1)	131	2358
NA|PP755591.1|A/cattle/Texas/24-008749-003/2024(H5N1)	132	2358
NA|PP755591.1|A/cattle/Texas/24-008749-003/2024(H5N1)	133	2358
NA|PP755591.1|A/cattle/Texas/24-008749-003/2024(H5N1)	134	2358
NA|PP755591.1|A/cattle/Texas/24-008749-003/2024(H5N1)	135	2358
NA|PP755591.1|A/cattle/Texas/24-008749-003/2024(H5N1)	136	2358
NA|PP755591.1|A/cattle/Texas/24-008749-003/2024(H5N1)	137	2358
NA|PP755591.1|A/cattle/Texas/24-008749-003/2024(H5N1)	138	2358
NA|PP755591.1|A/cattle/Texas/24-008749-003/2024(H5N1)	139	2358
NA|PP755591.1|A/cattle/Texas/24-008749-003/2024(H5N1)	140	2358
NA|PP755591.1|A/cattle/Texas/24-008749-003/2024(H5N1)	141	2358
NA|PP755591.1|A/cattle/Texas/24-008749-003/2024(H5N1)	142	2358
NA|PP755591.1|A/cattle/Texas/24-008749-003/2024(H5N1)	143	3320
NA|PP755591.1|A/cattle/Texas/24-008749-003/2024(H5N1)	144	3320
NA|PP755591.1|A/cattle/Texas/24-008749-003/2024(H5N1)	145	3321
NA|PP755591.1|A/cattle/Texas/24-008749-003/2024(H5N1)	146	3321
NA|PP755591.1|A/cattle/Texas/24-008749-003/2024(H5N1)	147	3321
NA|PP755591.1|A/cattle/Texas/24-008749-003/2024(H5N1)	148	3321
NA|PP755591.1|A/cattle/Texas/24-008749-003/2024(H5N1)	149	3321
NA|PP755591.1|A/cattle/Texas/24-008749-003/2024(H5N1)	150	3321
NA|PP755591.1|A/cattle/Texas/24-008749-003/2024(H5N1)	151	3321
NA|PP755591.1|A/cattle/Texas/24-008749-003/2024(H5N1)	152	3321
NA|PP755591.1|A/cattle/Texas/24-008749-003/2024(H5N1)	153	3321
NA|PP755591.1|A/cattle/Texas/24-008749-003/2024(H5N1)	154	3321
NA|PP755591.1|A/cattle/Texas/24-008749-003/2024(H5N1)	155	3321
NA|PP755591.1|A/cattle/Texas/24-008749-003/2024(H5N1)	156	3247
NA|PP755591.1|A/cattle/Texas/24-008749-003/2024(H5N1)	157	3247
NA|PP755591.1|A/cattle/Texas/24-008749-003/2024(H5N1)	158	3248
NA|PP755591.1|A/cattle/Texas/24-008749-003/2024(H5N1)	159	3248
NA|PP755591.1|A/cattle/Texas/24-008749-003/2024(H5N1)	160	3248
NA|PP755591.1|A/cattle/Texas/24-008749-003/2024(H5N1)	161	3248
NA|PP755591.1|A/cattle/Texas/24-008749-003/2024(H5N1)	162	3248
NA|PP755591.1|A/cattle/Texas/24-008749-003/2024(H5N1)	163	3247
NA|PP755591.1|A/cattle/Texas/24-008749-003/2024(H5N1)	164	3247
NA|PP755591.1|A/cattle/Texas/24-008749-003/2024(H5N1)	165	3247
NA|PP755591.1|A/cattle/Texas/24-008749-003/2024(H5N1)	166	3151
NA|PP755591.1|A/cattle/Texas/24-008749-003/2024(H5N1)	167	3148
NA|PP755591.1|A/cattle/Texas/24-008749-003/2024(H5N1)	168	2732
NA|PP755591.1|A/cattle/Texas/24-008749-003/2024(H5N1)	169	2732
NA|PP755591.1|A/cattle/Texas/24-008749-003/2024(H5N1)	170	2732
NA|PP755591.1|A/cattle/Texas/24-008749-003/2024(H5N1)	171	2724
NA|PP755591.1|A/cattle/Texas/24-008749-003/2024(H5N1)	172	2724
NA|PP755591.1|A/cattle/Texas/24-008749-003/2024(H5N1)	173	2724
NA|PP755591.1|A/cattle/Texas/24-008749-003/2024(H5N1)	174	2724
NA|PP755591.1|A/cattle/Texas/24-008749-003/2024(H5N1)	175	2724
NA|PP755591.1|A/cattle/Texas/24-008749-003/2024(H5N1)	176	2707
NA|PP755591.1|A/cattle/Texas/24-008749-003/2024(H5N1)	177	2527
NA|PP755591.1|A/cattle/Texas/24-008749-003/2024(H5N1)	178	2527
NA|PP755591.1|A/cattle/Texas/24-008749-003/2024(H5N1)	179	2526
NA|PP755591.1|A/cattle/Texas/24-008749-003/2024(H5N1)	180	2526
NA|PP755591.1|A/cattle/Texas/24-008749-003/2024(H5N1)	181	2526
NA|PP755591.1|A/cattle/Texas/24-008749-003/2024(H5N1)	182	2526
NA|PP755591.1|A/cattle/Texas/24-008749-003/2024(H5N1)	183	2526
NA|PP755591.1|A/cattle/Texas/24-008749-003/2024(H5N1)	184	2526
NA|PP755591.1|A/cattle/Texas/24-008749-003/2024(H5N1)	185	2526
NA|PP755591.1|A/cattle/Texas/24-008749-003/2024(H5N1)	186	2516
NA|PP755591.1|A/cattle/Texas/24-008749-003/2024(H5N1)	187	2516
NA|PP755591.1|A/cattle/Texas/24-008749-003/2024(H5N1)	188	2516
NA|PP755591.1|A/cattle/Texas/24-008749-003/2024(H5N1)	189	2516
NA|PP755591.1|A/cattle/Texas/24-008749-003/2024(H5N1)	190	2515
NA|PP755591.1|A/cattle/Texas/24-008749-003/2024(H5N1)	191	2497
NA|PP755591.1|A/cattle/Texas/24-008749-003/2024(H5N1)	192	2416
NA|PP755591.1|A/cattle/Texas/24-008749-003/2024(H5N1)	193	2415
NA|PP755591.1|A/cattle/Texas/24-008749-003/2024(H5N1)	194	2363
NA|PP755591.1|A/cattle/Texas/24-008749-003/2024(H5N1)	195	2340
NA|PP755591.1|A/cattle/Texas/24-008749-003/2024(H5N1)	196	2288
NA|PP755591.1|A/cattle/Texas/24-008749-003/2024(H5N1)	197	2204
NA|PP755591.1|A/cattle/Texas/24-008749-003/2024(H5N1)	198	2183
NA|PP755591.1|A/cattle/Texas/24-008749-003/2024(H5N1)	199	2183
NA|PP755591.1|A/cattle/Texas/24-008749-003/2024(H5N1)	200	2183
NA|PP755591.1|A/cattle/Texas/24-008749-003/2024(H5N1)	201	2075
NA|PP755591.1|A/cattle/Texas/24-008749-003/2024(H5N1)	202	2062
NA|PP755591.1|A/cattle/Texas/24-008749-003/2024(H5N1)	203	2032
NA|PP755591.1|A/cattle/Texas/24-008749-003/2024(H5N1)	204	2014
NA|PP755591.1|A/cattle/Texas/24-008749-003/2024(H5N1)	205	2005
NA|PP755591.1|A/cattle/Texas/24-008749-003/2024(H5N1)	206	1990
NA|PP755591.1|A/cattle/Texas/24-008749-003/2024(H5N1)	207	131
NA|PP755591.1|A/cattle/Texas/24-008749-003/2024(H5N1)	208	115
NA|PP755591.1|A/cattle/Texas/24-008749-003/2024(H5N1)	209	114
NA|PP755591.1|A/cattle/Texas/24-008749-003/2024(H5N1)	210	90
NA|PP755591.1|A/cattle/Texas/24-008749-003/2024(H5N1)	211	90
NA|PP755591.1|A/cattle/Texas/24-008749-003/2024(H5N1)	212	90
NA|PP755591.1|A/cattle/Texas/24-008749-003/2024(H5N1)	213	90
NA|PP755591.1|A/cattle/Texas/24-008749-003/2024(H5N1)	214	90
NA|PP755591.1|A/cattle/Texas/24-008749-003/2024(H5N1)	215	90
NA|PP755591.1|A/cattle/Texas/24-008749-003/2024(H5N1)	216	90
NA|PP755591.1|A/cattle/Texas/24-008749-003/2024(H5N1)	217	90
NA|PP755591.1|A/cattle/Texas/24-008749-003/2024(H5N1)	218	38
NA|PP755591.1|A/cattle/Texas/24-008749-003/2024(H5N1)	219	38
NA|PP755591.1|A/cattle/Texas/24-008749-003/2024(H5N1)	220	30
NA|PP755591.1|A/cattle/Texas/24-008749-003/2024(H5N1)	221	16
NA|PP755591.1|A/cattle/Texas/24-008749-003/2024(H5N1)	222	9
NA|PP755591.1|A/cattle/Texas/24-008749-003/2024(H5N1)	223	5
NA|PP755591.1|A/cattle/Texas/24-008749-003/2024(H5N1)	224	5
NA|PP755591.1|A/cattle/Texas/24-008749-003/2024(H5N1)	225	5
NA|PP755591.1|A/cattle/Texas/24-008749-003/2024(H5N1)	226	5
NA|PP755591.1|A/cattle/Texas/24-008749-003/2024(H5N1)	227	5
NA|PP755591.1|A/cattle/Texas/24-008749-003/2024(H5N1)	228	1
NA|PP755591.1|A/cattle/Texas/24-008749-003/2024(H5N1)	229	1
NA|PP755591.1|A/cattle/Texas/24-008749-003/2024(H5N1)	230	1
NA|PP755591.1|A/cattle/Texas/24-008749-003/2024(H5N1)	231	1
NA|PP755591.1|A/cattle/Texas/24-008749-003/2024(H5N1)	232	1
NA|PP755591.1|A/cattle/Texas/24-008749-003/2024(H5N1)	233	1
NA|PP755591.1|A/cattle/Texas/24-008749-003/2024(H5N1)	234	1
NA|PP755591.1|A/cattle/Texas/24-008749-003/2024(H5N1)	235	1
NA|PP755591.1|A/cattle/Texas/24-008749-003/2024(H5N1)	236	1
NA|PP755591.1|A/cattle/Texas/24-008749-003/2024(H5N1)	237	1
NA|PP755591.1|A/cattle/Texas/24-008749-003/2024(H5N1)	238	1
NA|PP755591.1|A/cattle/Texas/24-008749-003/2024(H5N1)	239	1
NA|PP755591.1|A/cattle/Texas/24-008749-003/2024(H5N1)	240	0
NA|PP755591.1|A/cattle/Texas/24-008749-003/2024(H5N1)	241	0
NA|PP755591.1|A/cattle/Texas/24-008749-003/2024(H5N1)	242	0
NA|PP755591.1|A/cattle/Texas/24-008749-003/2024(H5N1)	243	0
NA|PP755591.1|A/cattle/Texas/24-008749-003/2024(H5N1)	244	0
NA|PP755591.1|A/cattle/Texas/24-008749-003/2024(H5N1)	245	0
NA|PP755591.1|A/cattle/Texas/24-008749-003/2024(H5N1)	246	0
NA|PP755591.1|A/cattle/Texas/24-008749-003/2024(H5N1)	247	0
NA|PP755591.1|A/cattle/Texas/24-008749-003/2024(H5N1)	248	0
NA|PP755591.1|A/cattle/Texas/24-008749-003/2024(H5N1)	249	0
NA|PP755591.1|A/cattle/Texas/24-008749-003/2024(H5N1)	250	0
NA|PP755591.1|A/cattle/Texas/24-008749-003/2024(H5N1)	251	0
NA|PP755591.1|A/cattle/Texas/24-008749-003/2024(H5N1)	252	0
NA|PP755591.1|A/cattle/Texas/24-008749-003/2024(H5N1)	253	0
NA|PP755591.1|A/cattle/Texas/24-008749-003/2024(H5N1)	254	0
NA|PP755591.1|A/cattle/Texas/24-008749-003/2024(H5N1)	255	0
NA|PP755591.1|A/cattle/Texas/24-008749-003/2024(H5N1)	256	0
NA|PP755591.1|A/cattle/Texas/24-008749-003/2024(H5N1)	257	0
NA|PP755591.1|A/cattle/Texas/24-008749-003/2024(H5N1)	258	0
NA|PP755591.1|A/cattle/Texas/24-008749-003/2024(H5N1)	259	0
NA|PP755591.1|A/cattle/Texas/24-008749-003/2024(H5N1)	260	0
NA|PP755591.1|A/cattle/Texas/24-008749-003/2024(H5N1)	261	0
NA|PP755591.1|A/cattle/Texas/24-008749-003/2024(H5N1)	262	3
NA|PP755591.1|A/cattle/Texas/24-008749-003/2024(H5N1)	263	3
NA|PP755591.1|A/cattle/Texas/24-008749-003/2024(H5N1)	264	3
NA|PP755591.1|A/cattle/Texas/24-008749-003/2024(H5N1)	265	3
NA|PP755591.1|A/cattle/Texas/24-008749-003/2024(H5N1)	266	3
NA|PP755591.1|A/cattle/Texas/24-008749-003/2024(H5N1)	267	3
NA|PP755591.1|A/cattle/Texas/24-008749-003/2024(H5N1)	268	3
NA|PP755591.1|A/cattle/Texas/24-008749-003/2024(H5N1)	269	3
NA|PP755591.1|A/cattle/Texas/24-008749-003/2024(H5N1)	270	3
NA|PP755591.1|A/cattle/Texas/24-008749-003/2024(H5N1)	271	3
NA|PP755591.1|A/cattle/Texas/24-008749-003/2024(H5N1)	272	3
NA|PP755591.1|A/cattle/Texas/24-008749-003/2024(H5N1)	273	3
NA|PP755591.1|A/cattle/Texas/24-008749-003/2024(H5N1)	274	3
NA|PP755591.1|A/cattle/Texas/24-008749-003/2024(H5N1)	275	3
NA|PP755591.1|A/cattle/Texas/24-008749-003/2024(H5N1)	276	3
NA|PP755591.1|A/cattle/Texas/24-008749-003/2024(H5N1)	277	3
NA|PP755591.1|A/cattle/Texas/24-008749-003/2024(H5N1)	278	3
NA|PP755591.1|A/cattle/Texas/24-008749-003/2024(H5N1)	279	3
NA|PP755591.1|A/cattle/Texas/24-008749-003/2024(H5N1)	280	3
NA|PP755591.1|A/cattle/Texas/24-008749-003/2024(H5N1)	281	3
NA|PP755591.1|A/cattle/Texas/24-008749-003/2024(H5N1)	282	3
NA|PP755591.1|A/cattle/Texas/24-008749-003/2024(H5N1)	283	7
NA|PP755591.1|A/cattle/Texas/24-008749-003/2024(H5N1)	284	7
NA|PP755591.1|A/cattle/Texas/24-008749-003/2024(H5N1)	285	7
NA|PP755591.1|A/cattle/Texas/24-008749-003/2024(H5N1)	286	9
NA|PP755591.1|A/cattle/Texas/24-008749-003/2024(H5N1)	287	9
NA|PP755591.1|A/cattle/Texas/24-008749-003/2024(H5N1)	288	9
NA|PP755591.1|A/cattle/Texas/24-008749-003/2024(H5N1)	289	9
NA|PP755591.1|A/cattle/Texas/24-008749-003/2024(H5N1)	290	9
NA|PP755591.1|A/cattle/Texas/24-008749-003/2024(H5N1)	291	9
NA|PP755591.1|A/cattle/Texas/24-008749-003/2024(H5N1)	292	9
NA|PP755591.1|A/cattle/Texas/24-008749-003/2024(H5N1)	293	9
NA|PP755591.1|A/cattle/Texas/24-008749-003/2024(H5N1)	294	9
NA|PP755591.1|A/cattle/Texas/24-008749-003/2024(H5N1)	295	9
NA|PP755591.1|A/cattle/Texas/24-008749-003/2024(H5N1)	296	9
NA|PP755591.1|A/cattle/Texas/24-008749-003/2024(H5N1)	297	9
NA|PP755591.1|A/cattle/Texas/24-008749-003/2024(H5N1)	298	9
NA|PP755591.1|A/cattle/Texas/24-008749-003/2024(H5N1)	299	9
NA|PP755591.1|A/cattle/Texas/24-008749-003/2024(H5N1)	300	9
NA|PP755591.1|A/cattle/Texas/24-008749-003/2024(H5N1)	301	9
NA|PP755591.1|A/cattle/Texas/24-008749-003/2024(H5N1)	302	9
NA|PP755591.1|A/cattle/Texas/24-008749-003/2024(H5N1)	303	9
NA|PP755591.1|A/cattle/Texas/24-008749-003/2024(H5N1)	304	9
NA|PP755591.1|A/cattle/Texas/24-008749-003/2024(H5N1)	305	9
NA|PP755591.1|A/cattle/Texas/24-008749-003/2024(H5N1)	306	9
NA|PP755591.1|A/cattle/Texas/24-008749-003/2024(H5N1)	307	9
NA|PP755591.1|A/cattle/Texas/24-008749-003/2024(H5N1)	308	9
NA|PP755591.1|A/cattle/Texas/24-008749-003/2024(H5N1)	309	9
NA|PP755591.1|A/cattle/Texas/24-008749-003/2024(H5N1)	310	9
NA|PP755591.1|A/cattle/Texas/24-008749-003/2024(H5N1)	311	9
NA|PP755591.1|A/cattle/Texas/24-008749-003/2024(H5N1)	312	9
NA|PP755591.1|A/cattle/Texas/24-008749-003/2024(H5N1)	313	9
NA|PP755591.1|A/cattle/Texas/24-008749-003/2024(H5N1)	314	9
NA|PP755591.1|A/cattle/Texas/24-008749-003/2024(H5N1)	315	9
NA|PP755591.1|A/cattle/Texas/24-008749-003/2024(H5N1)	316	9
NA|PP755591.1|A/cattle/Texas/24-008749-003/2024(H5N1)	317	9
NA|PP755591.1|A/cattle/Texas/24-008749-003/2024(H5N1)	318	9
NA|PP755591.1|A/cattle/Texas/24-008749-003/2024(H5N1)	319	9
NA|PP755591.1|A/cattle/Texas/24-008749-003/2024(H5N1)	320	9
NA|PP755591.1|A/cattle/Texas/24-008749-003/2024(H5N1)	321	5
NA|PP755591.1|A/cattle/Texas/24-008749-003/2024(H5N1)	322	5
NA|PP755591.1|A/cattle/Texas/24-008749-003/2024(H5N1)	323	5
NA|PP755591.1|A/cattle/Texas/24-008749-003/2024(H5N1)	324	5
NA|PP755591.1|A/cattle/Texas/24-008749-003/2024(H5N1)	325	5
NA|PP755591.1|A/cattle/Texas/24-008749-003/2024(H5N1)	326	5
NA|PP755591.1|A/cattle/Texas/24-008749-003/2024(H5N1)	327	4
NA|PP755591.1|A/cattle/Texas/24-008749-003/2024(H5N1)	328	4
NA|PP755591.1|A/cattle/Texas/24-008749-003/2024(H5N1)	329	4
NA|PP755591.1|A/cattle/Texas/24-008749-003/2024(H5N1)	330	4
NA|PP755591.1|A/cattle/Texas/24-008749-003/2024(H5N1)	331	4
NA|PP755591.1|A/cattle/Texas/24-008749-003/2024(H5N1)	332	4
NA|PP755591.1|A/cattle/Texas/24-008749-003/2024(H5N1)	333	4
NA|PP755591.1|A/cattle/Texas/24-008749-003/2024(H5N1)	334	4
NA|PP755591.1|A/cattle/Texas/24-008749-003/2024(H5N1)	335	4
NA|PP755591.1|A/cattle/Texas/24-008749-003/2024(H5N1)	336	4
NA|PP755591.1|A/cattle/Texas/24-008749-003/2024(H5N1)	337	4
NA|PP755591.1|A/cattle/Texas/24-008749-003/2024(H5N1)	338	4
NA|PP755591.1|A/cattle/Texas/24-008749-003/2024(H5N1)	339	4
NA|PP755591.1|A/cattle/Texas/24-008749-003/2024(H5N1)	340	4
NA|PP755591.1|A/cattle/Texas/24-008749-003/2024(H5N1)	341	4
NA|PP755591.1|A/cattle/Texas/24-008749-003/2024(H5N1)	342	4
NA|PP755591.1|A/cattle/Texas/24-008749-003/2024(H5N1)	343	4
NA|PP755591.1|A/cattle/Texas/24-008749-003/2024(H5N1)	344	4
NA|PP755591.1|A/cattle/Texas/24-008749-003/2024(H5N1)	345	4
NA|PP755591.1|A/cattle/Texas/24-008749-003/2024(H5N1)	346	4
NA|PP755591.1|A/cattle/Texas/24-008749-003/2024(H5N1)	347	4
NA|PP755591.1|A/cattle/Texas/24-008749-003/2024(H5N1)	348	4
NA|PP755591.1|A/cattle/Texas/24-008749-003/2024(H5N1)	349	4
NA|PP755591.1|A/cattle/Texas/24-008749-003/2024(H5N1)	350	4
NA|PP755591.1|A/cattle/Texas/24-008749-003/2024(H5N1)	351	4
NA|PP755591.1|A/cattle/Texas/24-008749-003/2024(H5N1)	352	4
NA|PP755591.1|A/cattle/Texas/24-008749-003/2024(H5N1)	353	4
NA|PP755591.1|A/cattle/Texas/24-008749-003/2024(H5N1)	354	4
NA|PP755591.1|A/cattle/Texas/24-008749-003/2024(H5N1)	355	4
NA|PP755591.1|A/cattle/Texas/24-008749-003/2024(H5N1)	356	4
NA|PP755591.1|A/cattle/Texas/24-008749-003/2024(H5N1)	357	4
NA|PP755591.1|A/cattle/Texas/24-008749-003/2024(H5N1)	358	4
NA|PP755591.1|A/cattle/Texas/24-008749-003/2024(H5N1)	359	4
NA|PP755591.1|A/cattle/Texas/24-008749-003/2024(H5N1)	360	4
NA|PP755591.1|A/cattle/Texas/24-008749-003/2024(H5N1)	361	4
NA|PP755591.1|A/cattle/Texas/24-008749-003/2024(H5N1)	362	4
NA|PP755591.1|A/cattle/Texas/24-008749-003/2024(H5N1)	363	4
NA|PP755591.1|A/cattle/Texas/24-008749-003/2024(H5N1)	364	4
NA|PP755591.1|A/cattle/Texas/24-008749-003/2024(H5N1)	365	4
NA|PP755591.1|A/cattle/Texas/24-008749-003/2024(H5N1)	366	4
NA|PP755591.1|A/cattle/Texas/24-008749-003/2024(H5N1)	367	2465
NA|PP755591.1|A/cattle/Texas/24-008749-003/2024(H5N1)	368	2467
NA|PP755591.1|A/cattle/Texas/24-008749-003/2024(H5N1)	369	2470
NA|PP755591.1|A/cattle/Texas/24-008749-003/2024(H5N1)	370	2479
NA|PP755591.1|A/cattle/Texas/24-008749-003/2024(H5N1)	371	2479
NA|PP755591.1|A/cattle/Texas/24-008749-003/2024(H5N1)	372	2479
NA|PP755591.1|A/cattle/Texas/24-008749-003/2024(H5N1)	373	2479
NA|PP755591.1|A/cattle/Texas/24-008749-003/2024(H5N1)	374	2479
NA|PP755591.1|A/cattle/Texas/24-008749-003/2024(H5N1)	375	2479
NA|PP755591.1|A/cattle/Texas/24-008749-003/2024(H5N1)	376	2668
NA|PP755591.1|A/cattle/Texas/24-008749-003/2024(H5N1)	377	2674
NA|PP755591.1|A/cattle/Texas/24-008749-003/2024(H5N1)	378	2692
NA|PP755591.1|A/cattle/Texas/24-008749-003/2024(H5N1)	379	2692
NA|PP755591.1|A/cattle/Texas/24-008749-003/2024(H5N1)	380	2692
NA|PP755591.1|A/cattle/Texas/24-008749-003/2024(H5N1)	381	2692
NA|PP755591.1|A/cattle/Texas/24-008749-003/2024(H5N1)	382	2692
NA|PP755591.1|A/cattle/Texas/24-008749-003/2024(H5N1)	383	2692
NA|PP755591.1|A/cattle/Texas/24-008749-003/2024(H5N1)	384	2692
NA|PP755591.1|A/cattle/Texas/24-008749-003/2024(H5N1)	385	2692
NA|PP755591.1|A/cattle/Texas/24-008749-003/2024(H5N1)	386	2692
NA|PP755591.1|A/cattle/Texas/24-008749-003/2024(H5N1)	387	2692
NA|PP755591.1|A/cattle/Texas/24-008749-003/2024(H5N1)	388	2692
NA|PP755591.1|A/cattle/Texas/24-008749-003/2024(H5N1)	389	2692
NA|PP755591.1|A/cattle/Texas/24-008749-003/2024(H5N1)	390	2692
NA|PP755591.1|A/cattle/Texas/24-008749-003/2024(H5N1)	391	2692
NA|PP755591.1|A/cattle/Texas/24-008749-003/2024(H5N1)	392	2692
NA|PP755591.1|A/cattle/Texas/24-008749-003/2024(H5N1)	393	2692
NA|PP755591.1|A/cattle/Texas/24-008749-003/2024(H5N1)	394	2692
NA|PP755591.1|A/cattle/Texas/24-008749-003/2024(H5N1)	395	2692
NA|PP755591.1|A/cattle/Texas/24-008749-003/2024(H5N1)	396	2657
NA|PP755591.1|A/cattle/Texas/24-008749-003/2024(H5N1)	397	2652
NA|PP755591.1|A/cattle/Texas/24-008749-003/2024(H5N1)	398	2644
NA|PP755591.1|A/cattle/Texas/24-008749-003/2024(H5N1)	399	1137
NA|PP755591.1|A/cattle/Texas/24-008749-003/2024(H5N1)	400	1138
NA|PP755591.1|A/cattle/Texas/24-008749-003/2024(H5N1)	401	1137
NA|PP755591.1|A/cattle/Texas/24-008749-003/2024(H5N1)	402	1137
NA|PP755591.1|A/cattle/Texas/24-008749-003/2024(H5N1)	403	1137
NA|PP755591.1|A/cattle/Texas/24-008749-003/2024(H5N1)	404	1137
NA|PP755591.1|A/cattle/Texas/24-008749-003/2024(H5N1)	405	1137
NA|PP755591.1|A/cattle/Texas/24-008749-003/2024(H5N1)	406	1137
NA|PP755591.1|A/cattle/Texas/24-008749-003/2024(H5N1)	407	1137
NA|PP755591.1|A/cattle/Texas/24-008749-003/2024(H5N1)	408	1137
NA|PP755591.1|A/cattle/Texas/24-008749-003/2024(H5N1)	409	1137
NA|PP755591.1|A/cattle/Texas/24-008749-003/2024(H5N1)	410	1137
NA|PP755591.1|A/cattle/Texas/24-008749-003/2024(H5N1)	411	1136
NA|PP755591.1|A/cattle/Texas/24-008749-003/2024(H5N1)	412	1231
NA|PP755591.1|A/cattle/Texas/24-008749-003/2024(H5N1)	413	1239
NA|PP755591.1|A/cattle/Texas/24-008749-003/2024(H5N1)	414	1240
NA|PP755591.1|A/cattle/Texas/24-008749-003/2024(H5N1)	415	1284
NA|PP755591.1|A/cattle/Texas/24-008749-003/2024(H5N1)	416	1296
NA|PP755591.1|A/cattle/Texas/24-008749-003/2024(H5N1)	417	1539
NA|PP755591.1|A/cattle/Texas/24-008749-003/2024(H5N1)	418	1706
NA|PP755591.1|A/cattle/Texas/24-008749-003/2024(H5N1)	419	2495
NA|PP755591.1|A/cattle/Texas/24-008749-003/2024(H5N1)	420	2498
NA|PP755591.1|A/cattle/Texas/24-008749-003/2024(H5N1)	421	2512
NA|PP755591.1|A/cattle/Texas/24-008749-003/2024(H5N1)	422	2587
NA|PP755591.1|A/cattle/Texas/24-008749-003/2024(H5N1)	423	2600
NA|PP755591.1|A/cattle/Texas/24-008749-003/2024(H5N1)	424	2621
NA|PP755591.1|A/cattle/Texas/24-008749-003/2024(H5N1)	425	2621
NA|PP755591.1|A/cattle/Texas/24-008749-003/2024(H5N1)	426	2621
NA|PP755591.1|A/cattle/Texas/24-008749-003/2024(H5N1)	427	2640
NA|PP755591.1|A/cattle/Texas/24-008749-003/2024(H5N1)	428	2640
NA|PP755591.1|A/cattle/Texas/24-008749-003/2024(H5N1)	429	2714
NA|PP755591.1|A/cattle/Texas/24-008749-003/2024(H5N1)	430	2798
NA|PP755591.1|A/cattle/Texas/24-008749-003/2024(H5N1)	431	2807
NA|PP755591.1|A/cattle/Texas/24-008749-003/2024(H5N1)	432	2894
NA|PP755591.1|A/cattle/Texas/24-008749-003/2024(H5N1)	433	2961
NA|PP755591.1|A/cattle/Texas/24-008749-003/2024(H5N1)	434	2976
NA|PP755591.1|A/cattle/Texas/24-008749-003/2024(H5N1)	435	2999
NA|PP755591.1|A/cattle/Texas/24-008749-003/2024(H5N1)	436	3006
NA|PP755591.1|A/cattle/Texas/24-008749-003/2024(H5N1)	437	3070
NA|PP755591.1|A/cattle/Texas/24-008749-003/2024(H5N1)	438	3077
NA|PP755591.1|A/cattle/Texas/24-008749-003/2024(H5N1)	439	3077
NA|PP755591.1|A/cattle/Texas/24-008749-003/2024(H5N1)	440	3077
NA|PP755591.1|A/cattle/Texas/24-008749-003/2024(H5N1)	441	3078
NA|PP755591.1|A/cattle/Texas/24-008749-003/2024(H5N1)	442	3116
NA|PP755591.1|A/cattle/Texas/24-008749-003/2024(H5N1)	443	3174
NA|PP755591.1|A/cattle/Texas/24-008749-003/2024(H5N1)	444	3174
NA|PP755591.1|A/cattle/Texas/24-008749-003/2024(H5N1)	445	3640
NA|PP755591.1|A/cattle/Texas/24-008749-003/2024(H5N1)	446	3640
NA|PP755591.1|A/cattle/Texas/24-008749-003/2024(H5N1)	447	3743
NA|PP755591.1|A/cattle/Texas/24-008749-003/2024(H5N1)	448	3750
NA|PP755591.1|A/cattle/Texas/24-008749-003/2024(H5N1)	449	3750
NA|PP755591.1|A/cattle/Texas/24-008749-003/2024(H5N1)	450	3750
NA|PP755591.1|A/cattle/Texas/24-008749-003/2024(H5N1)	451	3763
NA|PP755591.1|A/cattle/Texas/24-008749-003/2024(H5N1)	452	3798
NA|PP755591.1|A/cattle/Texas/24-008749-003/2024(H5N1)	453	3826
NA|PP755591.1|A/cattle/Texas/24-008749-003/2024(H5N1)	454	3941
NA|PP755591.1|A/cattle/Texas/24-008749-003/2024(H5N1)	455	3946
NA|PP755591.1|A/cattle/Texas/24-008749-003/2024(H5N1)	456	4262
NA|PP755591.1|A/cattle/Texas/24-008749-003/2024(H5N1)	457	4276
NA|PP755591.1|A/cattle/Texas/24-008749-003/2024(H5N1)	458	4279
NA|PP755591.1|A/cattle/Texas/24-008749-003/2024(H5N1)	459	4787
NA|PP755591.1|A/cattle/Texas/24-008749-003/2024(H5N1)	460	4812
NA|PP755591.1|A/cattle/Texas/24-008749-003/2024(H5N1)	461	4882
NA|PP755591.1|A/cattle/Texas/24-008749-003/2024(H5N1)	462	4946
NA|PP755591.1|A/cattle/Texas/24-008749-003/2024(H5N1)	463	4954
NA|PP755591.1|A/cattle/Texas/24-008749-003/2024(H5N1)	464	5051
NA|PP755591.1|A/cattle/Texas/24-008749-003/2024(H5N1)	465	4932
NA|PP755591.1|A/cattle/Texas/24-008749-003/2024(H5N1)	466	4923
NA|PP755591.1|A/cattle/Texas/24-008749-003/2024(H5N1)	467	4922
NA|PP755591.1|A/cattle/Texas/24-008749-003/2024(H5N1)	468	4852
NA|PP755591.1|A/cattle/Texas/24-008749-003/2024(H5N1)	469	4841
NA|PP755591.1|A/cattle/Texas/24-008749-003/2024(H5N1)	470	4766
NA|PP755591.1|A/cattle/Texas/24-008749-003/2024(H5N1)	471	4125
NA|PP755591.1|A/cattle/Texas/24-008749-003/2024(H5N1)	472	4125
NA|PP755591.1|A/cattle/Texas/24-008749-003/2024(H5N1)	473	4126
NA|PP755591.1|A/cattle/Texas/24-008749-003/2024(H5N1)	474	4133
NA|PP755591.1|A/cattle/Texas/24-008749-003/2024(H5N1)	475	4133
NA|PP755591.1|A/cattle/Texas/24-008749-003/2024(H5N1)	476	4133
NA|PP755591.1|A/cattle/Texas/24-008749-003/2024(H5N1)	477	4133
NA|PP755591.1|A/cattle/Texas/24-008749-003/2024(H5N1)	478	4133
NA|PP755591.1|A/cattle/Texas/24-008749-003/2024(H5N1)	479	4133
NA|PP755591.1|A/cattle/Texas/24-008749-003/2024(H5N1)	480	4133
NA|PP755591.1|A/cattle/Texas/24-008749-003/2024(H5N1)	481	4133
NA|PP755591.1|A/cattle/Texas/24-008749-003/2024(H5N1)	482	4136
NA|PP755591.1|A/cattle/Texas/24-008749-003/2024(H5N1)	483	4135
NA|PP755591.1|A/cattle/Texas/24-008749-003/2024(H5N1)	484	4136
NA|PP755591.1|A/cattle/Texas/24-008749-003/2024(H5N1)	485	4137
NA|PP755591.1|A/cattle/Texas/24-008749-003/2024(H5N1)	486	4137
NA|PP755591.1|A/cattle/Texas/24-008749-003/2024(H5N1)	487	4193
NA|PP755591.1|A/cattle/Texas/24-008749-003/2024(H5N1)	488	4298
NA|PP755591.1|A/cattle/Texas/24-008749-003/2024(H5N1)	489	4320
NA|PP755591.1|A/cattle/Texas/24-008749-003/2024(H5N1)	490	5482
NA|PP755591.1|A/cattle/Texas/24-008749-003/2024(H5N1)	491	5590
NA|PP755591.1|A/cattle/Texas/24-008749-003/2024(H5N1)	492	5612
NA|PP755591.1|A/cattle/Texas/24-008749-003/2024(H5N1)	493	5614
NA|PP755591.1|A/cattle/Texas/24-008749-003/2024(H5N1)	494	5653
NA|PP755591.1|A/cattle/Texas/24-008749-003/2024(H5N1)	495	5694
NA|PP755591.1|A/cattle/Texas/24-008749-003/2024(H5N1)	496	5785
NA|PP755591.1|A/cattle/Texas/24-008749-003/2024(H5N1)	497	5917
NA|PP755591.1|A/cattle/Texas/24-008749-003/2024(H5N1)	498	5932
NA|PP755591.1|A/cattle/Texas/24-008749-003/2024(H5N1)	499	5998
NA|PP755591.1|A/cattle/Texas/24-008749-003/2024(H5N1)	500	5998
NA|PP755591.1|A/cattle/Texas/24-008749-003/2024(H5N1)	501	6029
NA|PP755591.1|A/cattle/Texas/24-008749-003/2024(H5N1)	502	6260
NA|PP755591.1|A/cattle/Texas/24-008749-003/2024(H5N1)	503	6260
NA|PP755591.1|A/cattle/Texas/24-008749-003/2024(H5N1)	504	6259
NA|PP755591.1|A/cattle/Texas/24-008749-003/2024(H5N1)	505	6334
NA|PP755591.1|A/cattle/Texas/24-008749-003/2024(H5N1)	506	6335
NA|PP755591.1|A/cattle/Texas/24-008749-003/2024(H5N1)	507	6403
NA|PP755591.1|A/cattle/Texas/24-008749-003/2024(H5N1)	508	6764
NA|PP755591.1|A/cattle/Texas/24-008749-003/2024(H5N1)	509	6869
NA|PP755591.1|A/cattle/Texas/24-008749-003/2024(H5N1)	510	6899
NA|PP755591.1|A/cattle/Texas/24-008749-003/2024(H5N1)	511	6906
NA|PP755591.1|A/cattle/Texas/24-008749-003/2024(H5N1)	512	7021
NA|PP755591.1|A/cattle/Texas/24-008749-003/2024(H5N1)	513	7032
NA|PP755591.1|A/cattle/Texas/24-008749-003/2024(H5N1)	514	7036
NA|PP755591.1|A/cattle/Texas/24-008749-003/2024(H5N1)	515	7039
NA|PP755591.1|A/cattle/Texas/24-008749-003/2024(H5N1)	516	7039
NA|PP755591.1|A/cattle/Texas/24-008749-003/2024(H5N1)	517	7070
NA|PP755591.1|A/cattle/Texas/24-008749-003/2024(H5N1)	518	7087
NA|PP755591.1|A/cattle/Texas/24-008749-003/2024(H5N1)	519	7216
NA|PP755591.1|A/cattle/Texas/24-008749-003/2024(H5N1)	520	7442
NA|PP755591.1|A/cattle/Texas/24-008749-003/2024(H5N1)	521	7474
NA|PP755591.1|A/cattle/Texas/24-008749-003/2024(H5N1)	522	7499
NA|PP755591.1|A/cattle/Texas/24-008749-003/2024(H5N1)	523	7500
NA|PP755591.1|A/cattle/Texas/24-008749-003/2024(H5N1)	524	7535
NA|PP755591.1|A/cattle/Texas/24-008749-003/2024(H5N1)	525	7593
NA|PP755591.1|A/cattle/Texas/24-008749-003/2024(H5N1)	526	7665
NA|PP755591.1|A/cattle/Texas/24-008749-003/2024(H5N1)	527	7579
NA|PP755591.1|A/cattle/Texas/24-008749-003/2024(H5N1)	528	7574
NA|PP755591.1|A/cattle/Texas/24-008749-003/2024(H5N1)	529	7602
NA|PP755591.1|A/cattle/Texas/24-008749-003/2024(H5N1)	530	7606
NA|PP755591.1|A/cattle/Texas/24-008749-003/2024(H5N1)	531	7637
NA|PP755591.1|A/cattle/Texas/24-008749-003/2024(H5N1)	532	7638
NA|PP755591.1|A/cattle/Texas/24-008749-003/2024(H5N1)	533	7743
NA|PP755591.1|A/cattle/Texas/24-008749-003/2024(H5N1)	534	7842
NA|PP755591.1|A/cattle/Texas/24-008749-003/2024(H5N1)	535	7851
NA|PP755591.1|A/cattle/Texas/24-008749-003/2024(H5N1)	536	7843
NA|PP755591.1|A/cattle/Texas/24-008749-003/2024(H5N1)	537	7999
NA|PP755591.1|A/cattle/Texas/24-008749-003/2024(H5N1)	538	8008
NA|PP755591.1|A/cattle/Texas/24-008749-003/2024(H5N1)	539	8026
NA|PP755591.1|A/cattle/Texas/24-008749-003/2024(H5N1)	540	8015
NA|PP755591.1|A/cattle/Texas/24-008749-003/2024(H5N1)	541	8092
NA|PP755591.1|A/cattle/Texas/24-008749-003/2024(H5N1)	542	8389
NA|PP755591.1|A/cattle/Texas/24-008749-003/2024(H5N1)	543	8389
NA|PP755591.1|A/cattle/Texas/24-008749-003/2024(H5N1)	544	8389
NA|PP755591.1|A/cattle/Texas/24-008749-003/2024(H5N1)	545	8484
NA|PP755591.1|A/cattle/Texas/24-008749-003/2024(H5N1)	546	8418
NA|PP755591.1|A/cattle/Texas/24-008749-003/2024(H5N1)	547	8422
NA|PP755591.1|A/cattle/Texas/24-008749-003/2024(H5N1)	548	8406
NA|PP755591.1|A/cattle/Texas/24-008749-003/2024(H5N1)	549	8369
NA|PP755591.1|A/cattle/Texas/24-008749-003/2024(H5N1)	550	8327
NA|PP755591.1|A/cattle/Texas/24-008749-003/2024(H5N1)	551	8339
NA|PP755591.1|A/cattle/Texas/24-008749-003/2024(H5N1)	552	8357
NA|PP755591.1|A/cattle/Texas/24-008749-003/2024(H5N1)	553	8313
NA|PP755591.1|A/cattle/Texas/24-008749-003/2024(H5N1)	554	8205
NA|PP755591.1|A/cattle/Texas/24-008749-003/2024(H5N1)	555	8130
NA|PP755591.1|A/cattle/Texas/24-008749-003/2024(H5N1)	556	8127
NA|PP755591.1|A/cattle/Texas/24-008749-003/2024(H5N1)	557	8201
NA|PP755591.1|A/cattle/Texas/24-008749-003/2024(H5N1)	558	8208
NA|PP755591.1|A/cattle/Texas/24-008749-003/2024(H5N1)	559	8209
NA|PP755591.1|A/cattle/Texas/24-008749-003/2024(H5N1)	560	8184
NA|PP755591.1|A/cattle/Texas/24-008749-003/2024(H5N1)	561	8143
NA|PP755591.1|A/cattle/Texas/24-008749-003/2024(H5N1)	562	8130
NA|PP755591.1|A/cattle/Texas/24-008749-003/2024(H5N1)	563	8046
NA|PP755591.1|A/cattle/Texas/24-008749-003/2024(H5N1)	564	8031
NA|PP755591.1|A/cattle/Texas/24-008749-003/2024(H5N1)	565	8076
NA|PP755591.1|A/cattle/Texas/24-008749-003/2024(H5N1)	566	8043
NA|PP755591.1|A/cattle/Texas/24-008749-003/2024(H5N1)	567	8083
NA|PP755591.1|A/cattle/Texas/24-008749-003/2024(H5N1)	568	7702
NA|PP755591.1|A/cattle/Texas/24-008749-003/2024(H5N1)	569	7634
NA|PP755591.1|A/cattle/Texas/24-008749-003/2024(H5N1)	570	7635
NA|PP755591.1|A/cattle/Texas/24-008749-003/2024(H5N1)	571	7670
NA|PP755591.1|A/cattle/Texas/24-008749-003/2024(H5N1)	572	7689
NA|PP755591.1|A/cattle/Texas/24-008749-003/2024(H5N1)	573	7625
NA|PP755591.1|A/cattle/Texas/24-008749-003/2024(H5N1)	574	7622
NA|PP755591.1|A/cattle/Texas/24-008749-003/2024(H5N1)	575	7597
NA|PP755591.1|A/cattle/Texas/24-008749-003/2024(H5N1)	576	7580
NA|PP755591.1|A/cattle/Texas/24-008749-003/2024(H5N1)	577	7574
NA|PP755591.1|A/cattle/Texas/24-008749-003/2024(H5N1)	578	7552
NA|PP755591.1|A/cattle/Texas/24-008749-003/2024(H5N1)	579	7520
NA|PP755591.1|A/cattle/Texas/24-008749-003/2024(H5N1)	580	7605
NA|PP755591.1|A/cattle/Texas/24-008749-003/2024(H5N1)	581	7609
NA|PP755591.1|A/cattle/Texas/24-008749-003/2024(H5N1)	582	7604
NA|PP755591.1|A/cattle/Texas/24-008749-003/2024(H5N1)	583	7527
NA|PP755591.1|A/cattle/Texas/24-008749-003/2024(H5N1)	584	7481
NA|PP755591.1|A/cattle/Texas/24-008749-003/2024(H5N1)	585	7477
NA|PP755591.1|A/cattle/Texas/24-008749-003/2024(H5N1)	586	7613
NA|PP755591.1|A/cattle/Texas/24-008749-003/2024(H5N1)	587	7598
NA|PP755591.1|A/cattle/Texas/24-008749-003/2024(H5N1)	588	7529
NA|PP755591.1|A/cattle/Texas/24-008749-003/2024(H5N1)	589	7522
NA|PP755591.1|A/cattle/Texas/24-008749-003/2024(H5N1)	590	7519
NA|PP755591.1|A/cattle/Texas/24-008749-003/2024(H5N1)	591	7497
NA|PP755591.1|A/cattle/Texas/24-008749-003/2024(H5N1)	592	7584
NA|PP755591.1|A/cattle/Texas/24-008749-003/2024(H5N1)	593	7492
NA|PP755591.1|A/cattle/Texas/24-008749-003/2024(H5N1)	594	7486
NA|PP755591.1|A/cattle/Texas/24-008749-003/2024(H5N1)	595	7522
NA|PP755591.1|A/cattle/Texas/24-008749-003/2024(H5N1)	596	7200
NA|PP755591.1|A/cattle/Texas/24-008749-003/2024(H5N1)	597	7200
NA|PP755591.1|A/cattle/Texas/24-008749-003/2024(H5N1)	598	7078
NA|PP755591.1|A/cattle/Texas/24-008749-003/2024(H5N1)	599	7071
NA|PP755591.1|A/cattle/Texas/24-008749-003/2024(H5N1)	600	7066
NA|PP755591.1|A/cattle/Texas/24-008749-003/2024(H5N1)	601	7023
NA|PP755591.1|A/cattle/Texas/24-008749-003/2024(H5N1)	602	7006
NA|PP755591.1|A/cattle/Texas/24-008749-003/2024(H5N1)	603	6827
NA|PP755591.1|A/cattle/Texas/24-008749-003/2024(H5N1)	604	6765
NA|PP755591.1|A/cattle/Texas/24-008749-003/2024(H5N1)	605	6710
NA|PP755591.1|A/cattle/Texas/24-008749-003/2024(H5N1)	606	6495
NA|PP755591.1|A/cattle/Texas/24-008749-003/2024(H5N1)	607	7009
NA|PP755591.1|A/cattle/Texas/24-008749-003/2024(H5N1)	608	7017
NA|PP755591.1|A/cattle/Texas/24-008749-003/2024(H5N1)	609	7016
NA|PP755591.1|A/cattle/Texas/24-008749-003/2024(H5N1)	610	6657
NA|PP755591.1|A/cattle/Texas/24-008749-003/2024(H5N1)	611	6473
NA|PP755591.1|A/cattle/Texas/24-008749-003/2024(H5N1)	612	6392
NA|PP755591.1|A/cattle/Texas/24-008749-003/2024(H5N1)	613	6457
NA|PP755591.1|A/cattle/Texas/24-008749-003/2024(H5N1)	614	6464
NA|PP755591.1|A/cattle/Texas/24-008749-003/2024(H5N1)	615	6483
NA|PP755591.1|A/cattle/Texas/24-008749-003/2024(H5N1)	616	6504
NA|PP755591.1|A/cattle/Texas/24-008749-003/2024(H5N1)	617	6493
NA|PP755591.1|A/cattle/Texas/24-008749-003/2024(H5N1)	618	6480
NA|PP755591.1|A/cattle/Texas/24-008749-003/2024(H5N1)	619	6450
NA|PP755591.1|A/cattle/Texas/24-008749-003/2024(H5N1)	620	6309
NA|PP755591.1|A/cattle/Texas/24-008749-003/2024(H5N1)	621	6301
NA|PP755591.1|A/cattle/Texas/24-008749-003/2024(H5N1)	622	6218
NA|PP755591.1|A/cattle/Texas/24-008749-003/2024(H5N1)	623	6066
NA|PP755591.1|A/cattle/Texas/24-008749-003/2024(H5N1)	624	6072
NA|PP755591.1|A/cattle/Texas/24-008749-003/2024(H5N1)	625	5993
NA|PP755591.1|A/cattle/Texas/24-008749-003/2024(H5N1)	626	5995
NA|PP755591.1|A/cattle/Texas/24-008749-003/2024(H5N1)	627	5936
NA|PP755591.1|A/cattle/Texas/24-008749-003/2024(H5N1)	628	5853
NA|PP755591.1|A/cattle/Texas/24-008749-003/2024(H5N1)	629	5892
NA|PP755591.1|A/cattle/Texas/24-008749-003/2024(H5N1)	630	5818
NA|PP755591.1|A/cattle/Texas/24-008749-003/2024(H5N1)	631	5813
NA|PP755591.1|A/cattle/Texas/24-008749-003/2024(H5N1)	632	5860
NA|PP755591.1|A/cattle/Texas/24-008749-003/2024(H5N1)	633	5708
NA|PP755591.1|A/cattle/Texas/24-008749-003/2024(H5N1)	634	5716
NA|PP755591.1|A/cattle/Texas/24-008749-003/2024(H5N1)	635	5714
NA|PP755591.1|A/cattle/Texas/24-008749-003/2024(H5N1)	636	5663
NA|PP755591.1|A/cattle/Texas/24-008749-003/2024(H5N1)	637	5628
NA|PP755591.1|A/cattle/Texas/24-008749-003/2024(H5N1)	638	5551
NA|PP755591.1|A/cattle/Texas/24-008749-003/2024(H5N1)	639	5418
NA|PP755591.1|A/cattle/Texas/24-008749-003/2024(H5N1)	640	5459
NA|PP755591.1|A/cattle/Texas/24-008749-003/2024(H5N1)	641	5419
NA|PP755591.1|A/cattle/Texas/24-008749-003/2024(H5N1)	642	5395
NA|PP755591.1|A/cattle/Texas/24-008749-003/2024(H5N1)	643	5385
NA|PP755591.1|A/cattle/Texas/24-008749-003/2024(H5N1)	644	5328
NA|PP755591.1|A/cattle/Texas/24-008749-003/2024(H5N1)	645	5276
NA|PP755591.1|A/cattle/Texas/24-008749-003/2024(H5N1)	646	5267
NA|PP755591.1|A/cattle/Texas/24-008749-003/2024(H5N1)	647	5171
NA|PP755591.1|A/cattle/Texas/24-008749-003/2024(H5N1)	648	5102
NA|PP755591.1|A/cattle/Texas/24-008749-003/2024(H5N1)	649	5291
NA|PP755591.1|A/cattle/Texas/24-008749-003/2024(H5N1)	650	5227
NA|PP755591.1|A/cattle/Texas/24-008749-003/2024(H5N1)	651	5280
NA|PP755591.1|A/cattle/Texas/24-008749-003/2024(H5N1)	652	5253
NA|PP755591.1|A/cattle/Texas/24-008749-003/2024(H5N1)	653	5032
NA|PP755591.1|A/cattle/Texas/24-008749-003/2024(H5N1)	654	4814
NA|PP755591.1|A/cattle/Texas/24-008749-003/2024(H5N1)	655	4735
NA|PP755591.1|A/cattle/Texas/24-008749-003/2024(H5N1)	656	4667
NA|PP755591.1|A/cattle/Texas/24-008749-003/2024(H5N1)	657	4667
NA|PP755591.1|A/cattle/Texas/24-008749-003/2024(H5N1)	658	4604
NA|PP755591.1|A/cattle/Texas/24-008749-003/2024(H5N1)	659	4604
NA|PP755591.1|A/cattle/Texas/24-008749-003/2024(H5N1)	660	4491
NA|PP755591.1|A/cattle/Texas/24-008749-003/2024(H5N1)	661	4469
NA|PP755591.1|A/cattle/Texas/24-008749-003/2024(H5N1)	662	4087
NA|PP755591.1|A/cattle/Texas/24-008749-003/2024(H5N1)	663	3992
NA|PP755591.1|A/cattle/Texas/24-008749-003/2024(H5N1)	664	3988
NA|PP755591.1|A/cattle/Texas/24-008749-003/2024(H5N1)	665	3983
NA|PP755591.1|A/cattle/Texas/24-008749-003/2024(H5N1)	666	3979
NA|PP755591.1|A/cattle/Texas/24-008749-003/2024(H5N1)	667	3979
NA|PP755591.1|A/cattle/Texas/24-008749-003/2024(H5N1)	668	3942
NA|PP755591.1|A/cattle/Texas/24-008749-003/2024(H5N1)	669	3897
NA|PP755591.1|A/cattle/Texas/24-008749-003/2024(H5N1)	670	4385
NA|PP755591.1|A/cattle/Texas/24-008749-003/2024(H5N1)	671	4390
NA|PP755591.1|A/cattle/Texas/24-008749-003/2024(H5N1)	672	4396
NA|PP755591.1|A/cattle/Texas/24-008749-003/2024(H5N1)	673	4375
NA|PP755591.1|A/cattle/Texas/24-008749-003/2024(H5N1)	674	4374
NA|PP755591.1|A/cattle/Texas/24-008749-003/2024(H5N1)	675	4329
NA|PP755591.1|A/cattle/Texas/24-008749-003/2024(H5N1)	676	4217
NA|PP755591.1|A/cattle/Texas/24-008749-003/2024(H5N1)	677	4185
NA|PP755591.1|A/cattle/Texas/24-008749-003/2024(H5N1)	678	4107
NA|PP755591.1|A/cattle/Texas/24-008749-003/2024(H5N1)	679	4330
NA|PP755591.1|A/cattle/Texas/24-008749-003/2024(H5N1)	680	4328
NA|PP755591.1|A/cattle/Texas/24-008749-003/2024(H5N1)	681	4327
NA|PP755591.1|A/cattle/Texas/24-008749-003/2024(H5N1)	682	4301
NA|PP755591.1|A/cattle/Texas/24-008749-003/2024(H5N1)	683	4138
NA|PP755591.1|A/cattle/Texas/24-008749-003/2024(H5N1)	684	4132
NA|PP755591.1|A/cattle/Texas/24-008749-003/2024(H5N1)	685	4466
NA|PP755591.1|A/cattle/Texas/24-008749-003/2024(H5N1)	686	4366
NA|PP755591.1|A/cattle/Texas/24-008749-003/2024(H5N1)	687	4338
NA|PP755591.1|A/cattle/Texas/24-008749-003/2024(H5N1)	688	4331
NA|PP755591.1|A/cattle/Texas/24-008749-003/2024(H5N1)	689	4327
NA|PP755591.1|A/cattle/Texas/24-008749-003/2024(H5N1)	690	4302
NA|PP755591.1|A/cattle/Texas/24-008749-003/2024(H5N1)	691	4241
NA|PP755591.1|A/cattle/Texas/24-008749-003/2024(H5N1)	692	4110
NA|PP755591.1|A/cattle/Texas/24-008749-003/2024(H5N1)	693	3899
NA|PP755591.1|A/cattle/Texas/24-008749-003/2024(H5N1)	694	3894
NA|PP755591.1|A/cattle/Texas/24-008749-003/2024(H5N1)	695	3811
NA|PP755591.1|A/cattle/Texas/24-008749-003/2024(H5N1)	696	3082
NA|PP755591.1|A/cattle/Texas/24-008749-003/2024(H5N1)	697	3082
NA|PP755591.1|A/cattle/Texas/24-008749-003/2024(H5N1)	698	3082
NA|PP755591.1|A/cattle/Texas/24-008749-003/2024(H5N1)	699	3082
NA|PP755591.1|A/cattle/Texas/24-008749-003/2024(H5N1)	700	3082
NA|PP755591.1|A/cattle/Texas/24-008749-003/2024(H5N1)	701	3082
NA|PP755591.1|A/cattle/Texas/24-008749-003/2024(H5N1)	702	3082
NA|PP755591.1|A/cattle/Texas/24-008749-003/2024(H5N1)	703	3156
NA|PP755591.1|A/cattle/Texas/24-008749-003/2024(H5N1)	704	3163
NA|PP755591.1|A/cattle/Texas/24-008749-003/2024(H5N1)	705	3185
NA|PP755591.1|A/cattle/Texas/24-008749-003/2024(H5N1)	706	3214
NA|PP755591.1|A/cattle/Texas/24-008749-003/2024(H5N1)	707	3215
NA|PP755591.1|A/cattle/Texas/24-008749-003/2024(H5N1)	708	3213
NA|PP755591.1|A/cattle/Texas/24-008749-003/2024(H5N1)	709	3236
NA|PP755591.1|A/cattle/Texas/24-008749-003/2024(H5N1)	710	3238
NA|PP755591.1|A/cattle/Texas/24-008749-003/2024(H5N1)	711	3239
NA|PP755591.1|A/cattle/Texas/24-008749-003/2024(H5N1)	712	3274
NA|PP755591.1|A/cattle/Texas/24-008749-003/2024(H5N1)	713	3309
NA|PP755591.1|A/cattle/Texas/24-008749-003/2024(H5N1)	714	3332
NA|PP755591.1|A/cattle/Texas/24-008749-003/2024(H5N1)	715	3344
NA|PP755591.1|A/cattle/Texas/24-008749-003/2024(H5N1)	716	3362
NA|PP755591.1|A/cattle/Texas/24-008749-003/2024(H5N1)	717	3362
NA|PP755591.1|A/cattle/Texas/24-008749-003/2024(H5N1)	718	3438
NA|PP755591.1|A/cattle/Texas/24-008749-003/2024(H5N1)	719	3684
NA|PP755591.1|A/cattle/Texas/24-008749-003/2024(H5N1)	720	3703
NA|PP755591.1|A/cattle/Texas/24-008749-003/2024(H5N1)	721	3746
NA|PP755591.1|A/cattle/Texas/24-008749-003/2024(H5N1)	722	4520
NA|PP755591.1|A/cattle/Texas/24-008749-003/2024(H5N1)	723	4576
NA|PP755591.1|A/cattle/Texas/24-008749-003/2024(H5N1)	724	4587
NA|PP755591.1|A/cattle/Texas/24-008749-003/2024(H5N1)	725	4605
NA|PP755591.1|A/cattle/Texas/24-008749-003/2024(H5N1)	726	4624
NA|PP755591.1|A/cattle/Texas/24-008749-003/2024(H5N1)	727	4690
NA|PP755591.1|A/cattle/Texas/24-008749-003/2024(H5N1)	728	5055
NA|PP755591.1|A/cattle/Texas/24-008749-003/2024(H5N1)	729	5058
NA|PP755591.1|A/cattle/Texas/24-008749-003/2024(H5N1)	730	5076
NA|PP755591.1|A/cattle/Texas/24-008749-003/2024(H5N1)	731	5209
NA|PP755591.1|A/cattle/Texas/24-008749-003/2024(H5N1)	732	5204
NA|PP755591.1|A/cattle/Texas/24-008749-003/2024(H5N1)	733	5227
NA|PP755591.1|A/cattle/Texas/24-008749-003/2024(H5N1)	734	5233
NA|PP755591.1|A/cattle/Texas/24-008749-003/2024(H5N1)	735	5255
NA|PP755591.1|A/cattle/Texas/24-008749-003/2024(H5N1)	736	5332
NA|PP755591.1|A/cattle/Texas/24-008749-003/2024(H5N1)	737	5166
NA|PP755591.1|A/cattle/Texas/24-008749-003/2024(H5N1)	738	4577
NA|PP755591.1|A/cattle/Texas/24-008749-003/2024(H5N1)	739	4639
NA|PP755591.1|A/cattle/Texas/24-008749-003/2024(H5N1)	740	4862
NA|PP755591.1|A/cattle/Texas/24-008749-003/2024(H5N1)	741	4916
NA|PP755591.1|A/cattle/Texas/24-008749-003/2024(H5N1)	742	5079
NA|PP755591.1|A/cattle/Texas/24-008749-003/2024(H5N1)	743	5083
NA|PP755591.1|A/cattle/Texas/24-008749-003/2024(H5N1)	744	5091
NA|PP755591.1|A/cattle/Texas/24-008749-003/2024(H5N1)	745	5281
NA|PP755591.1|A/cattle/Texas/24-008749-003/2024(H5N1)	746	5307
NA|PP755591.1|A/cattle/Texas/24-008749-003/2024(H5N1)	747	5334
NA|PP755591.1|A/cattle/Texas/24-008749-003/2024(H5N1)	748	5338
NA|PP755591.1|A/cattle/Texas/24-008749-003/2024(H5N1)	749	5339
NA|PP755591.1|A/cattle/Texas/24-008749-003/2024(H5N1)	750	5351
NA|PP755591.1|A/cattle/Texas/24-008749-003/2024(H5N1)	751	5694
NA|PP755591.1|A/cattle/Texas/24-008749-003/2024(H5N1)	752	5783
NA|PP755591.1|A/cattle/Texas/24-008749-003/2024(H5N1)	753	5785
NA|PP755591.1|A/cattle/Texas/24-008749-003/2024(H5N1)	754	5628
NA|PP755591.1|A/cattle/Texas/24-008749-003/2024(H5N1)	755	5620
NA|PP755591.1|A/cattle/Texas/24-008749-003/2024(H5N1)	756	5620
NA|PP755591.1|A/cattle/Texas/24-008749-003/2024(H5N1)	757	5613
NA|PP755591.1|A/cattle/Texas/24-008749-003/2024(H5N1)	758	5610
NA|PP755591.1|A/cattle/Texas/24-008749-003/2024(H5N1)	759	5455
NA|PP755591.1|A/cattle/Texas/24-008749-003/2024(H5N1)	760	5455
NA|PP755591.1|A/cattle/Texas/24-008749-003/2024(H5N1)	761	5455
NA|PP755591.1|A/cattle/Texas/24-008749-003/2024(H5N1)	762	5455
NA|PP755591.1|A/cattle/Texas/24-008749-003/2024(H5N1)	763	5455
NA|PP755591.1|A/cattle/Texas/24-008749-003/2024(H5N1)	764	5455
NA|PP755591.1|A/cattle/Texas/24-008749-003/2024(H5N1)	765	4781
NA|PP755591.1|A/cattle/Texas/24-008749-003/2024(H5N1)	766	4781
NA|PP755591.1|A/cattle/Texas/24-008749-003/2024(H5N1)	767	4781
NA|PP755591.1|A/cattle/Texas/24-008749-003/2024(H5N1)	768	4781
NA|PP755591.1|A/cattle/Texas/24-008749-003/2024(H5N1)	769	4781
NA|PP755591.1|A/cattle/Texas/24-008749-003/2024(H5N1)	770	4781
NA|PP755591.1|A/cattle/Texas/24-008749-003/2024(H5N1)	771	4781
NA|PP755591.1|A/cattle/Texas/24-008749-003/2024(H5N1)	772	4810
NA|PP755591.1|A/cattle/Texas/24-008749-003/2024(H5N1)	773	4813
NA|PP755591.1|A/cattle/Texas/24-008749-003/2024(H5N1)	774	4834
NA|PP755591.1|A/cattle/Texas/24-008749-003/2024(H5N1)	775	4834
NA|PP755591.1|A/cattle/Texas/24-008749-003/2024(H5N1)	776	4832
NA|PP755591.1|A/cattle/Texas/24-008749-003/2024(H5N1)	777	1811
NA|PP755591.1|A/cattle/Texas/24-008749-003/2024(H5N1)	778	4841
NA|PP755591.1|A/cattle/Texas/24-008749-003/2024(H5N1)	779	4866
NA|PP755591.1|A/cattle/Texas/24-008749-003/2024(H5N1)	780	4894
NA|PP755591.1|A/cattle/Texas/24-008749-003/2024(H5N1)	781	4992
NA|PP755591.1|A/cattle/Texas/24-008749-003/2024(H5N1)	782	4994
NA|PP755591.1|A/cattle/Texas/24-008749-003/2024(H5N1)	783	4994
NA|PP755591.1|A/cattle/Texas/24-008749-003/2024(H5N1)	784	5014
NA|PP755591.1|A/cattle/Texas/24-008749-003/2024(H5N1)	785	5014
NA|PP755591.1|A/cattle/Texas/24-008749-003/2024(H5N1)	786	5014
NA|PP755591.1|A/cattle/Texas/24-008749-003/2024(H5N1)	787	5051
NA|PP755591.1|A/cattle/Texas/24-008749-003/2024(H5N1)	788	5053
NA|PP755591.1|A/cattle/Texas/24-008749-003/2024(H5N1)	789	5104
NA|PP755591.1|A/cattle/Texas/24-008749-003/2024(H5N1)	790	5698
NA|PP755591.1|A/cattle/Texas/24-008749-003/2024(H5N1)	791	5764
NA|PP755591.1|A/cattle/Texas/24-008749-003/2024(H5N1)	792	5774
NA|PP755591.1|A/cattle/Texas/24-008749-003/2024(H5N1)	793	5876
NA|PP755591.1|A/cattle/Texas/24-008749-003/2024(H5N1)	794	5945
NA|PP755591.1|A/cattle/Texas/24-008749-003/2024(H5N1)	795	5970
NA|PP755591.1|A/cattle/Texas/24-008749-003/2024(H5N1)	796	5982
NA|PP755591.1|A/cattle/Texas/24-008749-003/2024(H5N1)	797	6018
NA|PP755591.1|A/cattle/Texas/24-008749-003/2024(H5N1)	798	6018
NA|PP755591.1|A/cattle/Texas/24-008749-003/2024(H5N1)	799	6082
NA|PP755591.1|A/cattle/Texas/24-008749-003/2024(H5N1)	800	6105
NA|PP755591.1|A/cattle/Texas/24-008749-003/2024(H5N1)	801	6101
NA|PP755591.1|A/cattle/Texas/24-008749-003/2024(H5N1)	802	6051
NA|PP755591.1|A/cattle/Texas/24-008749-003/2024(H5N1)	803	6020
NA|PP755591.1|A/cattle/Texas/24-008749-003/2024(H5N1)	804	5625
NA|PP755591.1|A/cattle/Texas/24-008749-003/2024(H5N1)	805	5789
NA|PP755591.1|A/cattle/Texas/24-008749-003/2024(H5N1)	806	6313
NA|PP755591.1|A/cattle/Texas/24-008749-003/2024(H5N1)	807	6347
NA|PP755591.1|A/cattle/Texas/24-008749-003/2024(H5N1)	808	6391
NA|PP755591.1|A/cattle/Texas/24-008749-003/2024(H5N1)	809	6419
NA|PP755591.1|A/cattle/Texas/24-008749-003/2024(H5N1)	810	6421
NA|PP755591.1|A/cattle/Texas/24-008749-003/2024(H5N1)	811	6426
NA|PP755591.1|A/cattle/Texas/24-008749-003/2024(H5N1)	812	6558
NA|PP755591.1|A/cattle/Texas/24-008749-003/2024(H5N1)	813	6563
NA|PP755591.1|A/cattle/Texas/24-008749-003/2024(H5N1)	814	6570
NA|PP755591.1|A/cattle/Texas/24-008749-003/2024(H5N1)	815	6640
NA|PP755591.1|A/cattle/Texas/24-008749-003/2024(H5N1)	816	6644
NA|PP755591.1|A/cattle/Texas/24-008749-003/2024(H5N1)	817	6819
NA|PP755591.1|A/cattle/Texas/24-008749-003/2024(H5N1)	818	6856
NA|PP755591.1|A/cattle/Texas/24-008749-003/2024(H5N1)	819	6872
NA|PP755591.1|A/cattle/Texas/24-008749-003/2024(H5N1)	820	6840
NA|PP755591.1|A/cattle/Texas/24-008749-003/2024(H5N1)	821	6807
NA|PP755591.1|A/cattle/Texas/24-008749-003/2024(H5N1)	822	6877
NA|PP755591.1|A/cattle/Texas/24-008749-003/2024(H5N1)	823	6878
NA|PP755591.1|A/cattle/Texas/24-008749-003/2024(H5N1)	824	7164
NA|PP755591.1|A/cattle/Texas/24-008749-003/2024(H5N1)	825	7159
NA|PP755591.1|A/cattle/Texas/24-008749-003/2024(H5N1)	826	7135
NA|PP755591.1|A/cattle/Texas/24-008749-003/2024(H5N1)	827	7159
NA|PP755591.1|A/cattle/Texas/24-008749-003/2024(H5N1)	828	6863
NA|PP755591.1|A/cattle/Texas/24-008749-003/2024(H5N1)	829	6908
NA|PP755591.1|A/cattle/Texas/24-008749-003/2024(H5N1)	830	6908
NA|PP755591.1|A/cattle/Texas/24-008749-003/2024(H5N1)	831	6947
NA|PP755591.1|A/cattle/Texas/24-008749-003/2024(H5N1)	832	6978
NA|PP755591.1|A/cattle/Texas/24-008749-003/2024(H5N1)	833	7015
NA|PP755591.1|A/cattle/Texas/24-008749-003/2024(H5N1)	834	6909
NA|PP755591.1|A/cattle/Texas/24-008749-003/2024(H5N1)	835	6952
NA|PP755591.1|A/cattle/Texas/24-008749-003/2024(H5N1)	836	6983
NA|PP755591.1|A/cattle/Texas/24-008749-003/2024(H5N1)	837	6982
NA|PP755591.1|A/cattle/Texas/24-008749-003/2024(H5N1)	838	6981
NA|PP755591.1|A/cattle/Texas/24-008749-003/2024(H5N1)	839	6981
NA|PP755591.1|A/cattle/Texas/24-008749-003/2024(H5N1)	840	6942
NA|PP755591.1|A/cattle/Texas/24-008749-003/2024(H5N1)	841	6937
NA|PP755591.1|A/cattle/Texas/24-008749-003/2024(H5N1)	842	6937
NA|PP755591.1|A/cattle/Texas/24-008749-003/2024(H5N1)	843	6860
NA|PP755591.1|A/cattle/Texas/24-008749-003/2024(H5N1)	844	6859
NA|PP755591.1|A/cattle/Texas/24-008749-003/2024(H5N1)	845	6845
NA|PP755591.1|A/cattle/Texas/24-008749-003/2024(H5N1)	846	6828
NA|PP755591.1|A/cattle/Texas/24-008749-003/2024(H5N1)	847	6825
NA|PP755591.1|A/cattle/Texas/24-008749-003/2024(H5N1)	848	6660
NA|PP755591.1|A/cattle/Texas/24-008749-003/2024(H5N1)	849	6590
NA|PP755591.1|A/cattle/Texas/24-008749-003/2024(H5N1)	850	6589
NA|PP755591.1|A/cattle/Texas/24-008749-003/2024(H5N1)	851	6578
NA|PP755591.1|A/cattle/Texas/24-008749-003/2024(H5N1)	852	6570
NA|PP755591.1|A/cattle/Texas/24-008749-003/2024(H5N1)	853	6568
NA|PP755591.1|A/cattle/Texas/24-008749-003/2024(H5N1)	854	6480
NA|PP755591.1|A/cattle/Texas/24-008749-003/2024(H5N1)	855	1116
NA|PP755591.1|A/cattle/Texas/24-008749-003/2024(H5N1)	856	1088
NA|PP755591.1|A/cattle/Texas/24-008749-003/2024(H5N1)	857	1088
NA|PP755591.1|A/cattle/Texas/24-008749-003/2024(H5N1)	858	1088
NA|PP755591.1|A/cattle/Texas/24-008749-003/2024(H5N1)	859	1087
NA|PP755591.1|A/cattle/Texas/24-008749-003/2024(H5N1)	860	1087
NA|PP755591.1|A/cattle/Texas/24-008749-003/2024(H5N1)	861	1087
NA|PP755591.1|A/cattle/Texas/24-008749-003/2024(H5N1)	862	1087
NA|PP755591.1|A/cattle/Texas/24-008749-003/2024(H5N1)	863	1088
NA|PP755591.1|A/cattle/Texas/24-008749-003/2024(H5N1)	864	1089
NA|PP755591.1|A/cattle/Texas/24-008749-003/2024(H5N1)	865	2086
NA|PP755591.1|A/cattle/Texas/24-008749-003/2024(H5N1)	866	2093
NA|PP755591.1|A/cattle/Texas/24-008749-003/2024(H5N1)	867	2113
NA|PP755591.1|A/cattle/Texas/24-008749-003/2024(H5N1)	868	2131
NA|PP755591.1|A/cattle/Texas/24-008749-003/2024(H5N1)	869	2131
NA|PP755591.1|A/cattle/Texas/24-008749-003/2024(H5N1)	870	2131
NA|PP755591.1|A/cattle/Texas/24-008749-003/2024(H5N1)	871	2131
NA|PP755591.1|A/cattle/Texas/24-008749-003/2024(H5N1)	872	2131
NA|PP755591.1|A/cattle/Texas/24-008749-003/2024(H5N1)	873	2131
NA|PP755591.1|A/cattle/Texas/24-008749-003/2024(H5N1)	874	2131
NA|PP755591.1|A/cattle/Texas/24-008749-003/2024(H5N1)	875	2131
NA|PP755591.1|A/cattle/Texas/24-008749-003/2024(H5N1)	876	2131
NA|PP755591.1|A/cattle/Texas/24-008749-003/2024(H5N1)	877	2130
NA|PP755591.1|A/cattle/Texas/24-008749-003/2024(H5N1)	878	2130
NA|PP755591.1|A/cattle/Texas/24-008749-003/2024(H5N1)	879	2129
NA|PP755591.1|A/cattle/Texas/24-008749-003/2024(H5N1)	880	2129
NA|PP755591.1|A/cattle/Texas/24-008749-003/2024(H5N1)	881	2129
NA|PP755591.1|A/cattle/Texas/24-008749-003/2024(H5N1)	882	2129
NA|PP755591.1|A/cattle/Texas/24-008749-003/2024(H5N1)	883	2129
NA|PP755591.1|A/cattle/Texas/24-008749-003/2024(H5N1)	884	2137
NA|PP755591.1|A/cattle/Texas/24-008749-003/2024(H5N1)	885	2137
NA|PP755591.1|A/cattle/Texas/24-008749-003/2024(H5N1)	886	2181
NA|PP755591.1|A/cattle/Texas/24-008749-003/2024(H5N1)	887	2200
NA|PP755591.1|A/cattle/Texas/24-008749-003/2024(H5N1)	888	2222
NA|PP755591.1|A/cattle/Texas/24-008749-003/2024(H5N1)	889	2222
NA|PP755591.1|A/cattle/Texas/24-008749-003/2024(H5N1)	890	2222
NA|PP755591.1|A/cattle/Texas/24-008749-003/2024(H5N1)	891	2222
NA|PP755591.1|A/cattle/Texas/24-008749-003/2024(H5N1)	892	2229
NA|PP755591.1|A/cattle/Texas/24-008749-003/2024(H5N1)	893	2231
NA|PP755591.1|A/cattle/Texas/24-008749-003/2024(H5N1)	894	2231
NA|PP755591.1|A/cattle/Texas/24-008749-003/2024(H5N1)	895	2231
NA|PP755591.1|A/cattle/Texas/24-008749-003/2024(H5N1)	896	2231
NA|PP755591.1|A/cattle/Texas/24-008749-003/2024(H5N1)	897	2231
NA|PP755591.1|A/cattle/Texas/24-008749-003/2024(H5N1)	898	2245
NA|PP755591.1|A/cattle/Texas/24-008749-003/2024(H5N1)	899	2245
NA|PP755591.1|A/cattle/Texas/24-008749-003/2024(H5N1)	900	2245
NA|PP755591.1|A/cattle/Texas/24-008749-003/2024(H5N1)	901	2245
NA|PP755591.1|A/cattle/Texas/24-008749-003/2024(H5N1)	902	2244
NA|PP755591.1|A/cattle/Texas/24-008749-003/2024(H5N1)	903	2244
NA|PP755591.1|A/cattle/Texas/24-008749-003/2024(H5N1)	904	2244
NA|PP755591.1|A/cattle/Texas/24-008749-003/2024(H5N1)	905	2244
NA|PP755591.1|A/cattle/Texas/24-008749-003/2024(H5N1)	906	2244
NA|PP755591.1|A/cattle/Texas/24-008749-003/2024(H5N1)	907	2311
NA|PP755591.1|A/cattle/Texas/24-008749-003/2024(H5N1)	908	2324
NA|PP755591.1|A/cattle/Texas/24-008749-003/2024(H5N1)	909	2324
NA|PP755591.1|A/cattle/Texas/24-008749-003/2024(H5N1)	910	2324
NA|PP755591.1|A/cattle/Texas/24-008749-003/2024(H5N1)	911	2324
NA|PP755591.1|A/cattle/Texas/24-008749-003/2024(H5N1)	912	2324
NA|PP755591.1|A/cattle/Texas/24-008749-003/2024(H5N1)	913	2335
NA|PP755591.1|A/cattle/Texas/24-008749-003/2024(H5N1)	914	2335
NA|PP755591.1|A/cattle/Texas/24-008749-003/2024(H5N1)	915	2335
NA|PP755591.1|A/cattle/Texas/24-008749-003/2024(H5N1)	916	2336
NA|PP755591.1|A/cattle/Texas/24-008749-003/2024(H5N1)	917	2544
NA|PP755591.1|A/cattle/Texas/24-008749-003/2024(H5N1)	918	2548
NA|PP755591.1|A/cattle/Texas/24-008749-003/2024(H5N1)	919	4344
NA|PP755591.1|A/cattle/Texas/24-008749-003/2024(H5N1)	920	4385
NA|PP755591.1|A/cattle/Texas/24-008749-003/2024(H5N1)	921	4387
NA|PP755591.1|A/cattle/Texas/24-008749-003/2024(H5N1)	922	4387
NA|PP755591.1|A/cattle/Texas/24-008749-003/2024(H5N1)	923	4389
NA|PP755591.1|A/cattle/Texas/24-008749-003/2024(H5N1)	924	4401
NA|PP755591.1|A/cattle/Texas/24-008749-003/2024(H5N1)	925	4448
NA|PP755591.1|A/cattle/Texas/24-008749-003/2024(H5N1)	926	4528
NA|PP755591.1|A/cattle/Texas/24-008749-003/2024(H5N1)	927	4528
NA|PP755591.1|A/cattle/Texas/24-008749-003/2024(H5N1)	928	4532
NA|PP755591.1|A/cattle/Texas/24-008749-003/2024(H5N1)	929	4533
NA|PP755591.1|A/cattle/Texas/24-008749-003/2024(H5N1)	930	4535
NA|PP755591.1|A/cattle/Texas/24-008749-003/2024(H5N1)	931	4541
NA|PP755591.1|A/cattle/Texas/24-008749-003/2024(H5N1)	932	4542
NA|PP755591.1|A/cattle/Texas/24-008749-003/2024(H5N1)	933	4542
NA|PP755591.1|A/cattle/Texas/24-008749-003/2024(H5N1)	934	4545
NA|PP755591.1|A/cattle/Texas/24-008749-003/2024(H5N1)	935	4664
NA|PP755591.1|A/cattle/Texas/24-008749-003/2024(H5N1)	936	4673
NA|PP755591.1|A/cattle/Texas/24-008749-003/2024(H5N1)	937	4673
NA|PP755591.1|A/cattle/Texas/24-008749-003/2024(H5N1)	938	4673
NA|PP755591.1|A/cattle/Texas/24-008749-003/2024(H5N1)	939	4673
NA|PP755591.1|A/cattle/Texas/24-008749-003/2024(H5N1)	940	4672
NA|PP755591.1|A/cattle/Texas/24-008749-003/2024(H5N1)	941	4672
NA|PP755591.1|A/cattle/Texas/24-008749-003/2024(H5N1)	942	4668
NA|PP755591.1|A/cattle/Texas/24-008749-003/2024(H5N1)	943	4666
NA|PP755591.1|A/cattle/Texas/24-008749-003/2024(H5N1)	944	4660
NA|PP755591.1|A/cattle/Texas/24-008749-003/2024(H5N1)	945	4603
NA|PP755591.1|A/cattle/Texas/24-008749-003/2024(H5N1)	946	4602
NA|PP755591.1|A/cattle/Texas/24-008749-003/2024(H5N1)	947	4602
NA|PP755591.1|A/cattle/Texas/24-008749-003/2024(H5N1)	948	4571
NA|PP755591.1|A/cattle/Texas/24-008749-003/2024(H5N1)	949	4571
NA|PP755591.1|A/cattle/Texas/24-008749-003/2024(H5N1)	950	4572
NA|PP755591.1|A/cattle/Texas/24-008749-003/2024(H5N1)	951	4572
NA|PP755591.1|A/cattle/Texas/24-008749-003/2024(H5N1)	952	4556
NA|PP755591.1|A/cattle/Texas/24-008749-003/2024(H5N1)	953	4502
NA|PP755591.1|A/cattle/Texas/24-008749-003/2024(H5N1)	954	4414
NA|PP755591.1|A/cattle/Texas/24-008749-003/2024(H5N1)	955	4411
NA|PP755591.1|A/cattle/Texas/24-008749-003/2024(H5N1)	956	4409
NA|PP755591.1|A/cattle/Texas/24-008749-003/2024(H5N1)	957	3120
NA|PP755591.1|A/cattle/Texas/24-008749-003/2024(H5N1)	958	3120
NA|PP755591.1|A/cattle/Texas/24-008749-003/2024(H5N1)	959	3119
NA|PP755591.1|A/cattle/Texas/24-008749-003/2024(H5N1)	960	3116
NA|PP755591.1|A/cattle/Texas/24-008749-003/2024(H5N1)	961	3116
NA|PP755591.1|A/cattle/Texas/24-008749-003/2024(H5N1)	962	3116
NA|PP755591.1|A/cattle/Texas/24-008749-003/2024(H5N1)	963	3116
NA|PP755591.1|A/cattle/Texas/24-008749-003/2024(H5N1)	964	3116
NA|PP755591.1|A/cattle/Texas/24-008749-003/2024(H5N1)	965	3116
NA|PP755591.1|A/cattle/Texas/24-008749-003/2024(H5N1)	966	3116
NA|PP755591.1|A/cattle/Texas/24-008749-003/2024(H5N1)	967	3116
NA|PP755591.1|A/cattle/Texas/24-008749-003/2024(H5N1)	968	3116
NA|PP755591.1|A/cattle/Texas/24-008749-003/2024(H5N1)	969	3116
NA|PP755591.1|A/cattle/Texas/24-008749-003/2024(H5N1)	970	3123
NA|PP755591.1|A/cattle/Texas/24-008749-003/2024(H5N1)	971	3123
NA|PP755591.1|A/cattle/Texas/24-008749-003/2024(H5N1)	972	3123
NA|PP755591.1|A/cattle/Texas/24-008749-003/2024(H5N1)	973	3123
NA|PP755591.1|A/cattle/Texas/24-008749-003/2024(H5N1)	974	3123
NA|PP755591.1|A/cattle/Texas/24-008749-003/2024(H5N1)	975	3121
NA|PP755591.1|A/cattle/Texas/24-008749-003/2024(H5N1)	976	3129
NA|PP755591.1|A/cattle/Texas/24-008749-003/2024(H5N1)	977	3147
NA|PP755591.1|A/cattle/Texas/24-008749-003/2024(H5N1)	978	3147
NA|PP755591.1|A/cattle/Texas/24-008749-003/2024(H5N1)	979	3185
NA|PP755591.1|A/cattle/Texas/24-008749-003/2024(H5N1)	980	3185
NA|PP755591.1|A/cattle/Texas/24-008749-003/2024(H5N1)	981	3339
NA|PP755591.1|A/cattle/Texas/24-008749-003/2024(H5N1)	982	3342
NA|PP755591.1|A/cattle/Texas/24-008749-003/2024(H5N1)	983	3359
NA|PP755591.1|A/cattle/Texas/24-008749-003/2024(H5N1)	984	3370
NA|PP755591.1|A/cattle/Texas/24-008749-003/2024(H5N1)	985	3371
NA|PP755591.1|A/cattle/Texas/24-008749-003/2024(H5N1)	986	3643
NA|PP755591.1|A/cattle/Texas/24-008749-003/2024(H5N1)	987	6254
NA|PP755591.1|A/cattle/Texas/24-008749-003/2024(H5N1)	988	6267
NA|PP755591.1|A/cattle/Texas/24-008749-003/2024(H5N1)	989	6285
NA|PP755591.1|A/cattle/Texas/24-008749-003/2024(H5N1)	990	6297
NA|PP755591.1|A/cattle/Texas/24-008749-003/2024(H5N1)	991	6331
NA|PP755591.1|A/cattle/Texas/24-008749-003/2024(H5N1)	992	6397
NA|PP755591.1|A/cattle/Texas/24-008749-003/2024(H5N1)	993	6425
NA|PP755591.1|A/cattle/Texas/24-008749-003/2024(H5N1)	994	6427
NA|PP755591.1|A/cattle/Texas/24-008749-003/2024(H5N1)	995	6427
NA|PP755591.1|A/cattle/Texas/24-008749-003/2024(H5N1)	996	6531
NA|PP755591.1|A/cattle/Texas/24-008749-003/2024(H5N1)	997	6588
NA|PP755591.1|A/cattle/Texas/24-008749-003/2024(H5N1)	998	6635
NA|PP755591.1|A/cattle/Texas/24-008749-003/2024(H5N1)	999	6771
NA|PP755591.1|A/cattle/Texas/24-008749-003/2024(H5N1)	1000	6771
NA|PP755591.1|A/cattle/Texas/24-008749-003/2024(H5N1)	1001	6772
NA|PP755591.1|A/cattle/Texas/24-008749-003/2024(H5N1)	1002	6774
NA|PP755591.1|A/cattle/Texas/24-008749-003/2024(H5N1)	1003	6772
NA|PP755591.1|A/cattle/Texas/24-008749-003/2024(H5N1)	1004	6773
NA|PP755591.1|A/cattle/Texas/24-008749-003/2024(H5N1)	1005	5938
NA|PP755591.1|A/cattle/Texas/24-008749-003/2024(H5N1)	1006	5938
NA|PP755591.1|A/cattle/Texas/24-008749-003/2024(H5N1)	1007	6081
NA|PP755591.1|A/cattle/Texas/24-008749-003/2024(H5N1)	1008	6102
NA|PP755591.1|A/cattle/Texas/24-008749-003/2024(H5N1)	1009	6148
NA|PP755591.1|A/cattle/Texas/24-008749-003/2024(H5N1)	1010	6148
NA|PP755591.1|A/cattle/Texas/24-008749-003/2024(H5N1)	1011	6149
NA|PP755591.1|A/cattle/Texas/24-008749-003/2024(H5N1)	1012	6149
NA|PP755591.1|A/cattle/Texas/24-008749-003/2024(H5N1)	1013	6171
NA|PP755591.1|A/cattle/Texas/24-008749-003/2024(H5N1)	1014	6315
NA|PP755591.1|A/cattle/Texas/24-008749-003/2024(H5N1)	1015	6325
NA|PP755591.1|A/cattle/Texas/24-008749-003/2024(H5N1)	1016	7129
NA|PP755591.1|A/cattle/Texas/24-008749-003/2024(H5N1)	1017	7145
NA|PP755591.1|A/cattle/Texas/24-008749-003/2024(H5N1)	1018	7147
NA|PP755591.1|A/cattle/Texas/24-008749-003/2024(H5N1)	1019	7192
NA|PP755591.1|A/cattle/Texas/24-008749-003/2024(H5N1)	1020	7193
NA|PP755591.1|A/cattle/Texas/24-008749-003/2024(H5N1)	1021	7217
NA|PP755591.1|A/cattle/Texas/24-008749-003/2024(H5N1)	1022	7220
NA|PP755591.1|A/cattle/Texas/24-008749-003/2024(H5N1)	1023	7221
NA|PP755591.1|A/cattle/Texas/24-008749-003/2024(H5N1)	1024	7223
NA|PP755591.1|A/cattle/Texas/24-008749-003/2024(H5N1)	1025	7223
NA|PP755591.1|A/cattle/Texas/24-008749-003/2024(H5N1)	1026	7169
NA|PP755591.1|A/cattle/Texas/24-008749-003/2024(H5N1)	1027	7169
NA|PP755591.1|A/cattle/Texas/24-008749-003/2024(H5N1)	1028	7051
NA|PP755591.1|A/cattle/Texas/24-008749-003/2024(H5N1)	1029	7050
NA|PP755591.1|A/cattle/Texas/24-008749-003/2024(H5N1)	1030	7038
NA|PP755591.1|A/cattle/Texas/24-008749-003/2024(H5N1)	1031	7014
NA|PP755591.1|A/cattle/Texas/24-008749-003/2024(H5N1)	1032	7010
NA|PP755591.1|A/cattle/Texas/24-008749-003/2024(H5N1)	1033	6982
NA|PP755591.1|A/cattle/Texas/24-008749-003/2024(H5N1)	1034	6973
NA|PP755591.1|A/cattle/Texas/24-008749-003/2024(H5N1)	1035	6057
NA|PP755591.1|A/cattle/Texas/24-008749-003/2024(H5N1)	1036	6049
NA|PP755591.1|A/cattle/Texas/24-008749-003/2024(H5N1)	1037	6003
NA|PP755591.1|A/cattle/Texas/24-008749-003/2024(H5N1)	1038	5971
NA|PP755591.1|A/cattle/Texas/24-008749-003/2024(H5N1)	1039	5971
NA|PP755591.1|A/cattle/Texas/24-008749-003/2024(H5N1)	1040	5971
NA|PP755591.1|A/cattle/Texas/24-008749-003/2024(H5N1)	1041	5971
NA|PP755591.1|A/cattle/Texas/24-008749-003/2024(H5N1)	1042	5971
NA|PP755591.1|A/cattle/Texas/24-008749-003/2024(H5N1)	1043	5971
NA|PP755591.1|A/cattle/Texas/24-008749-003/2024(H5N1)	1044	5971
NA|PP755591.1|A/cattle/Texas/24-008749-003/2024(H5N1)	1045	6523
NA|PP755591.1|A/cattle/Texas/24-008749-003/2024(H5N1)	1046	6523
NA|PP755591.1|A/cattle/Texas/24-008749-003/2024(H5N1)	1047	6528
NA|PP755591.1|A/cattle/Texas/24-008749-003/2024(H5N1)	1048	6528
NA|PP755591.1|A/cattle/Texas/24-008749-003/2024(H5N1)	1049	6553
NA|PP755591.1|A/cattle/Texas/24-008749-003/2024(H5N1)	1050	6557
NA|PP755591.1|A/cattle/Texas/24-008749-003/2024(H5N1)	1051	6553
NA|PP755591.1|A/cattle/Texas/24-008749-003/2024(H5N1)	1052	6546
NA|PP755591.1|A/cattle/Texas/24-008749-003/2024(H5N1)	1053	6328
NA|PP755591.1|A/cattle/Texas/24-008749-003/2024(H5N1)	1054	6321
NA|PP755591.1|A/cattle/Texas/24-008749-003/2024(H5N1)	1055	6302
NA|PP755591.1|A/cattle/Texas/24-008749-003/2024(H5N1)	1056	6296
NA|PP755591.1|A/cattle/Texas/24-008749-003/2024(H5N1)	1057	6778
NA|PP755591.1|A/cattle/Texas/24-008749-003/2024(H5N1)	1058	6717
NA|PP755591.1|A/cattle/Texas/24-008749-003/2024(H5N1)	1059	6962
NA|PP755591.1|A/cattle/Texas/24-008749-003/2024(H5N1)	1060	6952
NA|PP755591.1|A/cattle/Texas/24-008749-003/2024(H5N1)	1061	6987
NA|PP755591.1|A/cattle/Texas/24-008749-003/2024(H5N1)	1062	6993
NA|PP755591.1|A/cattle/Texas/24-008749-003/2024(H5N1)	1063	6971
NA|PP755591.1|A/cattle/Texas/24-008749-003/2024(H5N1)	1064	6970
NA|PP755591.1|A/cattle/Texas/24-008749-003/2024(H5N1)	1065	6929
NA|PP755591.1|A/cattle/Texas/24-008749-003/2024(H5N1)	1066	6928
NA|PP755591.1|A/cattle/Texas/24-008749-003/2024(H5N1)	1067	6927
NA|PP755591.1|A/cattle/Texas/24-008749-003/2024(H5N1)	1068	6666
NA|PP755591.1|A/cattle/Texas/24-008749-003/2024(H5N1)	1069	6727
NA|PP755591.1|A/cattle/Texas/24-008749-003/2024(H5N1)	1070	6575
NA|PP755591.1|A/cattle/Texas/24-008749-003/2024(H5N1)	1071	6545
NA|PP755591.1|A/cattle/Texas/24-008749-003/2024(H5N1)	1072	6543
NA|PP755591.1|A/cattle/Texas/24-008749-003/2024(H5N1)	1073	6543
NA|PP755591.1|A/cattle/Texas/24-008749-003/2024(H5N1)	1074	6541
NA|PP755591.1|A/cattle/Texas/24-008749-003/2024(H5N1)	1075	6526
NA|PP755591.1|A/cattle/Texas/24-008749-003/2024(H5N1)	1076	6472
NA|PP755591.1|A/cattle/Texas/24-008749-003/2024(H5N1)	1077	6366
NA|PP755591.1|A/cattle/Texas/24-008749-003/2024(H5N1)	1078	6357
NA|PP755591.1|A/cattle/Texas/24-008749-003/2024(H5N1)	1079	6350
NA|PP755591.1|A/cattle/Texas/24-008749-003/2024(H5N1)	1080	6349
NA|PP755591.1|A/cattle/Texas/24-008749-003/2024(H5N1)	1081	6340
NA|PP755591.1|A/cattle/Texas/24-008749-003/2024(H5N1)	1082	6302
NA|PP755591.1|A/cattle/Texas/24-008749-003/2024(H5N1)	1083	6262
NA|PP755591.1|A/cattle/Texas/24-008749-003/2024(H5N1)	1084	6224
NA|PP755591.1|A/cattle/Texas/24-008749-003/2024(H5N1)	1085	6108
NA|PP755591.1|A/cattle/Texas/24-008749-003/2024(H5N1)	1086	6088
NA|PP755591.1|A/cattle/Texas/24-008749-003/2024(H5N1)	1087	6079
NA|PP755591.1|A/cattle/Texas/24-008749-003/2024(H5N1)	1088	6034
NA|PP755591.1|A/cattle/Texas/24-008749-003/2024(H5N1)	1089	6015
NA|PP755591.1|A/cattle/Texas/24-008749-003/2024(H5N1)	1090	6010
NA|PP755591.1|A/cattle/Texas/24-008749-003/2024(H5N1)	1091	5994
NA|PP755591.1|A/cattle/Texas/24-008749-003/2024(H5N1)	1092	5916
NA|PP755591.1|A/cattle/Texas/24-008749-003/2024(H5N1)	1093	5888
NA|PP755591.1|A/cattle/Texas/24-008749-003/2024(H5N1)	1094	5361
NA|PP755591.1|A/cattle/Texas/24-008749-003/2024(H5N1)	1095	5350
NA|PP755591.1|A/cattle/Texas/24-008749-003/2024(H5N1)	1096	5343
NA|PP755591.1|A/cattle/Texas/24-008749-003/2024(H5N1)	1097	5324
NA|PP755591.1|A/cattle/Texas/24-008749-003/2024(H5N1)	1098	4256
NA|PP755591.1|A/cattle/Texas/24-008749-003/2024(H5N1)	1099	4253
NA|PP755591.1|A/cattle/Texas/24-008749-003/2024(H5N1)	1100	4141
NA|PP755591.1|A/cattle/Texas/24-008749-003/2024(H5N1)	1101	4135
NA|PP755591.1|A/cattle/Texas/24-008749-003/2024(H5N1)	1102	4135
NA|PP755591.1|A/cattle/Texas/24-008749-003/2024(H5N1)	1103	4135
NA|PP755591.1|A/cattle/Texas/24-008749-003/2024(H5N1)	1104	4130
NA|PP755591.1|A/cattle/Texas/24-008749-003/2024(H5N1)	1105	4131
NA|PP755591.1|A/cattle/Texas/24-008749-003/2024(H5N1)	1106	4131
NA|PP755591.1|A/cattle/Texas/24-008749-003/2024(H5N1)	1107	4131
NA|PP755591.1|A/cattle/Texas/24-008749-003/2024(H5N1)	1108	4131
NA|PP755591.1|A/cattle/Texas/24-008749-003/2024(H5N1)	1109	4132
NA|PP755591.1|A/cattle/Texas/24-008749-003/2024(H5N1)	1110	4133
NA|PP755591.1|A/cattle/Texas/24-008749-003/2024(H5N1)	1111	5322
NA|PP755591.1|A/cattle/Texas/24-008749-003/2024(H5N1)	1112	5345
NA|PP755591.1|A/cattle/Texas/24-008749-003/2024(H5N1)	1113	5356
NA|PP755591.1|A/cattle/Texas/24-008749-003/2024(H5N1)	1114	5378
NA|PP755591.1|A/cattle/Texas/24-008749-003/2024(H5N1)	1115	5411
NA|PP755591.1|A/cattle/Texas/24-008749-003/2024(H5N1)	1116	5422
NA|PP755591.1|A/cattle/Texas/24-008749-003/2024(H5N1)	1117	5436
NA|PP755591.1|A/cattle/Texas/24-008749-003/2024(H5N1)	1118	5436
NA|PP755591.1|A/cattle/Texas/24-008749-003/2024(H5N1)	1119	5404
NA|PP755591.1|A/cattle/Texas/24-008749-003/2024(H5N1)	1120	5397
NA|PP755591.1|A/cattle/Texas/24-008749-003/2024(H5N1)	1121	5390
NA|PP755591.1|A/cattle/Texas/24-008749-003/2024(H5N1)	1122	5335
NA|PP755591.1|A/cattle/Texas/24-008749-003/2024(H5N1)	1123	5601
NA|PP755591.1|A/cattle/Texas/24-008749-003/2024(H5N1)	1124	5608
NA|PP755591.1|A/cattle/Texas/24-008749-003/2024(H5N1)	1125	5613
NA|PP755591.1|A/cattle/Texas/24-008749-003/2024(H5N1)	1126	5598
NA|PP755591.1|A/cattle/Texas/24-008749-003/2024(H5N1)	1127	5592
NA|PP755591.1|A/cattle/Texas/24-008749-003/2024(H5N1)	1128	5484
NA|PP755591.1|A/cattle/Texas/24-008749-003/2024(H5N1)	1129	5463
NA|PP755591.1|A/cattle/Texas/24-008749-003/2024(H5N1)	1130	5310
NA|PP755591.1|A/cattle/Texas/24-008749-003/2024(H5N1)	1131	5303
NA|PP755591.1|A/cattle/Texas/24-008749-003/2024(H5N1)	1132	5645
NA|PP755591.1|A/cattle/Texas/24-008749-003/2024(H5N1)	1133	5651
NA|PP755591.1|A/cattle/Texas/24-008749-003/2024(H5N1)	1134	5645
NA|PP755591.1|A/cattle/Texas/24-008749-003/2024(H5N1)	1135	5642
NA|PP755591.1|A/cattle/Texas/24-008749-003/2024(H5N1)	1136	5610
NA|PP755591.1|A/cattle/Texas/24-008749-003/2024(H5N1)	1137	5487
NA|PP755591.1|A/cattle/Texas/24-008749-003/2024(H5N1)	1138	5301
NA|PP755591.1|A/cattle/Texas/24-008749-003/2024(H5N1)	1139	5291
NA|PP755591.1|A/cattle/Texas/24-008749-003/2024(H5N1)	1140	5282
NA|PP755591.1|A/cattle/Texas/24-008749-003/2024(H5N1)	1141	5276
NA|PP755591.1|A/cattle/Texas/24-008749-003/2024(H5N1)	1142	5187
NA|PP755591.1|A/cattle/Texas/24-008749-003/2024(H5N1)	1143	5153
NA|PP755591.1|A/cattle/Texas/24-008749-003/2024(H5N1)	1144	5138
NA|PP755591.1|A/cattle/Texas/24-008749-003/2024(H5N1)	1145	5103
NA|PP755591.1|A/cattle/Texas/24-008749-003/2024(H5N1)	1146	5102
NA|PP755591.1|A/cattle/Texas/24-008749-003/2024(H5N1)	1147	5005
NA|PP755591.1|A/cattle/Texas/24-008749-003/2024(H5N1)	1148	4949
NA|PP755591.1|A/cattle/Texas/24-008749-003/2024(H5N1)	1149	4806
NA|PP755591.1|A/cattle/Texas/24-008749-003/2024(H5N1)	1150	4772
NA|PP755591.1|A/cattle/Texas/24-008749-003/2024(H5N1)	1151	4759
NA|PP755591.1|A/cattle/Texas/24-008749-003/2024(H5N1)	1152	4520
NA|PP755591.1|A/cattle/Texas/24-008749-003/2024(H5N1)	1153	4350
NA|PP755591.1|A/cattle/Texas/24-008749-003/2024(H5N1)	1154	4350
NA|PP755591.1|A/cattle/Texas/24-008749-003/2024(H5N1)	1155	4300
NA|PP755591.1|A/cattle/Texas/24-008749-003/2024(H5N1)	1156	4294
NA|PP755591.1|A/cattle/Texas/24-008749-003/2024(H5N1)	1157	4244
NA|PP755591.1|A/cattle/Texas/24-008749-003/2024(H5N1)	1158	4095
NA|PP755591.1|A/cattle/Texas/24-008749-003/2024(H5N1)	1159	4089
NA|PP755591.1|A/cattle/Texas/24-008749-003/2024(H5N1)	1160	4045
NA|PP755591.1|A/cattle/Texas/24-008749-003/2024(H5N1)	1161	3734
NA|PP755591.1|A/cattle/Texas/24-008749-003/2024(H5N1)	1162	3717
NA|PP755591.1|A/cattle/Texas/24-008749-003/2024(H5N1)	1163	3435
NA|PP755591.1|A/cattle/Texas/24-008749-003/2024(H5N1)	1164	3423
NA|PP755591.1|A/cattle/Texas/24-008749-003/2024(H5N1)	1165	3423
NA|PP755591.1|A/cattle/Texas/24-008749-003/2024(H5N1)	1166	3423
NA|PP755591.1|A/cattle/Texas/24-008749-003/2024(H5N1)	1167	3414
NA|PP755591.1|A/cattle/Texas/24-008749-003/2024(H5N1)	1168	3987
NA|PP755591.1|A/cattle/Texas/24-008749-003/2024(H5N1)	1169	3991
NA|PP755591.1|A/cattle/Texas/24-008749-003/2024(H5N1)	1170	4023
NA|PP755591.1|A/cattle/Texas/24-008749-003/2024(H5N1)	1171	4037
NA|PP755591.1|A/cattle/Texas/24-008749-003/2024(H5N1)	1172	4037
NA|PP755591.1|A/cattle/Texas/24-008749-003/2024(H5N1)	1173	4037
NA|PP755591.1|A/cattle/Texas/24-008749-003/2024(H5N1)	1174	4037
NA|PP755591.1|A/cattle/Texas/24-008749-003/2024(H5N1)	1175	4038
NA|PP755591.1|A/cattle/Texas/24-008749-003/2024(H5N1)	1176	4038
NA|PP755591.1|A/cattle/Texas/24-008749-003/2024(H5N1)	1177	4218
NA|PP755591.1|A/cattle/Texas/24-008749-003/2024(H5N1)	1178	4226
NA|PP755591.1|A/cattle/Texas/24-008749-003/2024(H5N1)	1179	4227
NA|PP755591.1|A/cattle/Texas/24-008749-003/2024(H5N1)	1180	4227
NA|PP755591.1|A/cattle/Texas/24-008749-003/2024(H5N1)	1181	4227
NA|PP755591.1|A/cattle/Texas/24-008749-003/2024(H5N1)	1182	4186
NA|PP755591.1|A/cattle/Texas/24-008749-003/2024(H5N1)	1183	4185
NA|PP755591.1|A/cattle/Texas/24-008749-003/2024(H5N1)	1184	4056
NA|PP755591.1|A/cattle/Texas/24-008749-003/2024(H5N1)	1185	4115
NA|PP755591.1|A/cattle/Texas/24-008749-003/2024(H5N1)	1186	4207
NA|PP755591.1|A/cattle/Texas/24-008749-003/2024(H5N1)	1187	4219
NA|PP755591.1|A/cattle/Texas/24-008749-003/2024(H5N1)	1188	4219
NA|PP755591.1|A/cattle/Texas/24-008749-003/2024(H5N1)	1189	4219
NA|PP755591.1|A/cattle/Texas/24-008749-003/2024(H5N1)	1190	4217
NA|PP755591.1|A/cattle/Texas/24-008749-003/2024(H5N1)	1191	4052
NA|PP755591.1|A/cattle/Texas/24-008749-003/2024(H5N1)	1192	4093
NA|PP755591.1|A/cattle/Texas/24-008749-003/2024(H5N1)	1193	4094
NA|PP755591.1|A/cattle/Texas/24-008749-003/2024(H5N1)	1194	4103
NA|PP755591.1|A/cattle/Texas/24-008749-003/2024(H5N1)	1195	4108
NA|PP755591.1|A/cattle/Texas/24-008749-003/2024(H5N1)	1196	4481
NA|PP755591.1|A/cattle/Texas/24-008749-003/2024(H5N1)	1197	4488
NA|PP755591.1|A/cattle/Texas/24-008749-003/2024(H5N1)	1198	4504
NA|PP755591.1|A/cattle/Texas/24-008749-003/2024(H5N1)	1199	4498
NA|PP755591.1|A/cattle/Texas/24-008749-003/2024(H5N1)	1200	4480
NA|PP755591.1|A/cattle/Texas/24-008749-003/2024(H5N1)	1201	4634
NA|PP755591.1|A/cattle/Texas/24-008749-003/2024(H5N1)	1202	4648
NA|PP755591.1|A/cattle/Texas/24-008749-003/2024(H5N1)	1203	4642
NA|PP755591.1|A/cattle/Texas/24-008749-003/2024(H5N1)	1204	4640
NA|PP755591.1|A/cattle/Texas/24-008749-003/2024(H5N1)	1205	4147
NA|PP755591.1|A/cattle/Texas/24-008749-003/2024(H5N1)	1206	4146
NA|PP755591.1|A/cattle/Texas/24-008749-003/2024(H5N1)	1207	4133
NA|PP755591.1|A/cattle/Texas/24-008749-003/2024(H5N1)	1208	4132
NA|PP755591.1|A/cattle/Texas/24-008749-003/2024(H5N1)	1209	3720
NA|PP755591.1|A/cattle/Texas/24-008749-003/2024(H5N1)	1210	3718
NA|PP755591.1|A/cattle/Texas/24-008749-003/2024(H5N1)	1211	3718
NA|PP755591.1|A/cattle/Texas/24-008749-003/2024(H5N1)	1212	3716
NA|PP755591.1|A/cattle/Texas/24-008749-003/2024(H5N1)	1213	3804
NA|PP755591.1|A/cattle/Texas/24-008749-003/2024(H5N1)	1214	3823
NA|PP755591.1|A/cattle/Texas/24-008749-003/2024(H5N1)	1215	3850
NA|PP755591.1|A/cattle/Texas/24-008749-003/2024(H5N1)	1216	3853
NA|PP755591.1|A/cattle/Texas/24-008749-003/2024(H5N1)	1217	3853
NA|PP755591.1|A/cattle/Texas/24-008749-003/2024(H5N1)	1218	3853
NA|PP755591.1|A/cattle/Texas/24-008749-003/2024(H5N1)	1219	3853
NA|PP755591.1|A/cattle/Texas/24-008749-003/2024(H5N1)	1220	3849
NA|PP755591.1|A/cattle/Texas/24-008749-003/2024(H5N1)	1221	3767
NA|PP755591.1|A/cattle/Texas/24-008749-003/2024(H5N1)	1222	3803
NA|PP755591.1|A/cattle/Texas/24-008749-003/2024(H5N1)	1223	3804
NA|PP755591.1|A/cattle/Texas/24-008749-003/2024(H5N1)	1224	3817
NA|PP755591.1|A/cattle/Texas/24-008749-003/2024(H5N1)	1225	3896
NA|PP755591.1|A/cattle/Texas/24-008749-003/2024(H5N1)	1226	3978
NA|PP755591.1|A/cattle/Texas/24-008749-003/2024(H5N1)	1227	4055
NA|PP755591.1|A/cattle/Texas/24-008749-003/2024(H5N1)	1228	4101
NA|PP755591.1|A/cattle/Texas/24-008749-003/2024(H5N1)	1229	4098
NA|PP755591.1|A/cattle/Texas/24-008749-003/2024(H5N1)	1230	4096
NA|PP755591.1|A/cattle/Texas/24-008749-003/2024(H5N1)	1231	4116
NA|PP755591.1|A/cattle/Texas/24-008749-003/2024(H5N1)	1232	4184
NA|PP755591.1|A/cattle/Texas/24-008749-003/2024(H5N1)	1233	4154
NA|PP755591.1|A/cattle/Texas/24-008749-003/2024(H5N1)	1234	4150
NA|PP755591.1|A/cattle/Texas/24-008749-003/2024(H5N1)	1235	3998
NA|PP755591.1|A/cattle/Texas/24-008749-003/2024(H5N1)	1236	3994
NA|PP755591.1|A/cattle/Texas/24-008749-003/2024(H5N1)	1237	3990
NA|PP755591.1|A/cattle/Texas/24-008749-003/2024(H5N1)	1238	3980
NA|PP755591.1|A/cattle/Texas/24-008749-003/2024(H5N1)	1239	3464
NA|PP755591.1|A/cattle/Texas/24-008749-003/2024(H5N1)	1240	3595
NA|PP755591.1|A/cattle/Texas/24-008749-003/2024(H5N1)	1241	3599
NA|PP755591.1|A/cattle/Texas/24-008749-003/2024(H5N1)	1242	3600
NA|PP755591.1|A/cattle/Texas/24-008749-003/2024(H5N1)	1243	3703
NA|PP755591.1|A/cattle/Texas/24-008749-003/2024(H5N1)	1244	3707
NA|PP755591.1|A/cattle/Texas/24-008749-003/2024(H5N1)	1245	3747
NA|PP755591.1|A/cattle/Texas/24-008749-003/2024(H5N1)	1246	4659
NA|PP755591.1|A/cattle/Texas/24-008749-003/2024(H5N1)	1247	4717
NA|PP755591.1|A/cattle/Texas/24-008749-003/2024(H5N1)	1248	4773
NA|PP755591.1|A/cattle/Texas/24-008749-003/2024(H5N1)	1249	4777
NA|PP755591.1|A/cattle/Texas/24-008749-003/2024(H5N1)	1250	4856
NA|PP755591.1|A/cattle/Texas/24-008749-003/2024(H5N1)	1251	4902
NA|PP755591.1|A/cattle/Texas/24-008749-003/2024(H5N1)	1252	4908
NA|PP755591.1|A/cattle/Texas/24-008749-003/2024(H5N1)	1253	4911
NA|PP755591.1|A/cattle/Texas/24-008749-003/2024(H5N1)	1254	4911
NA|PP755591.1|A/cattle/Texas/24-008749-003/2024(H5N1)	1255	4886
NA|PP755591.1|A/cattle/Texas/24-008749-003/2024(H5N1)	1256	4911
NA|PP755591.1|A/cattle/Texas/24-008749-003/2024(H5N1)	1257	5079
NA|PP755591.1|A/cattle/Texas/24-008749-003/2024(H5N1)	1258	5126
NA|PP755591.1|A/cattle/Texas/24-008749-003/2024(H5N1)	1259	4894
NA|PP755591.1|A/cattle/Texas/24-008749-003/2024(H5N1)	1260	5045
NA|PP755591.1|A/cattle/Texas/24-008749-003/2024(H5N1)	1261	5048
NA|PP755591.1|A/cattle/Texas/24-008749-003/2024(H5N1)	1262	5052
NA|PP755591.1|A/cattle/Texas/24-008749-003/2024(H5N1)	1263	5241
NA|PP755591.1|A/cattle/Texas/24-008749-003/2024(H5N1)	1264	5264
NA|PP755591.1|A/cattle/Texas/24-008749-003/2024(H5N1)	1265	5296
NA|PP755591.1|A/cattle/Texas/24-008749-003/2024(H5N1)	1266	5299
NA|PP755591.1|A/cattle/Texas/24-008749-003/2024(H5N1)	1267	5313
NA|PP755591.1|A/cattle/Texas/24-008749-003/2024(H5N1)	1268	5370
NA|PP755591.1|A/cattle/Texas/24-008749-003/2024(H5N1)	1269	5369
NA|PP755591.1|A/cattle/Texas/24-008749-003/2024(H5N1)	1270	5319
NA|PP755591.1|A/cattle/Texas/24-008749-003/2024(H5N1)	1271	5304
NA|PP755591.1|A/cattle/Texas/24-008749-003/2024(H5N1)	1272	5158
NA|PP755591.1|A/cattle/Texas/24-008749-003/2024(H5N1)	1273	5199
NA|PP755591.1|A/cattle/Texas/24-008749-003/2024(H5N1)	1274	5192
NA|PP755591.1|A/cattle/Texas/24-008749-003/2024(H5N1)	1275	5188
NA|PP755591.1|A/cattle/Texas/24-008749-003/2024(H5N1)	1276	5138
NA|PP755591.1|A/cattle/Texas/24-008749-003/2024(H5N1)	1277	5016
NA|PP755591.1|A/cattle/Texas/24-008749-003/2024(H5N1)	1278	4296
NA|PP755591.1|A/cattle/Texas/24-008749-003/2024(H5N1)	1279	4313
NA|PP755591.1|A/cattle/Texas/24-008749-003/2024(H5N1)	1280	4334
NA|PP755591.1|A/cattle/Texas/24-008749-003/2024(H5N1)	1281	4334
NA|PP755591.1|A/cattle/Texas/24-008749-003/2024(H5N1)	1282	4334
NA|PP755591.1|A/cattle/Texas/24-008749-003/2024(H5N1)	1283	4387
NA|PP755591.1|A/cattle/Texas/24-008749-003/2024(H5N1)	1284	4491
NA|PP755591.1|A/cattle/Texas/24-008749-003/2024(H5N1)	1285	4493
NA|PP755591.1|A/cattle/Texas/24-008749-003/2024(H5N1)	1286	4493
NA|PP755591.1|A/cattle/Texas/24-008749-003/2024(H5N1)	1287	4494
NA|PP755591.1|A/cattle/Texas/24-008749-003/2024(H5N1)	1288	4494
NA|PP755591.1|A/cattle/Texas/24-008749-003/2024(H5N1)	1289	4555
NA|PP755591.1|A/cattle/Texas/24-008749-003/2024(H5N1)	1290	4799
NA|PP755591.1|A/cattle/Texas/24-008749-003/2024(H5N1)	1291	5556
NA|PP755591.1|A/cattle/Texas/24-008749-003/2024(H5N1)	1292	5677
NA|PP755591.1|A/cattle/Texas/24-008749-003/2024(H5N1)	1293	5683
NA|PP755591.1|A/cattle/Texas/24-008749-003/2024(H5N1)	1294	5687
NA|PP755591.1|A/cattle/Texas/24-008749-003/2024(H5N1)	1295	5688
NA|PP755591.1|A/cattle/Texas/24-008749-003/2024(H5N1)	1296	5690
NA|PP755591.1|A/cattle/Texas/24-008749-003/2024(H5N1)	1297	5692
NA|PP755591.1|A/cattle/Texas/24-008749-003/2024(H5N1)	1298	5696
NA|PP755591.1|A/cattle/Texas/24-008749-003/2024(H5N1)	1299	5697
NA|PP755591.1|A/cattle/Texas/24-008749-003/2024(H5N1)	1300	5626
NA|PP755591.1|A/cattle/Texas/24-008749-003/2024(H5N1)	1301	5624
NA|PP755591.1|A/cattle/Texas/24-008749-003/2024(H5N1)	1302	5570
NA|PP755591.1|A/cattle/Texas/24-008749-003/2024(H5N1)	1303	5570
NA|PP755591.1|A/cattle/Texas/24-008749-003/2024(H5N1)	1304	5588
NA|PP755591.1|A/cattle/Texas/24-008749-003/2024(H5N1)	1305	5595
NA|PP755591.1|A/cattle/Texas/24-008749-003/2024(H5N1)	1306	5635
NA|PP755591.1|A/cattle/Texas/24-008749-003/2024(H5N1)	1307	5636
NA|PP755591.1|A/cattle/Texas/24-008749-003/2024(H5N1)	1308	5637
NA|PP755591.1|A/cattle/Texas/24-008749-003/2024(H5N1)	1309	5637
NA|PP755591.1|A/cattle/Texas/24-008749-003/2024(H5N1)	1310	5637
NA|PP755591.1|A/cattle/Texas/24-008749-003/2024(H5N1)	1311	5637
NA|PP755591.1|A/cattle/Texas/24-008749-003/2024(H5N1)	1312	5637
NA|PP755591.1|A/cattle/Texas/24-008749-003/2024(H5N1)	1313	5626
NA|PP755591.1|A/cattle/Texas/24-008749-003/2024(H5N1)	1314	5105
NA|PP755591.1|A/cattle/Texas/24-008749-003/2024(H5N1)	1315	5131
NA|PP755591.1|A/cattle/Texas/24-008749-003/2024(H5N1)	1316	5131
NA|PP755591.1|A/cattle/Texas/24-008749-003/2024(H5N1)	1317	5130
NA|PP755591.1|A/cattle/Texas/24-008749-003/2024(H5N1)	1318	5132
NA|PP755591.1|A/cattle/Texas/24-008749-003/2024(H5N1)	1319	5132
NA|PP755591.1|A/cattle/Texas/24-008749-003/2024(H5N1)	1320	5132
NA|PP755591.1|A/cattle/Texas/24-008749-003/2024(H5N1)	1321	5206
NA|PP755591.1|A/cattle/Texas/24-008749-003/2024(H5N1)	1322	5207
NA|PP755591.1|A/cattle/Texas/24-008749-003/2024(H5N1)	1323	5209
NA|PP755591.1|A/cattle/Texas/24-008749-003/2024(H5N1)	1324	5209
NA|PP755591.1|A/cattle/Texas/24-008749-003/2024(H5N1)	1325	5219
NA|PP755591.1|A/cattle/Texas/24-008749-003/2024(H5N1)	1326	5218
NA|PP755591.1|A/cattle/Texas/24-008749-003/2024(H5N1)	1327	5218
NA|PP755591.1|A/cattle/Texas/24-008749-003/2024(H5N1)	1328	5218
NA|PP755591.1|A/cattle/Texas/24-008749-003/2024(H5N1)	1329	5156
NA|PP755591.1|A/cattle/Texas/24-008749-003/2024(H5N1)	1330	5216
NA|PP755591.1|A/cattle/Texas/24-008749-003/2024(H5N1)	1331	5217
NA|PP755591.1|A/cattle/Texas/24-008749-003/2024(H5N1)	1332	5219
NA|PP755591.1|A/cattle/Texas/24-008749-003/2024(H5N1)	1333	5228
NA|PP755591.1|A/cattle/Texas/24-008749-003/2024(H5N1)	1334	5228
NA|PP755591.1|A/cattle/Texas/24-008749-003/2024(H5N1)	1335	5231
NA|PP755591.1|A/cattle/Texas/24-008749-003/2024(H5N1)	1336	5231
NA|PP755591.1|A/cattle/Texas/24-008749-003/2024(H5N1)	1337	5231
NA|PP755591.1|A/cattle/Texas/24-008749-003/2024(H5N1)	1338	5225
NA|PP755591.1|A/cattle/Texas/24-008749-003/2024(H5N1)	1339	5243
NA|PP755591.1|A/cattle/Texas/24-008749-003/2024(H5N1)	1340	5243
NA|PP755591.1|A/cattle/Texas/24-008749-003/2024(H5N1)	1341	5186
NA|PP755591.1|A/cattle/Texas/24-008749-003/2024(H5N1)	1342	5201
NA|PP755591.1|A/cattle/Texas/24-008749-003/2024(H5N1)	1343	5202
NA|PP755591.1|A/cattle/Texas/24-008749-003/2024(H5N1)	1344	5209
NA|PP755591.1|A/cattle/Texas/24-008749-003/2024(H5N1)	1345	5213
NA|PP755591.1|A/cattle/Texas/24-008749-003/2024(H5N1)	1346	5213
NA|PP755591.1|A/cattle/Texas/24-008749-003/2024(H5N1)	1347	4898
NA|PP755591.1|A/cattle/Texas/24-008749-003/2024(H5N1)	1348	4867
NA|PP755591.1|A/cattle/Texas/24-008749-003/2024(H5N1)	1349	4873
NA|PP755591.1|A/cattle/Texas/24-008749-003/2024(H5N1)	1350	4683
NA|PP755591.1|A/cattle/Texas/24-008749-003/2024(H5N1)	1351	4684
NA|PP755591.1|A/cattle/Texas/24-008749-003/2024(H5N1)	1352	4681
NA|PP755591.1|A/cattle/Texas/24-008749-003/2024(H5N1)	1353	4690
NA|PP755591.1|A/cattle/Texas/24-008749-003/2024(H5N1)	1354	4692
NA|PP755591.1|A/cattle/Texas/24-008749-003/2024(H5N1)	1355	4697
NA|PP755591.1|A/cattle/Texas/24-008749-003/2024(H5N1)	1356	4664
NA|PP755591.1|A/cattle/Texas/24-008749-003/2024(H5N1)	1357	4672
NA|PP755591.1|A/cattle/Texas/24-008749-003/2024(H5N1)	1358	4651
NA|PP755591.1|A/cattle/Texas/24-008749-003/2024(H5N1)	1359	4657
NA|PP755591.1|A/cattle/Texas/24-008749-003/2024(H5N1)	1360	4664
NA|PP755591.1|A/cattle/Texas/24-008749-003/2024(H5N1)	1361	4664
NA|PP755591.1|A/cattle/Texas/24-008749-003/2024(H5N1)	1362	4664
NA|PP755591.1|A/cattle/Texas/24-008749-003/2024(H5N1)	1363	4664
NA|PP755591.1|A/cattle/Texas/24-008749-003/2024(H5N1)	1364	4648
NA|PP755591.1|A/cattle/Texas/24-008749-003/2024(H5N1)	1365	4654
NA|PP755591.1|A/cattle/Texas/24-008749-003/2024(H5N1)	1366	4647
NA|PP755591.1|A/cattle/Texas/24-008749-003/2024(H5N1)	1367	4647
NA|PP755591.1|A/cattle/Texas/24-008749-003/2024(H5N1)	1368	4632
NA|PP755591.1|A/cattle/Texas/24-008749-003/2024(H5N1)	1369	4627
NA|PP755591.1|A/cattle/Texas/24-008749-003/2024(H5N1)	1370	4624
NA|PP755591.1|A/cattle/Texas/24-008749-003/2024(H5N1)	1371	4630
NA|PP755591.1|A/cattle/Texas/24-008749-003/2024(H5N1)	1372	4628
NA|PP755591.1|A/cattle/Texas/24-008749-003/2024(H5N1)	1373	4621
NA|PP755591.1|A/cattle/Texas/24-008749-003/2024(H5N1)	1374	4549
NA|PP755591.1|A/cattle/Texas/24-008749-003/2024(H5N1)	1375	4538
NA|PP755591.1|A/cattle/Texas/24-008749-003/2024(H5N1)	1376	4539
NA|PP755591.1|A/cattle/Texas/24-008749-003/2024(H5N1)	1377	4442
NA|PP755591.1|A/cattle/Texas/24-008749-003/2024(H5N1)	1378	4357
NA|PP755591.1|A/cattle/Texas/24-008749-003/2024(H5N1)	1379	4325
NA|PP755591.1|A/cattle/Texas/24-008749-003/2024(H5N1)	1380	4284
NA|PP755591.1|A/cattle/Texas/24-008749-003/2024(H5N1)	1381	4288
NA|PP755591.1|A/cattle/Texas/24-008749-003/2024(H5N1)	1382	4265
NA|PP755591.1|A/cattle/Texas/24-008749-003/2024(H5N1)	1383	4222
NA|PP755591.1|A/cattle/Texas/24-008749-003/2024(H5N1)	1384	4226
NA|PP755591.1|A/cattle/Texas/24-008749-003/2024(H5N1)	1385	4200
NA|PP755591.1|A/cattle/Texas/24-008749-003/2024(H5N1)	1386	4200
NA|PP755591.1|A/cattle/Texas/24-008749-003/2024(H5N1)	1387	4184
NA|PP755591.1|A/cattle/Texas/24-008749-003/2024(H5N1)	1388	3162
NA|PP755591.1|A/cattle/Texas/24-008749-003/2024(H5N1)	1389	3161
NA|PP755591.1|A/cattle/Texas/24-008749-003/2024(H5N1)	1390	3054
NA|PP755591.1|A/cattle/Texas/24-008749-003/2024(H5N1)	1391	3050
NA|PP755591.1|A/cattle/Texas/24-008749-003/2024(H5N1)	1392	3054
NA|PP755591.1|A/cattle/Texas/24-008749-003/2024(H5N1)	1393	2912
NA|PP755591.1|A/cattle/Texas/24-008749-003/2024(H5N1)	1394	2910
NA|PP755591.1|A/cattle/Texas/24-008749-003/2024(H5N1)	1395	2872
NA|PP755591.1|A/cattle/Texas/24-008749-003/2024(H5N1)	1396	2853
NA|PP755591.1|A/cattle/Texas/24-008749-003/2024(H5N1)	1397	2841
NA|PP755591.1|A/cattle/Texas/24-008749-003/2024(H5N1)	1398	2771
NA|PP755591.1|A/cattle/Texas/24-008749-003/2024(H5N1)	1399	2718
NA|PP755591.1|A/cattle/Texas/24-008749-003/2024(H5N1)	1400	2716
NA|PP755591.1|A/cattle/Texas/24-008749-003/2024(H5N1)	1401	2616
NA|PP755591.1|A/cattle/Texas/24-008749-003/2024(H5N1)	1402	2611
NA|PP755591.1|A/cattle/Texas/24-008749-003/2024(H5N1)	1403	2606
NA|PP755591.1|A/cattle/Texas/24-008749-003/2024(H5N1)	1404	2604
NA|PP755591.1|A/cattle/Texas/24-008749-003/2024(H5N1)	1405	2579
NA|PP755591.1|A/cattle/Texas/24-008749-003/2024(H5N1)	1406	2370
NA|PP755591.1|A/cattle/Texas/24-008749-003/2024(H5N1)	1407	2339
NA|PP755591.1|A/cattle/Texas/24-008749-003/2024(H5N1)	1408	2319
NA|PP755591.1|A/cattle/Texas/24-008749-003/2024(H5N1)	1409	2248
NA|PP755591.1|A/cattle/Texas/24-008749-003/2024(H5N1)	1410	2239
