MP|PP755590.1|A/cattle/Texas/24-008749-003/2024(H5N1)	1	15815
MP|PP755590.1|A/cattle/Texas/24-008749-003/2024(H5N1)	2	15949
MP|PP755590.1|A/cattle/Texas/24-008749-003/2024(H5N1)	3	15986
MP|PP755590.1|A/cattle/Texas/24-008749-003/2024(H5N1)	4	16035
MP|PP755590.1|A/cattle/Texas/24-008749-003/2024(H5N1)	5	16977
MP|PP755590.1|A/cattle/Texas/24-008749-003/2024(H5N1)	6	17500
MP|PP755590.1|A/cattle/Texas/24-008749-003/2024(H5N1)	7	18858
MP|PP755590.1|A/cattle/Texas/24-008749-003/2024(H5N1)	8	19485
MP|PP755590.1|A/cattle/Texas/24-008749-003/2024(H5N1)	9	19714
MP|PP755590.1|A/cattle/Texas/24-008749-003/2024(H5N1)	10	19749
MP|PP755590.1|A/cattle/Texas/24-008749-003/2024(H5N1)	11	19877
MP|PP755590.1|A/cattle/Texas/24-008749-003/2024(H5N1)	12	20058
MP|PP755590.1|A/cattle/Texas/24-008749-003/2024(H5N1)	13	20176
MP|PP755590.1|A/cattle/Texas/24-008749-003/2024(H5N1)	14	20187
MP|PP755590.1|A/cattle/Texas/24-008749-003/2024(H5N1)	15	20189
MP|PP755590.1|A/cattle/Texas/24-008749-003/2024(H5N1)	16	20195
MP|PP755590.1|A/cattle/Texas/24-008749-003/2024(H5N1)	17	20357
MP|PP755590.1|A/cattle/Texas/24-008749-003/2024(H5N1)	18	20562
MP|PP755590.1|A/cattle/Texas/24-008749-003/2024(H5N1)	19	21313
MP|PP755590.1|A/cattle/Texas/24-008749-003/2024(H5N1)	20	21322
MP|PP755590.1|A/cattle/Texas/24-008749-003/2024(H5N1)	21	21361
MP|PP755590.1|A/cattle/Texas/24-008749-003/2024(H5N1)	22	21373
MP|PP755590.1|A/cattle/Texas/24-008749-003/2024(H5N1)	23	21746
MP|PP755590.1|A/cattle/Texas/24-008749-003/2024(H5N1)	24	21792
MP|PP755590.1|A/cattle/Texas/24-008749-003/2024(H5N1)	25	21837
MP|PP755590.1|A/cattle/Texas/24-008749-003/2024(H5N1)	26	22578
MP|PP755590.1|A/cattle/Texas/24-008749-003/2024(H5N1)	27	22660
MP|PP755590.1|A/cattle/Texas/24-008749-003/2024(H5N1)	28	22759
MP|PP755590.1|A/cattle/Texas/24-008749-003/2024(H5N1)	29	22800
MP|PP755590.1|A/cattle/Texas/24-008749-003/2024(H5N1)	30	22963
MP|PP755590.1|A/cattle/Texas/24-008749-003/2024(H5N1)	31	23083
MP|PP755590.1|A/cattle/Texas/24-008749-003/2024(H5N1)	32	23174
MP|PP755590.1|A/cattle/Texas/24-008749-003/2024(H5N1)	33	23906
MP|PP755590.1|A/cattle/Texas/24-008749-003/2024(H5N1)	34	24364
MP|PP755590.1|A/cattle/Texas/24-008749-003/2024(H5N1)	35	24361
MP|PP755590.1|A/cattle/Texas/24-008749-003/2024(H5N1)	36	25232
MP|PP755590.1|A/cattle/Texas/24-008749-003/2024(H5N1)	37	25230
MP|PP755590.1|A/cattle/Texas/24-008749-003/2024(H5N1)	38	26340
MP|PP755590.1|A/cattle/Texas/24-008749-003/2024(H5N1)	39	26398
MP|PP755590.1|A/cattle/Texas/24-008749-003/2024(H5N1)	40	26578
MP|PP755590.1|A/cattle/Texas/24-008749-003/2024(H5N1)	41	26582
MP|PP755590.1|A/cattle/Texas/24-008749-003/2024(H5N1)	42	26584
MP|PP755590.1|A/cattle/Texas/24-008749-003/2024(H5N1)	43	26707
MP|PP755590.1|A/cattle/Texas/24-008749-003/2024(H5N1)	44	26712
MP|PP755590.1|A/cattle/Texas/24-008749-003/2024(H5N1)	45	26801
MP|PP755590.1|A/cattle/Texas/24-008749-003/2024(H5N1)	46	27012
MP|PP755590.1|A/cattle/Texas/24-008749-003/2024(H5N1)	47	27307
MP|PP755590.1|A/cattle/Texas/24-008749-003/2024(H5N1)	48	27490
MP|PP755590.1|A/cattle/Texas/24-008749-003/2024(H5N1)	49	27513
MP|PP755590.1|A/cattle/Texas/24-008749-003/2024(H5N1)	50	27599
MP|PP755590.1|A/cattle/Texas/24-008749-003/2024(H5N1)	51	27609
MP|PP755590.1|A/cattle/Texas/24-008749-003/2024(H5N1)	52	27957
MP|PP755590.1|A/cattle/Texas/24-008749-003/2024(H5N1)	53	28656
MP|PP755590.1|A/cattle/Texas/24-008749-003/2024(H5N1)	54	28676
MP|PP755590.1|A/cattle/Texas/24-008749-003/2024(H5N1)	55	28696
MP|PP755590.1|A/cattle/Texas/24-008749-003/2024(H5N1)	56	29107
MP|PP755590.1|A/cattle/Texas/24-008749-003/2024(H5N1)	57	31251
MP|PP755590.1|A/cattle/Texas/24-008749-003/2024(H5N1)	58	31294
MP|PP755590.1|A/cattle/Texas/24-008749-003/2024(H5N1)	59	31549
MP|PP755590.1|A/cattle/Texas/24-008749-003/2024(H5N1)	60	31582
MP|PP755590.1|A/cattle/Texas/24-008749-003/2024(H5N1)	61	31800
MP|PP755590.1|A/cattle/Texas/24-008749-003/2024(H5N1)	62	31863
MP|PP755590.1|A/cattle/Texas/24-008749-003/2024(H5N1)	63	32272
MP|PP755590.1|A/cattle/Texas/24-008749-003/2024(H5N1)	64	32372
MP|PP755590.1|A/cattle/Texas/24-008749-003/2024(H5N1)	65	32584
MP|PP755590.1|A/cattle/Texas/24-008749-003/2024(H5N1)	66	32312
MP|PP755590.1|A/cattle/Texas/24-008749-003/2024(H5N1)	67	32308
MP|PP755590.1|A/cattle/Texas/24-008749-003/2024(H5N1)	68	32438
MP|PP755590.1|A/cattle/Texas/24-008749-003/2024(H5N1)	69	32461
MP|PP755590.1|A/cattle/Texas/24-008749-003/2024(H5N1)	70	33520
MP|PP755590.1|A/cattle/Texas/24-008749-003/2024(H5N1)	71	33531
MP|PP755590.1|A/cattle/Texas/24-008749-003/2024(H5N1)	72	33499
MP|PP755590.1|A/cattle/Texas/24-008749-003/2024(H5N1)	73	33693
MP|PP755590.1|A/cattle/Texas/24-008749-003/2024(H5N1)	74	33964
MP|PP755590.1|A/cattle/Texas/24-008749-003/2024(H5N1)	75	33974
MP|PP755590.1|A/cattle/Texas/24-008749-003/2024(H5N1)	76	34501
MP|PP755590.1|A/cattle/Texas/24-008749-003/2024(H5N1)	77	34486
MP|PP755590.1|A/cattle/Texas/24-008749-003/2024(H5N1)	78	34596
MP|PP755590.1|A/cattle/Texas/24-008749-003/2024(H5N1)	79	35615
MP|PP755590.1|A/cattle/Texas/24-008749-003/2024(H5N1)	80	37883
MP|PP755590.1|A/cattle/Texas/24-008749-003/2024(H5N1)	81	38017
MP|PP755590.1|A/cattle/Texas/24-008749-003/2024(H5N1)	82	38363
MP|PP755590.1|A/cattle/Texas/24-008749-003/2024(H5N1)	83	38943
MP|PP755590.1|A/cattle/Texas/24-008749-003/2024(H5N1)	84	39117
MP|PP755590.1|A/cattle/Texas/24-008749-003/2024(H5N1)	85	39512
MP|PP755590.1|A/cattle/Texas/24-008749-003/2024(H5N1)	86	39606
MP|PP755590.1|A/cattle/Texas/24-008749-003/2024(H5N1)	87	39583
MP|PP755590.1|A/cattle/Texas/24-008749-003/2024(H5N1)	88	39589
MP|PP755590.1|A/cattle/Texas/24-008749-003/2024(H5N1)	89	39188
MP|PP755590.1|A/cattle/Texas/24-008749-003/2024(H5N1)	90	39179
MP|PP755590.1|A/cattle/Texas/24-008749-003/2024(H5N1)	91	39202
MP|PP755590.1|A/cattle/Texas/24-008749-003/2024(H5N1)	92	39326
MP|PP755590.1|A/cattle/Texas/24-008749-003/2024(H5N1)	93	39358
MP|PP755590.1|A/cattle/Texas/24-008749-003/2024(H5N1)	94	39236
MP|PP755590.1|A/cattle/Texas/24-008749-003/2024(H5N1)	95	39275
MP|PP755590.1|A/cattle/Texas/24-008749-003/2024(H5N1)	96	39844
MP|PP755590.1|A/cattle/Texas/24-008749-003/2024(H5N1)	97	39886
MP|PP755590.1|A/cattle/Texas/24-008749-003/2024(H5N1)	98	39881
MP|PP755590.1|A/cattle/Texas/24-008749-003/2024(H5N1)	99	39853
MP|PP755590.1|A/cattle/Texas/24-008749-003/2024(H5N1)	100	40207
MP|PP755590.1|A/cattle/Texas/24-008749-003/2024(H5N1)	101	40255
MP|PP755590.1|A/cattle/Texas/24-008749-003/2024(H5N1)	102	41094
MP|PP755590.1|A/cattle/Texas/24-008749-003/2024(H5N1)	103	41202
MP|PP755590.1|A/cattle/Texas/24-008749-003/2024(H5N1)	104	41233
MP|PP755590.1|A/cattle/Texas/24-008749-003/2024(H5N1)	105	41561
MP|PP755590.1|A/cattle/Texas/24-008749-003/2024(H5N1)	106	41692
MP|PP755590.1|A/cattle/Texas/24-008749-003/2024(H5N1)	107	41809
MP|PP755590.1|A/cattle/Texas/24-008749-003/2024(H5N1)	108	41986
MP|PP755590.1|A/cattle/Texas/24-008749-003/2024(H5N1)	109	41870
MP|PP755590.1|A/cattle/Texas/24-008749-003/2024(H5N1)	110	42158
MP|PP755590.1|A/cattle/Texas/24-008749-003/2024(H5N1)	111	41812
MP|PP755590.1|A/cattle/Texas/24-008749-003/2024(H5N1)	112	41877
MP|PP755590.1|A/cattle/Texas/24-008749-003/2024(H5N1)	113	42930
MP|PP755590.1|A/cattle/Texas/24-008749-003/2024(H5N1)	114	42983
MP|PP755590.1|A/cattle/Texas/24-008749-003/2024(H5N1)	115	43282
MP|PP755590.1|A/cattle/Texas/24-008749-003/2024(H5N1)	116	43244
MP|PP755590.1|A/cattle/Texas/24-008749-003/2024(H5N1)	117	43190
MP|PP755590.1|A/cattle/Texas/24-008749-003/2024(H5N1)	118	43186
MP|PP755590.1|A/cattle/Texas/24-008749-003/2024(H5N1)	119	43231
MP|PP755590.1|A/cattle/Texas/24-008749-003/2024(H5N1)	120	43306
MP|PP755590.1|A/cattle/Texas/24-008749-003/2024(H5N1)	121	43381
MP|PP755590.1|A/cattle/Texas/24-008749-003/2024(H5N1)	122	43079
MP|PP755590.1|A/cattle/Texas/24-008749-003/2024(H5N1)	123	43284
MP|PP755590.1|A/cattle/Texas/24-008749-003/2024(H5N1)	124	39770
MP|PP755590.1|A/cattle/Texas/24-008749-003/2024(H5N1)	125	40131
MP|PP755590.1|A/cattle/Texas/24-008749-003/2024(H5N1)	126	39064
MP|PP755590.1|A/cattle/Texas/24-008749-003/2024(H5N1)	127	39061
MP|PP755590.1|A/cattle/Texas/24-008749-003/2024(H5N1)	128	37964
MP|PP755590.1|A/cattle/Texas/24-008749-003/2024(H5N1)	129	37891
MP|PP755590.1|A/cattle/Texas/24-008749-003/2024(H5N1)	130	37908
MP|PP755590.1|A/cattle/Texas/24-008749-003/2024(H5N1)	131	37759
MP|PP755590.1|A/cattle/Texas/24-008749-003/2024(H5N1)	132	39069
MP|PP755590.1|A/cattle/Texas/24-008749-003/2024(H5N1)	133	37873
MP|PP755590.1|A/cattle/Texas/24-008749-003/2024(H5N1)	134	38730
MP|PP755590.1|A/cattle/Texas/24-008749-003/2024(H5N1)	135	39480
MP|PP755590.1|A/cattle/Texas/24-008749-003/2024(H5N1)	136	38546
MP|PP755590.1|A/cattle/Texas/24-008749-003/2024(H5N1)	137	39586
MP|PP755590.1|A/cattle/Texas/24-008749-003/2024(H5N1)	138	39625
MP|PP755590.1|A/cattle/Texas/24-008749-003/2024(H5N1)	139	39614
MP|PP755590.1|A/cattle/Texas/24-008749-003/2024(H5N1)	140	40571
MP|PP755590.1|A/cattle/Texas/24-008749-003/2024(H5N1)	141	41018
MP|PP755590.1|A/cattle/Texas/24-008749-003/2024(H5N1)	142	41509
MP|PP755590.1|A/cattle/Texas/24-008749-003/2024(H5N1)	143	40986
MP|PP755590.1|A/cattle/Texas/24-008749-003/2024(H5N1)	144	40372
MP|PP755590.1|A/cattle/Texas/24-008749-003/2024(H5N1)	145	40384
MP|PP755590.1|A/cattle/Texas/24-008749-003/2024(H5N1)	146	41785
MP|PP755590.1|A/cattle/Texas/24-008749-003/2024(H5N1)	147	42470
MP|PP755590.1|A/cattle/Texas/24-008749-003/2024(H5N1)	148	42445
MP|PP755590.1|A/cattle/Texas/24-008749-003/2024(H5N1)	149	41904
MP|PP755590.1|A/cattle/Texas/24-008749-003/2024(H5N1)	150	41918
MP|PP755590.1|A/cattle/Texas/24-008749-003/2024(H5N1)	151	42130
MP|PP755590.1|A/cattle/Texas/24-008749-003/2024(H5N1)	152	42193
MP|PP755590.1|A/cattle/Texas/24-008749-003/2024(H5N1)	153	42809
MP|PP755590.1|A/cattle/Texas/24-008749-003/2024(H5N1)	154	40558
MP|PP755590.1|A/cattle/Texas/24-008749-003/2024(H5N1)	155	41389
MP|PP755590.1|A/cattle/Texas/24-008749-003/2024(H5N1)	156	41418
MP|PP755590.1|A/cattle/Texas/24-008749-003/2024(H5N1)	157	41424
MP|PP755590.1|A/cattle/Texas/24-008749-003/2024(H5N1)	158	41434
MP|PP755590.1|A/cattle/Texas/24-008749-003/2024(H5N1)	159	41424
MP|PP755590.1|A/cattle/Texas/24-008749-003/2024(H5N1)	160	42344
MP|PP755590.1|A/cattle/Texas/24-008749-003/2024(H5N1)	161	42203
MP|PP755590.1|A/cattle/Texas/24-008749-003/2024(H5N1)	162	42306
MP|PP755590.1|A/cattle/Texas/24-008749-003/2024(H5N1)	163	42327
MP|PP755590.1|A/cattle/Texas/24-008749-003/2024(H5N1)	164	42385
MP|PP755590.1|A/cattle/Texas/24-008749-003/2024(H5N1)	165	42537
MP|PP755590.1|A/cattle/Texas/24-008749-003/2024(H5N1)	166	42550
MP|PP755590.1|A/cattle/Texas/24-008749-003/2024(H5N1)	167	42456
MP|PP755590.1|A/cattle/Texas/24-008749-003/2024(H5N1)	168	42458
MP|PP755590.1|A/cattle/Texas/24-008749-003/2024(H5N1)	169	41734
MP|PP755590.1|A/cattle/Texas/24-008749-003/2024(H5N1)	170	41448
MP|PP755590.1|A/cattle/Texas/24-008749-003/2024(H5N1)	171	41478
MP|PP755590.1|A/cattle/Texas/24-008749-003/2024(H5N1)	172	41482
MP|PP755590.1|A/cattle/Texas/24-008749-003/2024(H5N1)	173	41587
MP|PP755590.1|A/cattle/Texas/24-008749-003/2024(H5N1)	174	41693
MP|PP755590.1|A/cattle/Texas/24-008749-003/2024(H5N1)	175	42247
MP|PP755590.1|A/cattle/Texas/24-008749-003/2024(H5N1)	176	42242
MP|PP755590.1|A/cattle/Texas/24-008749-003/2024(H5N1)	177	41901
MP|PP755590.1|A/cattle/Texas/24-008749-003/2024(H5N1)	178	41870
MP|PP755590.1|A/cattle/Texas/24-008749-003/2024(H5N1)	179	41803
MP|PP755590.1|A/cattle/Texas/24-008749-003/2024(H5N1)	180	41784
MP|PP755590.1|A/cattle/Texas/24-008749-003/2024(H5N1)	181	42003
MP|PP755590.1|A/cattle/Texas/24-008749-003/2024(H5N1)	182	42081
MP|PP755590.1|A/cattle/Texas/24-008749-003/2024(H5N1)	183	42113
MP|PP755590.1|A/cattle/Texas/24-008749-003/2024(H5N1)	184	41538
MP|PP755590.1|A/cattle/Texas/24-008749-003/2024(H5N1)	185	41300
MP|PP755590.1|A/cattle/Texas/24-008749-003/2024(H5N1)	186	41271
MP|PP755590.1|A/cattle/Texas/24-008749-003/2024(H5N1)	187	41044
MP|PP755590.1|A/cattle/Texas/24-008749-003/2024(H5N1)	188	41061
MP|PP755590.1|A/cattle/Texas/24-008749-003/2024(H5N1)	189	40235
MP|PP755590.1|A/cattle/Texas/24-008749-003/2024(H5N1)	190	40899
MP|PP755590.1|A/cattle/Texas/24-008749-003/2024(H5N1)	191	41148
MP|PP755590.1|A/cattle/Texas/24-008749-003/2024(H5N1)	192	41326
MP|PP755590.1|A/cattle/Texas/24-008749-003/2024(H5N1)	193	41337
MP|PP755590.1|A/cattle/Texas/24-008749-003/2024(H5N1)	194	42436
MP|PP755590.1|A/cattle/Texas/24-008749-003/2024(H5N1)	195	42433
MP|PP755590.1|A/cattle/Texas/24-008749-003/2024(H5N1)	196	41936
MP|PP755590.1|A/cattle/Texas/24-008749-003/2024(H5N1)	197	41764
MP|PP755590.1|A/cattle/Texas/24-008749-003/2024(H5N1)	198	42655
MP|PP755590.1|A/cattle/Texas/24-008749-003/2024(H5N1)	199	42989
MP|PP755590.1|A/cattle/Texas/24-008749-003/2024(H5N1)	200	43314
MP|PP755590.1|A/cattle/Texas/24-008749-003/2024(H5N1)	201	43426
MP|PP755590.1|A/cattle/Texas/24-008749-003/2024(H5N1)	202	43455
MP|PP755590.1|A/cattle/Texas/24-008749-003/2024(H5N1)	203	42609
MP|PP755590.1|A/cattle/Texas/24-008749-003/2024(H5N1)	204	42666
MP|PP755590.1|A/cattle/Texas/24-008749-003/2024(H5N1)	205	43015
MP|PP755590.1|A/cattle/Texas/24-008749-003/2024(H5N1)	206	42945
MP|PP755590.1|A/cattle/Texas/24-008749-003/2024(H5N1)	207	41187
MP|PP755590.1|A/cattle/Texas/24-008749-003/2024(H5N1)	208	40780
MP|PP755590.1|A/cattle/Texas/24-008749-003/2024(H5N1)	209	41184
MP|PP755590.1|A/cattle/Texas/24-008749-003/2024(H5N1)	210	42283
MP|PP755590.1|A/cattle/Texas/24-008749-003/2024(H5N1)	211	42510
MP|PP755590.1|A/cattle/Texas/24-008749-003/2024(H5N1)	212	43056
MP|PP755590.1|A/cattle/Texas/24-008749-003/2024(H5N1)	213	43059
MP|PP755590.1|A/cattle/Texas/24-008749-003/2024(H5N1)	214	43228
MP|PP755590.1|A/cattle/Texas/24-008749-003/2024(H5N1)	215	43328
MP|PP755590.1|A/cattle/Texas/24-008749-003/2024(H5N1)	216	43250
MP|PP755590.1|A/cattle/Texas/24-008749-003/2024(H5N1)	217	44207
MP|PP755590.1|A/cattle/Texas/24-008749-003/2024(H5N1)	218	44311
MP|PP755590.1|A/cattle/Texas/24-008749-003/2024(H5N1)	219	43985
MP|PP755590.1|A/cattle/Texas/24-008749-003/2024(H5N1)	220	45999
MP|PP755590.1|A/cattle/Texas/24-008749-003/2024(H5N1)	221	45117
MP|PP755590.1|A/cattle/Texas/24-008749-003/2024(H5N1)	222	45197
MP|PP755590.1|A/cattle/Texas/24-008749-003/2024(H5N1)	223	45053
MP|PP755590.1|A/cattle/Texas/24-008749-003/2024(H5N1)	224	44954
MP|PP755590.1|A/cattle/Texas/24-008749-003/2024(H5N1)	225	45879
MP|PP755590.1|A/cattle/Texas/24-008749-003/2024(H5N1)	226	45645
MP|PP755590.1|A/cattle/Texas/24-008749-003/2024(H5N1)	227	45741
MP|PP755590.1|A/cattle/Texas/24-008749-003/2024(H5N1)	228	45949
MP|PP755590.1|A/cattle/Texas/24-008749-003/2024(H5N1)	229	44498
MP|PP755590.1|A/cattle/Texas/24-008749-003/2024(H5N1)	230	44506
MP|PP755590.1|A/cattle/Texas/24-008749-003/2024(H5N1)	231	43139
MP|PP755590.1|A/cattle/Texas/24-008749-003/2024(H5N1)	232	42887
MP|PP755590.1|A/cattle/Texas/24-008749-003/2024(H5N1)	233	42977
MP|PP755590.1|A/cattle/Texas/24-008749-003/2024(H5N1)	234	42049
MP|PP755590.1|A/cattle/Texas/24-008749-003/2024(H5N1)	235	42477
MP|PP755590.1|A/cattle/Texas/24-008749-003/2024(H5N1)	236	42893
MP|PP755590.1|A/cattle/Texas/24-008749-003/2024(H5N1)	237	42887
MP|PP755590.1|A/cattle/Texas/24-008749-003/2024(H5N1)	238	43785
MP|PP755590.1|A/cattle/Texas/24-008749-003/2024(H5N1)	239	44298
MP|PP755590.1|A/cattle/Texas/24-008749-003/2024(H5N1)	240	44275
MP|PP755590.1|A/cattle/Texas/24-008749-003/2024(H5N1)	241	44178
MP|PP755590.1|A/cattle/Texas/24-008749-003/2024(H5N1)	242	44047
MP|PP755590.1|A/cattle/Texas/24-008749-003/2024(H5N1)	243	44412
MP|PP755590.1|A/cattle/Texas/24-008749-003/2024(H5N1)	244	44763
MP|PP755590.1|A/cattle/Texas/24-008749-003/2024(H5N1)	245	44346
MP|PP755590.1|A/cattle/Texas/24-008749-003/2024(H5N1)	246	44785
MP|PP755590.1|A/cattle/Texas/24-008749-003/2024(H5N1)	247	44208
MP|PP755590.1|A/cattle/Texas/24-008749-003/2024(H5N1)	248	44244
MP|PP755590.1|A/cattle/Texas/24-008749-003/2024(H5N1)	249	45513
MP|PP755590.1|A/cattle/Texas/24-008749-003/2024(H5N1)	250	45584
MP|PP755590.1|A/cattle/Texas/24-008749-003/2024(H5N1)	251	45910
MP|PP755590.1|A/cattle/Texas/24-008749-003/2024(H5N1)	252	46190
MP|PP755590.1|A/cattle/Texas/24-008749-003/2024(H5N1)	253	45517
MP|PP755590.1|A/cattle/Texas/24-008749-003/2024(H5N1)	254	45726
MP|PP755590.1|A/cattle/Texas/24-008749-003/2024(H5N1)	255	45927
MP|PP755590.1|A/cattle/Texas/24-008749-003/2024(H5N1)	256	45515
MP|PP755590.1|A/cattle/Texas/24-008749-003/2024(H5N1)	257	45712
MP|PP755590.1|A/cattle/Texas/24-008749-003/2024(H5N1)	258	45713
MP|PP755590.1|A/cattle/Texas/24-008749-003/2024(H5N1)	259	46469
MP|PP755590.1|A/cattle/Texas/24-008749-003/2024(H5N1)	260	46697
MP|PP755590.1|A/cattle/Texas/24-008749-003/2024(H5N1)	261	46470
MP|PP755590.1|A/cattle/Texas/24-008749-003/2024(H5N1)	262	46513
MP|PP755590.1|A/cattle/Texas/24-008749-003/2024(H5N1)	263	46647
MP|PP755590.1|A/cattle/Texas/24-008749-003/2024(H5N1)	264	45728
MP|PP755590.1|A/cattle/Texas/24-008749-003/2024(H5N1)	265	45961
MP|PP755590.1|A/cattle/Texas/24-008749-003/2024(H5N1)	266	45876
MP|PP755590.1|A/cattle/Texas/24-008749-003/2024(H5N1)	267	46399
MP|PP755590.1|A/cattle/Texas/24-008749-003/2024(H5N1)	268	46410
MP|PP755590.1|A/cattle/Texas/24-008749-003/2024(H5N1)	269	46349
MP|PP755590.1|A/cattle/Texas/24-008749-003/2024(H5N1)	270	46458
MP|PP755590.1|A/cattle/Texas/24-008749-003/2024(H5N1)	271	46433
MP|PP755590.1|A/cattle/Texas/24-008749-003/2024(H5N1)	272	46472
MP|PP755590.1|A/cattle/Texas/24-008749-003/2024(H5N1)	273	47533
MP|PP755590.1|A/cattle/Texas/24-008749-003/2024(H5N1)	274	47946
MP|PP755590.1|A/cattle/Texas/24-008749-003/2024(H5N1)	275	46053
MP|PP755590.1|A/cattle/Texas/24-008749-003/2024(H5N1)	276	45563
MP|PP755590.1|A/cattle/Texas/24-008749-003/2024(H5N1)	277	45537
MP|PP755590.1|A/cattle/Texas/24-008749-003/2024(H5N1)	278	45529
MP|PP755590.1|A/cattle/Texas/24-008749-003/2024(H5N1)	279	46588
MP|PP755590.1|A/cattle/Texas/24-008749-003/2024(H5N1)	280	46723
MP|PP755590.1|A/cattle/Texas/24-008749-003/2024(H5N1)	281	46645
MP|PP755590.1|A/cattle/Texas/24-008749-003/2024(H5N1)	282	46577
MP|PP755590.1|A/cattle/Texas/24-008749-003/2024(H5N1)	283	44883
MP|PP755590.1|A/cattle/Texas/24-008749-003/2024(H5N1)	284	45612
MP|PP755590.1|A/cattle/Texas/24-008749-003/2024(H5N1)	285	44912
MP|PP755590.1|A/cattle/Texas/24-008749-003/2024(H5N1)	286	44492
MP|PP755590.1|A/cattle/Texas/24-008749-003/2024(H5N1)	287	44761
MP|PP755590.1|A/cattle/Texas/24-008749-003/2024(H5N1)	288	43479
MP|PP755590.1|A/cattle/Texas/24-008749-003/2024(H5N1)	289	43966
MP|PP755590.1|A/cattle/Texas/24-008749-003/2024(H5N1)	290	44004
MP|PP755590.1|A/cattle/Texas/24-008749-003/2024(H5N1)	291	42580
MP|PP755590.1|A/cattle/Texas/24-008749-003/2024(H5N1)	292	42502
MP|PP755590.1|A/cattle/Texas/24-008749-003/2024(H5N1)	293	41780
MP|PP755590.1|A/cattle/Texas/24-008749-003/2024(H5N1)	294	40846
MP|PP755590.1|A/cattle/Texas/24-008749-003/2024(H5N1)	295	39905
MP|PP755590.1|A/cattle/Texas/24-008749-003/2024(H5N1)	296	44001
MP|PP755590.1|A/cattle/Texas/24-008749-003/2024(H5N1)	297	45723
MP|PP755590.1|A/cattle/Texas/24-008749-003/2024(H5N1)	298	46347
MP|PP755590.1|A/cattle/Texas/24-008749-003/2024(H5N1)	299	46378
MP|PP755590.1|A/cattle/Texas/24-008749-003/2024(H5N1)	300	46364
MP|PP755590.1|A/cattle/Texas/24-008749-003/2024(H5N1)	301	46156
MP|PP755590.1|A/cattle/Texas/24-008749-003/2024(H5N1)	302	45964
MP|PP755590.1|A/cattle/Texas/24-008749-003/2024(H5N1)	303	47208
MP|PP755590.1|A/cattle/Texas/24-008749-003/2024(H5N1)	304	46984
MP|PP755590.1|A/cattle/Texas/24-008749-003/2024(H5N1)	305	46979
MP|PP755590.1|A/cattle/Texas/24-008749-003/2024(H5N1)	306	45421
MP|PP755590.1|A/cattle/Texas/24-008749-003/2024(H5N1)	307	46364
MP|PP755590.1|A/cattle/Texas/24-008749-003/2024(H5N1)	308	46403
MP|PP755590.1|A/cattle/Texas/24-008749-003/2024(H5N1)	309	46445
MP|PP755590.1|A/cattle/Texas/24-008749-003/2024(H5N1)	310	46506
MP|PP755590.1|A/cattle/Texas/24-008749-003/2024(H5N1)	311	45463
MP|PP755590.1|A/cattle/Texas/24-008749-003/2024(H5N1)	312	45487
MP|PP755590.1|A/cattle/Texas/24-008749-003/2024(H5N1)	313	45149
MP|PP755590.1|A/cattle/Texas/24-008749-003/2024(H5N1)	314	45409
MP|PP755590.1|A/cattle/Texas/24-008749-003/2024(H5N1)	315	45409
MP|PP755590.1|A/cattle/Texas/24-008749-003/2024(H5N1)	316	45508
MP|PP755590.1|A/cattle/Texas/24-008749-003/2024(H5N1)	317	45919
MP|PP755590.1|A/cattle/Texas/24-008749-003/2024(H5N1)	318	46055
MP|PP755590.1|A/cattle/Texas/24-008749-003/2024(H5N1)	319	46288
MP|PP755590.1|A/cattle/Texas/24-008749-003/2024(H5N1)	320	46349
MP|PP755590.1|A/cattle/Texas/24-008749-003/2024(H5N1)	321	46304
MP|PP755590.1|A/cattle/Texas/24-008749-003/2024(H5N1)	322	46583
MP|PP755590.1|A/cattle/Texas/24-008749-003/2024(H5N1)	323	46711
MP|PP755590.1|A/cattle/Texas/24-008749-003/2024(H5N1)	324	46484
MP|PP755590.1|A/cattle/Texas/24-008749-003/2024(H5N1)	325	46542
MP|PP755590.1|A/cattle/Texas/24-008749-003/2024(H5N1)	326	45972
MP|PP755590.1|A/cattle/Texas/24-008749-003/2024(H5N1)	327	46190
MP|PP755590.1|A/cattle/Texas/24-008749-003/2024(H5N1)	328	45904
MP|PP755590.1|A/cattle/Texas/24-008749-003/2024(H5N1)	329	45855
MP|PP755590.1|A/cattle/Texas/24-008749-003/2024(H5N1)	330	45920
MP|PP755590.1|A/cattle/Texas/24-008749-003/2024(H5N1)	331	45663
MP|PP755590.1|A/cattle/Texas/24-008749-003/2024(H5N1)	332	46115
MP|PP755590.1|A/cattle/Texas/24-008749-003/2024(H5N1)	333	46712
MP|PP755590.1|A/cattle/Texas/24-008749-003/2024(H5N1)	334	46687
MP|PP755590.1|A/cattle/Texas/24-008749-003/2024(H5N1)	335	46684
MP|PP755590.1|A/cattle/Texas/24-008749-003/2024(H5N1)	336	46589
MP|PP755590.1|A/cattle/Texas/24-008749-003/2024(H5N1)	337	46701
MP|PP755590.1|A/cattle/Texas/24-008749-003/2024(H5N1)	338	46488
MP|PP755590.1|A/cattle/Texas/24-008749-003/2024(H5N1)	339	46465
MP|PP755590.1|A/cattle/Texas/24-008749-003/2024(H5N1)	340	46431
MP|PP755590.1|A/cattle/Texas/24-008749-003/2024(H5N1)	341	46072
MP|PP755590.1|A/cattle/Texas/24-008749-003/2024(H5N1)	342	45561
MP|PP755590.1|A/cattle/Texas/24-008749-003/2024(H5N1)	343	45552
MP|PP755590.1|A/cattle/Texas/24-008749-003/2024(H5N1)	344	45739
MP|PP755590.1|A/cattle/Texas/24-008749-003/2024(H5N1)	345	44697
MP|PP755590.1|A/cattle/Texas/24-008749-003/2024(H5N1)	346	45042
MP|PP755590.1|A/cattle/Texas/24-008749-003/2024(H5N1)	347	45665
MP|PP755590.1|A/cattle/Texas/24-008749-003/2024(H5N1)	348	45921
MP|PP755590.1|A/cattle/Texas/24-008749-003/2024(H5N1)	349	44711
MP|PP755590.1|A/cattle/Texas/24-008749-003/2024(H5N1)	350	44487
MP|PP755590.1|A/cattle/Texas/24-008749-003/2024(H5N1)	351	45870
MP|PP755590.1|A/cattle/Texas/24-008749-003/2024(H5N1)	352	45591
MP|PP755590.1|A/cattle/Texas/24-008749-003/2024(H5N1)	353	46033
MP|PP755590.1|A/cattle/Texas/24-008749-003/2024(H5N1)	354	45937
MP|PP755590.1|A/cattle/Texas/24-008749-003/2024(H5N1)	355	45590
MP|PP755590.1|A/cattle/Texas/24-008749-003/2024(H5N1)	356	45655
MP|PP755590.1|A/cattle/Texas/24-008749-003/2024(H5N1)	357	45694
MP|PP755590.1|A/cattle/Texas/24-008749-003/2024(H5N1)	358	45634
MP|PP755590.1|A/cattle/Texas/24-008749-003/2024(H5N1)	359	45357
MP|PP755590.1|A/cattle/Texas/24-008749-003/2024(H5N1)	360	43799
MP|PP755590.1|A/cattle/Texas/24-008749-003/2024(H5N1)	361	44466
MP|PP755590.1|A/cattle/Texas/24-008749-003/2024(H5N1)	362	44124
MP|PP755590.1|A/cattle/Texas/24-008749-003/2024(H5N1)	363	43519
MP|PP755590.1|A/cattle/Texas/24-008749-003/2024(H5N1)	364	43345
MP|PP755590.1|A/cattle/Texas/24-008749-003/2024(H5N1)	365	43644
MP|PP755590.1|A/cattle/Texas/24-008749-003/2024(H5N1)	366	43411
MP|PP755590.1|A/cattle/Texas/24-008749-003/2024(H5N1)	367	43599
MP|PP755590.1|A/cattle/Texas/24-008749-003/2024(H5N1)	368	42879
MP|PP755590.1|A/cattle/Texas/24-008749-003/2024(H5N1)	369	43145
MP|PP755590.1|A/cattle/Texas/24-008749-003/2024(H5N1)	370	42019
MP|PP755590.1|A/cattle/Texas/24-008749-003/2024(H5N1)	371	41312
MP|PP755590.1|A/cattle/Texas/24-008749-003/2024(H5N1)	372	41825
MP|PP755590.1|A/cattle/Texas/24-008749-003/2024(H5N1)	373	41752
MP|PP755590.1|A/cattle/Texas/24-008749-003/2024(H5N1)	374	41754
MP|PP755590.1|A/cattle/Texas/24-008749-003/2024(H5N1)	375	40882
MP|PP755590.1|A/cattle/Texas/24-008749-003/2024(H5N1)	376	40632
MP|PP755590.1|A/cattle/Texas/24-008749-003/2024(H5N1)	377	41417
MP|PP755590.1|A/cattle/Texas/24-008749-003/2024(H5N1)	378	41651
MP|PP755590.1|A/cattle/Texas/24-008749-003/2024(H5N1)	379	41478
MP|PP755590.1|A/cattle/Texas/24-008749-003/2024(H5N1)	380	42081
MP|PP755590.1|A/cattle/Texas/24-008749-003/2024(H5N1)	381	41882
MP|PP755590.1|A/cattle/Texas/24-008749-003/2024(H5N1)	382	41883
MP|PP755590.1|A/cattle/Texas/24-008749-003/2024(H5N1)	383	41833
MP|PP755590.1|A/cattle/Texas/24-008749-003/2024(H5N1)	384	41707
MP|PP755590.1|A/cattle/Texas/24-008749-003/2024(H5N1)	385	42066
MP|PP755590.1|A/cattle/Texas/24-008749-003/2024(H5N1)	386	41689
MP|PP755590.1|A/cattle/Texas/24-008749-003/2024(H5N1)	387	41253
MP|PP755590.1|A/cattle/Texas/24-008749-003/2024(H5N1)	388	41003
MP|PP755590.1|A/cattle/Texas/24-008749-003/2024(H5N1)	389	40415
MP|PP755590.1|A/cattle/Texas/24-008749-003/2024(H5N1)	390	40817
MP|PP755590.1|A/cattle/Texas/24-008749-003/2024(H5N1)	391	42173
MP|PP755590.1|A/cattle/Texas/24-008749-003/2024(H5N1)	392	42277
MP|PP755590.1|A/cattle/Texas/24-008749-003/2024(H5N1)	393	42678
MP|PP755590.1|A/cattle/Texas/24-008749-003/2024(H5N1)	394	42258
MP|PP755590.1|A/cattle/Texas/24-008749-003/2024(H5N1)	395	41843
MP|PP755590.1|A/cattle/Texas/24-008749-003/2024(H5N1)	396	43813
MP|PP755590.1|A/cattle/Texas/24-008749-003/2024(H5N1)	397	43288
MP|PP755590.1|A/cattle/Texas/24-008749-003/2024(H5N1)	398	43202
MP|PP755590.1|A/cattle/Texas/24-008749-003/2024(H5N1)	399	43130
MP|PP755590.1|A/cattle/Texas/24-008749-003/2024(H5N1)	400	41595
MP|PP755590.1|A/cattle/Texas/24-008749-003/2024(H5N1)	401	42631
MP|PP755590.1|A/cattle/Texas/24-008749-003/2024(H5N1)	402	43183
MP|PP755590.1|A/cattle/Texas/24-008749-003/2024(H5N1)	403	42967
MP|PP755590.1|A/cattle/Texas/24-008749-003/2024(H5N1)	404	43192
MP|PP755590.1|A/cattle/Texas/24-008749-003/2024(H5N1)	405	42985
MP|PP755590.1|A/cattle/Texas/24-008749-003/2024(H5N1)	406	43211
MP|PP755590.1|A/cattle/Texas/24-008749-003/2024(H5N1)	407	45328
MP|PP755590.1|A/cattle/Texas/24-008749-003/2024(H5N1)	408	45352
MP|PP755590.1|A/cattle/Texas/24-008749-003/2024(H5N1)	409	45534
MP|PP755590.1|A/cattle/Texas/24-008749-003/2024(H5N1)	410	44413
MP|PP755590.1|A/cattle/Texas/24-008749-003/2024(H5N1)	411	44275
MP|PP755590.1|A/cattle/Texas/24-008749-003/2024(H5N1)	412	44271
MP|PP755590.1|A/cattle/Texas/24-008749-003/2024(H5N1)	413	45248
MP|PP755590.1|A/cattle/Texas/24-008749-003/2024(H5N1)	414	45328
MP|PP755590.1|A/cattle/Texas/24-008749-003/2024(H5N1)	415	45305
MP|PP755590.1|A/cattle/Texas/24-008749-003/2024(H5N1)	416	45524
MP|PP755590.1|A/cattle/Texas/24-008749-003/2024(H5N1)	417	44971
MP|PP755590.1|A/cattle/Texas/24-008749-003/2024(H5N1)	418	44969
MP|PP755590.1|A/cattle/Texas/24-008749-003/2024(H5N1)	419	45149
MP|PP755590.1|A/cattle/Texas/24-008749-003/2024(H5N1)	420	45106
MP|PP755590.1|A/cattle/Texas/24-008749-003/2024(H5N1)	421	45206
MP|PP755590.1|A/cattle/Texas/24-008749-003/2024(H5N1)	422	46130
MP|PP755590.1|A/cattle/Texas/24-008749-003/2024(H5N1)	423	46015
MP|PP755590.1|A/cattle/Texas/24-008749-003/2024(H5N1)	424	45026
MP|PP755590.1|A/cattle/Texas/24-008749-003/2024(H5N1)	425	44399
MP|PP755590.1|A/cattle/Texas/24-008749-003/2024(H5N1)	426	44257
MP|PP755590.1|A/cattle/Texas/24-008749-003/2024(H5N1)	427	45288
MP|PP755590.1|A/cattle/Texas/24-008749-003/2024(H5N1)	428	45355
MP|PP755590.1|A/cattle/Texas/24-008749-003/2024(H5N1)	429	45418
MP|PP755590.1|A/cattle/Texas/24-008749-003/2024(H5N1)	430	44168
MP|PP755590.1|A/cattle/Texas/24-008749-003/2024(H5N1)	431	44167
MP|PP755590.1|A/cattle/Texas/24-008749-003/2024(H5N1)	432	44272
MP|PP755590.1|A/cattle/Texas/24-008749-003/2024(H5N1)	433	47599
MP|PP755590.1|A/cattle/Texas/24-008749-003/2024(H5N1)	434	48244
MP|PP755590.1|A/cattle/Texas/24-008749-003/2024(H5N1)	435	47590
MP|PP755590.1|A/cattle/Texas/24-008749-003/2024(H5N1)	436	46541
MP|PP755590.1|A/cattle/Texas/24-008749-003/2024(H5N1)	437	46530
MP|PP755590.1|A/cattle/Texas/24-008749-003/2024(H5N1)	438	47324
MP|PP755590.1|A/cattle/Texas/24-008749-003/2024(H5N1)	439	48039
MP|PP755590.1|A/cattle/Texas/24-008749-003/2024(H5N1)	440	47725
MP|PP755590.1|A/cattle/Texas/24-008749-003/2024(H5N1)	441	48193
MP|PP755590.1|A/cattle/Texas/24-008749-003/2024(H5N1)	442	44536
MP|PP755590.1|A/cattle/Texas/24-008749-003/2024(H5N1)	443	44496
MP|PP755590.1|A/cattle/Texas/24-008749-003/2024(H5N1)	444	44895
MP|PP755590.1|A/cattle/Texas/24-008749-003/2024(H5N1)	445	44888
MP|PP755590.1|A/cattle/Texas/24-008749-003/2024(H5N1)	446	44805
MP|PP755590.1|A/cattle/Texas/24-008749-003/2024(H5N1)	447	42702
MP|PP755590.1|A/cattle/Texas/24-008749-003/2024(H5N1)	448	42156
MP|PP755590.1|A/cattle/Texas/24-008749-003/2024(H5N1)	449	43395
MP|PP755590.1|A/cattle/Texas/24-008749-003/2024(H5N1)	450	43214
MP|PP755590.1|A/cattle/Texas/24-008749-003/2024(H5N1)	451	42268
MP|PP755590.1|A/cattle/Texas/24-008749-003/2024(H5N1)	452	42328
MP|PP755590.1|A/cattle/Texas/24-008749-003/2024(H5N1)	453	41898
MP|PP755590.1|A/cattle/Texas/24-008749-003/2024(H5N1)	454	41914
MP|PP755590.1|A/cattle/Texas/24-008749-003/2024(H5N1)	455	41626
MP|PP755590.1|A/cattle/Texas/24-008749-003/2024(H5N1)	456	41703
MP|PP755590.1|A/cattle/Texas/24-008749-003/2024(H5N1)	457	42038
MP|PP755590.1|A/cattle/Texas/24-008749-003/2024(H5N1)	458	40840
MP|PP755590.1|A/cattle/Texas/24-008749-003/2024(H5N1)	459	40966
MP|PP755590.1|A/cattle/Texas/24-008749-003/2024(H5N1)	460	40939
MP|PP755590.1|A/cattle/Texas/24-008749-003/2024(H5N1)	461	41049
MP|PP755590.1|A/cattle/Texas/24-008749-003/2024(H5N1)	462	41640
MP|PP755590.1|A/cattle/Texas/24-008749-003/2024(H5N1)	463	41723
MP|PP755590.1|A/cattle/Texas/24-008749-003/2024(H5N1)	464	41787
MP|PP755590.1|A/cattle/Texas/24-008749-003/2024(H5N1)	465	41674
MP|PP755590.1|A/cattle/Texas/24-008749-003/2024(H5N1)	466	41863
MP|PP755590.1|A/cattle/Texas/24-008749-003/2024(H5N1)	467	41964
MP|PP755590.1|A/cattle/Texas/24-008749-003/2024(H5N1)	468	41712
MP|PP755590.1|A/cattle/Texas/24-008749-003/2024(H5N1)	469	41649
MP|PP755590.1|A/cattle/Texas/24-008749-003/2024(H5N1)	470	41654
MP|PP755590.1|A/cattle/Texas/24-008749-003/2024(H5N1)	471	41620
MP|PP755590.1|A/cattle/Texas/24-008749-003/2024(H5N1)	472	41547
MP|PP755590.1|A/cattle/Texas/24-008749-003/2024(H5N1)	473	41427
MP|PP755590.1|A/cattle/Texas/24-008749-003/2024(H5N1)	474	41652
MP|PP755590.1|A/cattle/Texas/24-008749-003/2024(H5N1)	475	41746
MP|PP755590.1|A/cattle/Texas/24-008749-003/2024(H5N1)	476	41696
MP|PP755590.1|A/cattle/Texas/24-008749-003/2024(H5N1)	477	42181
MP|PP755590.1|A/cattle/Texas/24-008749-003/2024(H5N1)	478	42018
MP|PP755590.1|A/cattle/Texas/24-008749-003/2024(H5N1)	479	42078
MP|PP755590.1|A/cattle/Texas/24-008749-003/2024(H5N1)	480	42374
MP|PP755590.1|A/cattle/Texas/24-008749-003/2024(H5N1)	481	42537
MP|PP755590.1|A/cattle/Texas/24-008749-003/2024(H5N1)	482	43012
MP|PP755590.1|A/cattle/Texas/24-008749-003/2024(H5N1)	483	42652
MP|PP755590.1|A/cattle/Texas/24-008749-003/2024(H5N1)	484	42810
MP|PP755590.1|A/cattle/Texas/24-008749-003/2024(H5N1)	485	42779
MP|PP755590.1|A/cattle/Texas/24-008749-003/2024(H5N1)	486	42839
MP|PP755590.1|A/cattle/Texas/24-008749-003/2024(H5N1)	487	42741
MP|PP755590.1|A/cattle/Texas/24-008749-003/2024(H5N1)	488	43305
MP|PP755590.1|A/cattle/Texas/24-008749-003/2024(H5N1)	489	43752
MP|PP755590.1|A/cattle/Texas/24-008749-003/2024(H5N1)	490	44000
MP|PP755590.1|A/cattle/Texas/24-008749-003/2024(H5N1)	491	43609
MP|PP755590.1|A/cattle/Texas/24-008749-003/2024(H5N1)	492	43644
MP|PP755590.1|A/cattle/Texas/24-008749-003/2024(H5N1)	493	43593
MP|PP755590.1|A/cattle/Texas/24-008749-003/2024(H5N1)	494	43584
MP|PP755590.1|A/cattle/Texas/24-008749-003/2024(H5N1)	495	43579
MP|PP755590.1|A/cattle/Texas/24-008749-003/2024(H5N1)	496	43726
MP|PP755590.1|A/cattle/Texas/24-008749-003/2024(H5N1)	497	43097
MP|PP755590.1|A/cattle/Texas/24-008749-003/2024(H5N1)	498	43171
MP|PP755590.1|A/cattle/Texas/24-008749-003/2024(H5N1)	499	43029
MP|PP755590.1|A/cattle/Texas/24-008749-003/2024(H5N1)	500	43398
MP|PP755590.1|A/cattle/Texas/24-008749-003/2024(H5N1)	501	42398
MP|PP755590.1|A/cattle/Texas/24-008749-003/2024(H5N1)	502	42417
MP|PP755590.1|A/cattle/Texas/24-008749-003/2024(H5N1)	503	42986
MP|PP755590.1|A/cattle/Texas/24-008749-003/2024(H5N1)	504	43213
MP|PP755590.1|A/cattle/Texas/24-008749-003/2024(H5N1)	505	43043
MP|PP755590.1|A/cattle/Texas/24-008749-003/2024(H5N1)	506	43129
MP|PP755590.1|A/cattle/Texas/24-008749-003/2024(H5N1)	507	42928
MP|PP755590.1|A/cattle/Texas/24-008749-003/2024(H5N1)	508	42977
MP|PP755590.1|A/cattle/Texas/24-008749-003/2024(H5N1)	509	43181
MP|PP755590.1|A/cattle/Texas/24-008749-003/2024(H5N1)	510	43289
MP|PP755590.1|A/cattle/Texas/24-008749-003/2024(H5N1)	511	43530
MP|PP755590.1|A/cattle/Texas/24-008749-003/2024(H5N1)	512	43371
MP|PP755590.1|A/cattle/Texas/24-008749-003/2024(H5N1)	513	43274
MP|PP755590.1|A/cattle/Texas/24-008749-003/2024(H5N1)	514	43430
MP|PP755590.1|A/cattle/Texas/24-008749-003/2024(H5N1)	515	43282
MP|PP755590.1|A/cattle/Texas/24-008749-003/2024(H5N1)	516	43597
MP|PP755590.1|A/cattle/Texas/24-008749-003/2024(H5N1)	517	43866
MP|PP755590.1|A/cattle/Texas/24-008749-003/2024(H5N1)	518	43652
MP|PP755590.1|A/cattle/Texas/24-008749-003/2024(H5N1)	519	43542
MP|PP755590.1|A/cattle/Texas/24-008749-003/2024(H5N1)	520	43204
MP|PP755590.1|A/cattle/Texas/24-008749-003/2024(H5N1)	521	43113
MP|PP755590.1|A/cattle/Texas/24-008749-003/2024(H5N1)	522	43484
MP|PP755590.1|A/cattle/Texas/24-008749-003/2024(H5N1)	523	43414
MP|PP755590.1|A/cattle/Texas/24-008749-003/2024(H5N1)	524	44337
MP|PP755590.1|A/cattle/Texas/24-008749-003/2024(H5N1)	525	44109
MP|PP755590.1|A/cattle/Texas/24-008749-003/2024(H5N1)	526	44090
MP|PP755590.1|A/cattle/Texas/24-008749-003/2024(H5N1)	527	44132
MP|PP755590.1|A/cattle/Texas/24-008749-003/2024(H5N1)	528	43686
MP|PP755590.1|A/cattle/Texas/24-008749-003/2024(H5N1)	529	43379
MP|PP755590.1|A/cattle/Texas/24-008749-003/2024(H5N1)	530	43382
MP|PP755590.1|A/cattle/Texas/24-008749-003/2024(H5N1)	531	42922
MP|PP755590.1|A/cattle/Texas/24-008749-003/2024(H5N1)	532	42549
MP|PP755590.1|A/cattle/Texas/24-008749-003/2024(H5N1)	533	43035
MP|PP755590.1|A/cattle/Texas/24-008749-003/2024(H5N1)	534	44383
MP|PP755590.1|A/cattle/Texas/24-008749-003/2024(H5N1)	535	44878
MP|PP755590.1|A/cattle/Texas/24-008749-003/2024(H5N1)	536	44526
MP|PP755590.1|A/cattle/Texas/24-008749-003/2024(H5N1)	537	44110
MP|PP755590.1|A/cattle/Texas/24-008749-003/2024(H5N1)	538	46433
MP|PP755590.1|A/cattle/Texas/24-008749-003/2024(H5N1)	539	46004
MP|PP755590.1|A/cattle/Texas/24-008749-003/2024(H5N1)	540	45995
MP|PP755590.1|A/cattle/Texas/24-008749-003/2024(H5N1)	541	46159
MP|PP755590.1|A/cattle/Texas/24-008749-003/2024(H5N1)	542	45030
MP|PP755590.1|A/cattle/Texas/24-008749-003/2024(H5N1)	543	46136
MP|PP755590.1|A/cattle/Texas/24-008749-003/2024(H5N1)	544	45777
MP|PP755590.1|A/cattle/Texas/24-008749-003/2024(H5N1)	545	45894
MP|PP755590.1|A/cattle/Texas/24-008749-003/2024(H5N1)	546	45867
MP|PP755590.1|A/cattle/Texas/24-008749-003/2024(H5N1)	547	43676
MP|PP755590.1|A/cattle/Texas/24-008749-003/2024(H5N1)	548	46779
MP|PP755590.1|A/cattle/Texas/24-008749-003/2024(H5N1)	549	47414
MP|PP755590.1|A/cattle/Texas/24-008749-003/2024(H5N1)	550	47493
MP|PP755590.1|A/cattle/Texas/24-008749-003/2024(H5N1)	551	46770
MP|PP755590.1|A/cattle/Texas/24-008749-003/2024(H5N1)	552	45741
MP|PP755590.1|A/cattle/Texas/24-008749-003/2024(H5N1)	553	45763
MP|PP755590.1|A/cattle/Texas/24-008749-003/2024(H5N1)	554	45967
MP|PP755590.1|A/cattle/Texas/24-008749-003/2024(H5N1)	555	46586
MP|PP755590.1|A/cattle/Texas/24-008749-003/2024(H5N1)	556	47097
MP|PP755590.1|A/cattle/Texas/24-008749-003/2024(H5N1)	557	44464
MP|PP755590.1|A/cattle/Texas/24-008749-003/2024(H5N1)	558	44290
MP|PP755590.1|A/cattle/Texas/24-008749-003/2024(H5N1)	559	44225
MP|PP755590.1|A/cattle/Texas/24-008749-003/2024(H5N1)	560	44201
MP|PP755590.1|A/cattle/Texas/24-008749-003/2024(H5N1)	561	44825
MP|PP755590.1|A/cattle/Texas/24-008749-003/2024(H5N1)	562	44875
MP|PP755590.1|A/cattle/Texas/24-008749-003/2024(H5N1)	563	45272
MP|PP755590.1|A/cattle/Texas/24-008749-003/2024(H5N1)	564	44070
MP|PP755590.1|A/cattle/Texas/24-008749-003/2024(H5N1)	565	44098
MP|PP755590.1|A/cattle/Texas/24-008749-003/2024(H5N1)	566	44118
MP|PP755590.1|A/cattle/Texas/24-008749-003/2024(H5N1)	567	43789
MP|PP755590.1|A/cattle/Texas/24-008749-003/2024(H5N1)	568	44220
MP|PP755590.1|A/cattle/Texas/24-008749-003/2024(H5N1)	569	44001
MP|PP755590.1|A/cattle/Texas/24-008749-003/2024(H5N1)	570	43547
MP|PP755590.1|A/cattle/Texas/24-008749-003/2024(H5N1)	571	43425
MP|PP755590.1|A/cattle/Texas/24-008749-003/2024(H5N1)	572	42808
MP|PP755590.1|A/cattle/Texas/24-008749-003/2024(H5N1)	573	42872
MP|PP755590.1|A/cattle/Texas/24-008749-003/2024(H5N1)	574	43032
MP|PP755590.1|A/cattle/Texas/24-008749-003/2024(H5N1)	575	43779
MP|PP755590.1|A/cattle/Texas/24-008749-003/2024(H5N1)	576	43801
MP|PP755590.1|A/cattle/Texas/24-008749-003/2024(H5N1)	577	43959
MP|PP755590.1|A/cattle/Texas/24-008749-003/2024(H5N1)	578	43715
MP|PP755590.1|A/cattle/Texas/24-008749-003/2024(H5N1)	579	43559
MP|PP755590.1|A/cattle/Texas/24-008749-003/2024(H5N1)	580	43571
MP|PP755590.1|A/cattle/Texas/24-008749-003/2024(H5N1)	581	43740
MP|PP755590.1|A/cattle/Texas/24-008749-003/2024(H5N1)	582	43780
MP|PP755590.1|A/cattle/Texas/24-008749-003/2024(H5N1)	583	43692
MP|PP755590.1|A/cattle/Texas/24-008749-003/2024(H5N1)	584	40670
MP|PP755590.1|A/cattle/Texas/24-008749-003/2024(H5N1)	585	40767
MP|PP755590.1|A/cattle/Texas/24-008749-003/2024(H5N1)	586	40806
MP|PP755590.1|A/cattle/Texas/24-008749-003/2024(H5N1)	587	40864
MP|PP755590.1|A/cattle/Texas/24-008749-003/2024(H5N1)	588	41168
MP|PP755590.1|A/cattle/Texas/24-008749-003/2024(H5N1)	589	40527
MP|PP755590.1|A/cattle/Texas/24-008749-003/2024(H5N1)	590	39949
MP|PP755590.1|A/cattle/Texas/24-008749-003/2024(H5N1)	591	39965
MP|PP755590.1|A/cattle/Texas/24-008749-003/2024(H5N1)	592	40548
MP|PP755590.1|A/cattle/Texas/24-008749-003/2024(H5N1)	593	40553
MP|PP755590.1|A/cattle/Texas/24-008749-003/2024(H5N1)	594	40329
MP|PP755590.1|A/cattle/Texas/24-008749-003/2024(H5N1)	595	40009
MP|PP755590.1|A/cattle/Texas/24-008749-003/2024(H5N1)	596	40470
MP|PP755590.1|A/cattle/Texas/24-008749-003/2024(H5N1)	597	40368
MP|PP755590.1|A/cattle/Texas/24-008749-003/2024(H5N1)	598	41035
MP|PP755590.1|A/cattle/Texas/24-008749-003/2024(H5N1)	599	40544
MP|PP755590.1|A/cattle/Texas/24-008749-003/2024(H5N1)	600	40543
MP|PP755590.1|A/cattle/Texas/24-008749-003/2024(H5N1)	601	40704
MP|PP755590.1|A/cattle/Texas/24-008749-003/2024(H5N1)	602	40772
MP|PP755590.1|A/cattle/Texas/24-008749-003/2024(H5N1)	603	40777
MP|PP755590.1|A/cattle/Texas/24-008749-003/2024(H5N1)	604	41575
MP|PP755590.1|A/cattle/Texas/24-008749-003/2024(H5N1)	605	42188
MP|PP755590.1|A/cattle/Texas/24-008749-003/2024(H5N1)	606	42263
MP|PP755590.1|A/cattle/Texas/24-008749-003/2024(H5N1)	607	41813
MP|PP755590.1|A/cattle/Texas/24-008749-003/2024(H5N1)	608	42429
MP|PP755590.1|A/cattle/Texas/24-008749-003/2024(H5N1)	609	42451
MP|PP755590.1|A/cattle/Texas/24-008749-003/2024(H5N1)	610	42555
MP|PP755590.1|A/cattle/Texas/24-008749-003/2024(H5N1)	611	42506
MP|PP755590.1|A/cattle/Texas/24-008749-003/2024(H5N1)	612	42649
MP|PP755590.1|A/cattle/Texas/24-008749-003/2024(H5N1)	613	42478
MP|PP755590.1|A/cattle/Texas/24-008749-003/2024(H5N1)	614	42351
MP|PP755590.1|A/cattle/Texas/24-008749-003/2024(H5N1)	615	42290
MP|PP755590.1|A/cattle/Texas/24-008749-003/2024(H5N1)	616	42291
MP|PP755590.1|A/cattle/Texas/24-008749-003/2024(H5N1)	617	42480
MP|PP755590.1|A/cattle/Texas/24-008749-003/2024(H5N1)	618	42487
MP|PP755590.1|A/cattle/Texas/24-008749-003/2024(H5N1)	619	43019
MP|PP755590.1|A/cattle/Texas/24-008749-003/2024(H5N1)	620	42942
MP|PP755590.1|A/cattle/Texas/24-008749-003/2024(H5N1)	621	43384
MP|PP755590.1|A/cattle/Texas/24-008749-003/2024(H5N1)	622	43294
MP|PP755590.1|A/cattle/Texas/24-008749-003/2024(H5N1)	623	42910
MP|PP755590.1|A/cattle/Texas/24-008749-003/2024(H5N1)	624	44551
MP|PP755590.1|A/cattle/Texas/24-008749-003/2024(H5N1)	625	44732
MP|PP755590.1|A/cattle/Texas/24-008749-003/2024(H5N1)	626	44762
MP|PP755590.1|A/cattle/Texas/24-008749-003/2024(H5N1)	627	44725
MP|PP755590.1|A/cattle/Texas/24-008749-003/2024(H5N1)	628	44249
MP|PP755590.1|A/cattle/Texas/24-008749-003/2024(H5N1)	629	45109
MP|PP755590.1|A/cattle/Texas/24-008749-003/2024(H5N1)	630	45096
MP|PP755590.1|A/cattle/Texas/24-008749-003/2024(H5N1)	631	44897
MP|PP755590.1|A/cattle/Texas/24-008749-003/2024(H5N1)	632	44719
MP|PP755590.1|A/cattle/Texas/24-008749-003/2024(H5N1)	633	43163
MP|PP755590.1|A/cattle/Texas/24-008749-003/2024(H5N1)	634	43200
MP|PP755590.1|A/cattle/Texas/24-008749-003/2024(H5N1)	635	43152
MP|PP755590.1|A/cattle/Texas/24-008749-003/2024(H5N1)	636	43282
MP|PP755590.1|A/cattle/Texas/24-008749-003/2024(H5N1)	637	43978
MP|PP755590.1|A/cattle/Texas/24-008749-003/2024(H5N1)	638	43797
MP|PP755590.1|A/cattle/Texas/24-008749-003/2024(H5N1)	639	43232
MP|PP755590.1|A/cattle/Texas/24-008749-003/2024(H5N1)	640	43020
MP|PP755590.1|A/cattle/Texas/24-008749-003/2024(H5N1)	641	42955
MP|PP755590.1|A/cattle/Texas/24-008749-003/2024(H5N1)	642	43529
MP|PP755590.1|A/cattle/Texas/24-008749-003/2024(H5N1)	643	44242
MP|PP755590.1|A/cattle/Texas/24-008749-003/2024(H5N1)	644	44490
MP|PP755590.1|A/cattle/Texas/24-008749-003/2024(H5N1)	645	44617
MP|PP755590.1|A/cattle/Texas/24-008749-003/2024(H5N1)	646	44333
MP|PP755590.1|A/cattle/Texas/24-008749-003/2024(H5N1)	647	44190
MP|PP755590.1|A/cattle/Texas/24-008749-003/2024(H5N1)	648	44233
MP|PP755590.1|A/cattle/Texas/24-008749-003/2024(H5N1)	649	44124
MP|PP755590.1|A/cattle/Texas/24-008749-003/2024(H5N1)	650	44439
MP|PP755590.1|A/cattle/Texas/24-008749-003/2024(H5N1)	651	44749
MP|PP755590.1|A/cattle/Texas/24-008749-003/2024(H5N1)	652	44588
MP|PP755590.1|A/cattle/Texas/24-008749-003/2024(H5N1)	653	45037
MP|PP755590.1|A/cattle/Texas/24-008749-003/2024(H5N1)	654	45570
MP|PP755590.1|A/cattle/Texas/24-008749-003/2024(H5N1)	655	45334
MP|PP755590.1|A/cattle/Texas/24-008749-003/2024(H5N1)	656	45836
MP|PP755590.1|A/cattle/Texas/24-008749-003/2024(H5N1)	657	45676
MP|PP755590.1|A/cattle/Texas/24-008749-003/2024(H5N1)	658	45684
MP|PP755590.1|A/cattle/Texas/24-008749-003/2024(H5N1)	659	45924
MP|PP755590.1|A/cattle/Texas/24-008749-003/2024(H5N1)	660	45816
MP|PP755590.1|A/cattle/Texas/24-008749-003/2024(H5N1)	661	46422
MP|PP755590.1|A/cattle/Texas/24-008749-003/2024(H5N1)	662	45936
MP|PP755590.1|A/cattle/Texas/24-008749-003/2024(H5N1)	663	45058
MP|PP755590.1|A/cattle/Texas/24-008749-003/2024(H5N1)	664	45337
MP|PP755590.1|A/cattle/Texas/24-008749-003/2024(H5N1)	665	45192
MP|PP755590.1|A/cattle/Texas/24-008749-003/2024(H5N1)	666	47112
MP|PP755590.1|A/cattle/Texas/24-008749-003/2024(H5N1)	667	46882
MP|PP755590.1|A/cattle/Texas/24-008749-003/2024(H5N1)	668	46679
MP|PP755590.1|A/cattle/Texas/24-008749-003/2024(H5N1)	669	46706
MP|PP755590.1|A/cattle/Texas/24-008749-003/2024(H5N1)	670	46667
MP|PP755590.1|A/cattle/Texas/24-008749-003/2024(H5N1)	671	46695
MP|PP755590.1|A/cattle/Texas/24-008749-003/2024(H5N1)	672	48410
MP|PP755590.1|A/cattle/Texas/24-008749-003/2024(H5N1)	673	48113
MP|PP755590.1|A/cattle/Texas/24-008749-003/2024(H5N1)	674	48263
MP|PP755590.1|A/cattle/Texas/24-008749-003/2024(H5N1)	675	47044
MP|PP755590.1|A/cattle/Texas/24-008749-003/2024(H5N1)	676	46952
MP|PP755590.1|A/cattle/Texas/24-008749-003/2024(H5N1)	677	47689
MP|PP755590.1|A/cattle/Texas/24-008749-003/2024(H5N1)	678	47609
MP|PP755590.1|A/cattle/Texas/24-008749-003/2024(H5N1)	679	47487
MP|PP755590.1|A/cattle/Texas/24-008749-003/2024(H5N1)	680	47427
MP|PP755590.1|A/cattle/Texas/24-008749-003/2024(H5N1)	681	45893
MP|PP755590.1|A/cattle/Texas/24-008749-003/2024(H5N1)	682	46247
MP|PP755590.1|A/cattle/Texas/24-008749-003/2024(H5N1)	683	46796
MP|PP755590.1|A/cattle/Texas/24-008749-003/2024(H5N1)	684	46536
MP|PP755590.1|A/cattle/Texas/24-008749-003/2024(H5N1)	685	46600
MP|PP755590.1|A/cattle/Texas/24-008749-003/2024(H5N1)	686	45945
MP|PP755590.1|A/cattle/Texas/24-008749-003/2024(H5N1)	687	46167
MP|PP755590.1|A/cattle/Texas/24-008749-003/2024(H5N1)	688	46445
MP|PP755590.1|A/cattle/Texas/24-008749-003/2024(H5N1)	689	45233
MP|PP755590.1|A/cattle/Texas/24-008749-003/2024(H5N1)	690	45171
MP|PP755590.1|A/cattle/Texas/24-008749-003/2024(H5N1)	691	45145
MP|PP755590.1|A/cattle/Texas/24-008749-003/2024(H5N1)	692	44866
MP|PP755590.1|A/cattle/Texas/24-008749-003/2024(H5N1)	693	44690
MP|PP755590.1|A/cattle/Texas/24-008749-003/2024(H5N1)	694	43671
MP|PP755590.1|A/cattle/Texas/24-008749-003/2024(H5N1)	695	43982
MP|PP755590.1|A/cattle/Texas/24-008749-003/2024(H5N1)	696	44186
MP|PP755590.1|A/cattle/Texas/24-008749-003/2024(H5N1)	697	41622
MP|PP755590.1|A/cattle/Texas/24-008749-003/2024(H5N1)	698	41025
MP|PP755590.1|A/cattle/Texas/24-008749-003/2024(H5N1)	699	41326
MP|PP755590.1|A/cattle/Texas/24-008749-003/2024(H5N1)	700	40926
MP|PP755590.1|A/cattle/Texas/24-008749-003/2024(H5N1)	701	40939
MP|PP755590.1|A/cattle/Texas/24-008749-003/2024(H5N1)	702	40947
MP|PP755590.1|A/cattle/Texas/24-008749-003/2024(H5N1)	703	40958
MP|PP755590.1|A/cattle/Texas/24-008749-003/2024(H5N1)	704	40943
MP|PP755590.1|A/cattle/Texas/24-008749-003/2024(H5N1)	705	40721
MP|PP755590.1|A/cattle/Texas/24-008749-003/2024(H5N1)	706	39996
MP|PP755590.1|A/cattle/Texas/24-008749-003/2024(H5N1)	707	39834
MP|PP755590.1|A/cattle/Texas/24-008749-003/2024(H5N1)	708	40283
MP|PP755590.1|A/cattle/Texas/24-008749-003/2024(H5N1)	709	40854
MP|PP755590.1|A/cattle/Texas/24-008749-003/2024(H5N1)	710	40853
MP|PP755590.1|A/cattle/Texas/24-008749-003/2024(H5N1)	711	40745
MP|PP755590.1|A/cattle/Texas/24-008749-003/2024(H5N1)	712	40263
MP|PP755590.1|A/cattle/Texas/24-008749-003/2024(H5N1)	713	40249
MP|PP755590.1|A/cattle/Texas/24-008749-003/2024(H5N1)	714	40175
MP|PP755590.1|A/cattle/Texas/24-008749-003/2024(H5N1)	715	40274
MP|PP755590.1|A/cattle/Texas/24-008749-003/2024(H5N1)	716	40097
MP|PP755590.1|A/cattle/Texas/24-008749-003/2024(H5N1)	717	39713
MP|PP755590.1|A/cattle/Texas/24-008749-003/2024(H5N1)	718	40215
MP|PP755590.1|A/cattle/Texas/24-008749-003/2024(H5N1)	719	40827
MP|PP755590.1|A/cattle/Texas/24-008749-003/2024(H5N1)	720	41228
MP|PP755590.1|A/cattle/Texas/24-008749-003/2024(H5N1)	721	41181
MP|PP755590.1|A/cattle/Texas/24-008749-003/2024(H5N1)	722	41165
MP|PP755590.1|A/cattle/Texas/24-008749-003/2024(H5N1)	723	40930
MP|PP755590.1|A/cattle/Texas/24-008749-003/2024(H5N1)	724	40938
MP|PP755590.1|A/cattle/Texas/24-008749-003/2024(H5N1)	725	41041
MP|PP755590.1|A/cattle/Texas/24-008749-003/2024(H5N1)	726	40848
MP|PP755590.1|A/cattle/Texas/24-008749-003/2024(H5N1)	727	40276
MP|PP755590.1|A/cattle/Texas/24-008749-003/2024(H5N1)	728	40179
MP|PP755590.1|A/cattle/Texas/24-008749-003/2024(H5N1)	729	40198
MP|PP755590.1|A/cattle/Texas/24-008749-003/2024(H5N1)	730	40277
MP|PP755590.1|A/cattle/Texas/24-008749-003/2024(H5N1)	731	40325
MP|PP755590.1|A/cattle/Texas/24-008749-003/2024(H5N1)	732	40154
MP|PP755590.1|A/cattle/Texas/24-008749-003/2024(H5N1)	733	40715
MP|PP755590.1|A/cattle/Texas/24-008749-003/2024(H5N1)	734	41813
MP|PP755590.1|A/cattle/Texas/24-008749-003/2024(H5N1)	735	41538
MP|PP755590.1|A/cattle/Texas/24-008749-003/2024(H5N1)	736	41837
MP|PP755590.1|A/cattle/Texas/24-008749-003/2024(H5N1)	737	41763
MP|PP755590.1|A/cattle/Texas/24-008749-003/2024(H5N1)	738	41709
MP|PP755590.1|A/cattle/Texas/24-008749-003/2024(H5N1)	739	42659
MP|PP755590.1|A/cattle/Texas/24-008749-003/2024(H5N1)	740	42707
MP|PP755590.1|A/cattle/Texas/24-008749-003/2024(H5N1)	741	42663
MP|PP755590.1|A/cattle/Texas/24-008749-003/2024(H5N1)	742	42672
MP|PP755590.1|A/cattle/Texas/24-008749-003/2024(H5N1)	743	41608
MP|PP755590.1|A/cattle/Texas/24-008749-003/2024(H5N1)	744	41667
MP|PP755590.1|A/cattle/Texas/24-008749-003/2024(H5N1)	745	41507
MP|PP755590.1|A/cattle/Texas/24-008749-003/2024(H5N1)	746	41440
MP|PP755590.1|A/cattle/Texas/24-008749-003/2024(H5N1)	747	41353
MP|PP755590.1|A/cattle/Texas/24-008749-003/2024(H5N1)	748	43246
MP|PP755590.1|A/cattle/Texas/24-008749-003/2024(H5N1)	749	43327
MP|PP755590.1|A/cattle/Texas/24-008749-003/2024(H5N1)	750	44519
MP|PP755590.1|A/cattle/Texas/24-008749-003/2024(H5N1)	751	44689
MP|PP755590.1|A/cattle/Texas/24-008749-003/2024(H5N1)	752	44679
MP|PP755590.1|A/cattle/Texas/24-008749-003/2024(H5N1)	753	44909
MP|PP755590.1|A/cattle/Texas/24-008749-003/2024(H5N1)	754	45268
MP|PP755590.1|A/cattle/Texas/24-008749-003/2024(H5N1)	755	44639
MP|PP755590.1|A/cattle/Texas/24-008749-003/2024(H5N1)	756	44196
MP|PP755590.1|A/cattle/Texas/24-008749-003/2024(H5N1)	757	44781
MP|PP755590.1|A/cattle/Texas/24-008749-003/2024(H5N1)	758	44700
MP|PP755590.1|A/cattle/Texas/24-008749-003/2024(H5N1)	759	44784
MP|PP755590.1|A/cattle/Texas/24-008749-003/2024(H5N1)	760	44758
MP|PP755590.1|A/cattle/Texas/24-008749-003/2024(H5N1)	761	45115
MP|PP755590.1|A/cattle/Texas/24-008749-003/2024(H5N1)	762	44492
MP|PP755590.1|A/cattle/Texas/24-008749-003/2024(H5N1)	763	44913
MP|PP755590.1|A/cattle/Texas/24-008749-003/2024(H5N1)	764	45065
MP|PP755590.1|A/cattle/Texas/24-008749-003/2024(H5N1)	765	44964
MP|PP755590.1|A/cattle/Texas/24-008749-003/2024(H5N1)	766	45679
MP|PP755590.1|A/cattle/Texas/24-008749-003/2024(H5N1)	767	45660
MP|PP755590.1|A/cattle/Texas/24-008749-003/2024(H5N1)	768	45214
MP|PP755590.1|A/cattle/Texas/24-008749-003/2024(H5N1)	769	45546
MP|PP755590.1|A/cattle/Texas/24-008749-003/2024(H5N1)	770	44747
MP|PP755590.1|A/cattle/Texas/24-008749-003/2024(H5N1)	771	45160
MP|PP755590.1|A/cattle/Texas/24-008749-003/2024(H5N1)	772	44764
MP|PP755590.1|A/cattle/Texas/24-008749-003/2024(H5N1)	773	44626
MP|PP755590.1|A/cattle/Texas/24-008749-003/2024(H5N1)	774	43218
MP|PP755590.1|A/cattle/Texas/24-008749-003/2024(H5N1)	775	42786
MP|PP755590.1|A/cattle/Texas/24-008749-003/2024(H5N1)	776	42799
MP|PP755590.1|A/cattle/Texas/24-008749-003/2024(H5N1)	777	43252
MP|PP755590.1|A/cattle/Texas/24-008749-003/2024(H5N1)	778	43286
MP|PP755590.1|A/cattle/Texas/24-008749-003/2024(H5N1)	779	43205
MP|PP755590.1|A/cattle/Texas/24-008749-003/2024(H5N1)	780	42925
MP|PP755590.1|A/cattle/Texas/24-008749-003/2024(H5N1)	781	45134
MP|PP755590.1|A/cattle/Texas/24-008749-003/2024(H5N1)	782	45189
MP|PP755590.1|A/cattle/Texas/24-008749-003/2024(H5N1)	783	45226
MP|PP755590.1|A/cattle/Texas/24-008749-003/2024(H5N1)	784	46244
MP|PP755590.1|A/cattle/Texas/24-008749-003/2024(H5N1)	785	46349
MP|PP755590.1|A/cattle/Texas/24-008749-003/2024(H5N1)	786	47386
MP|PP755590.1|A/cattle/Texas/24-008749-003/2024(H5N1)	787	47192
MP|PP755590.1|A/cattle/Texas/24-008749-003/2024(H5N1)	788	46593
MP|PP755590.1|A/cattle/Texas/24-008749-003/2024(H5N1)	789	45889
MP|PP755590.1|A/cattle/Texas/24-008749-003/2024(H5N1)	790	45960
MP|PP755590.1|A/cattle/Texas/24-008749-003/2024(H5N1)	791	48179
MP|PP755590.1|A/cattle/Texas/24-008749-003/2024(H5N1)	792	48091
MP|PP755590.1|A/cattle/Texas/24-008749-003/2024(H5N1)	793	47572
MP|PP755590.1|A/cattle/Texas/24-008749-003/2024(H5N1)	794	48067
MP|PP755590.1|A/cattle/Texas/24-008749-003/2024(H5N1)	795	48419
MP|PP755590.1|A/cattle/Texas/24-008749-003/2024(H5N1)	796	48578
MP|PP755590.1|A/cattle/Texas/24-008749-003/2024(H5N1)	797	48380
MP|PP755590.1|A/cattle/Texas/24-008749-003/2024(H5N1)	798	48698
MP|PP755590.1|A/cattle/Texas/24-008749-003/2024(H5N1)	799	48533
MP|PP755590.1|A/cattle/Texas/24-008749-003/2024(H5N1)	800	47979
MP|PP755590.1|A/cattle/Texas/24-008749-003/2024(H5N1)	801	48140
MP|PP755590.1|A/cattle/Texas/24-008749-003/2024(H5N1)	802	47979
MP|PP755590.1|A/cattle/Texas/24-008749-003/2024(H5N1)	803	48521
MP|PP755590.1|A/cattle/Texas/24-008749-003/2024(H5N1)	804	47483
MP|PP755590.1|A/cattle/Texas/24-008749-003/2024(H5N1)	805	46771
MP|PP755590.1|A/cattle/Texas/24-008749-003/2024(H5N1)	806	46699
MP|PP755590.1|A/cattle/Texas/24-008749-003/2024(H5N1)	807	46238
MP|PP755590.1|A/cattle/Texas/24-008749-003/2024(H5N1)	808	46427
MP|PP755590.1|A/cattle/Texas/24-008749-003/2024(H5N1)	809	46347
MP|PP755590.1|A/cattle/Texas/24-008749-003/2024(H5N1)	810	45972
MP|PP755590.1|A/cattle/Texas/24-008749-003/2024(H5N1)	811	45949
MP|PP755590.1|A/cattle/Texas/24-008749-003/2024(H5N1)	812	45306
MP|PP755590.1|A/cattle/Texas/24-008749-003/2024(H5N1)	813	45324
MP|PP755590.1|A/cattle/Texas/24-008749-003/2024(H5N1)	814	45187
MP|PP755590.1|A/cattle/Texas/24-008749-003/2024(H5N1)	815	43468
MP|PP755590.1|A/cattle/Texas/24-008749-003/2024(H5N1)	816	43443
MP|PP755590.1|A/cattle/Texas/24-008749-003/2024(H5N1)	817	43094
MP|PP755590.1|A/cattle/Texas/24-008749-003/2024(H5N1)	818	43074
MP|PP755590.1|A/cattle/Texas/24-008749-003/2024(H5N1)	819	43364
MP|PP755590.1|A/cattle/Texas/24-008749-003/2024(H5N1)	820	43305
MP|PP755590.1|A/cattle/Texas/24-008749-003/2024(H5N1)	821	43284
MP|PP755590.1|A/cattle/Texas/24-008749-003/2024(H5N1)	822	43193
MP|PP755590.1|A/cattle/Texas/24-008749-003/2024(H5N1)	823	41735
MP|PP755590.1|A/cattle/Texas/24-008749-003/2024(H5N1)	824	44166
MP|PP755590.1|A/cattle/Texas/24-008749-003/2024(H5N1)	825	44053
MP|PP755590.1|A/cattle/Texas/24-008749-003/2024(H5N1)	826	44055
MP|PP755590.1|A/cattle/Texas/24-008749-003/2024(H5N1)	827	44115
MP|PP755590.1|A/cattle/Texas/24-008749-003/2024(H5N1)	828	43470
MP|PP755590.1|A/cattle/Texas/24-008749-003/2024(H5N1)	829	44480
MP|PP755590.1|A/cattle/Texas/24-008749-003/2024(H5N1)	830	44444
MP|PP755590.1|A/cattle/Texas/24-008749-003/2024(H5N1)	831	44447
MP|PP755590.1|A/cattle/Texas/24-008749-003/2024(H5N1)	832	43920
MP|PP755590.1|A/cattle/Texas/24-008749-003/2024(H5N1)	833	43723
MP|PP755590.1|A/cattle/Texas/24-008749-003/2024(H5N1)	834	43473
MP|PP755590.1|A/cattle/Texas/24-008749-003/2024(H5N1)	835	43413
MP|PP755590.1|A/cattle/Texas/24-008749-003/2024(H5N1)	836	43320
MP|PP755590.1|A/cattle/Texas/24-008749-003/2024(H5N1)	837	43417
MP|PP755590.1|A/cattle/Texas/24-008749-003/2024(H5N1)	838	43430
MP|PP755590.1|A/cattle/Texas/24-008749-003/2024(H5N1)	839	43470
MP|PP755590.1|A/cattle/Texas/24-008749-003/2024(H5N1)	840	42849
MP|PP755590.1|A/cattle/Texas/24-008749-003/2024(H5N1)	841	42838
MP|PP755590.1|A/cattle/Texas/24-008749-003/2024(H5N1)	842	42971
MP|PP755590.1|A/cattle/Texas/24-008749-003/2024(H5N1)	843	42952
MP|PP755590.1|A/cattle/Texas/24-008749-003/2024(H5N1)	844	43005
MP|PP755590.1|A/cattle/Texas/24-008749-003/2024(H5N1)	845	42933
MP|PP755590.1|A/cattle/Texas/24-008749-003/2024(H5N1)	846	42652
MP|PP755590.1|A/cattle/Texas/24-008749-003/2024(H5N1)	847	42907
MP|PP755590.1|A/cattle/Texas/24-008749-003/2024(H5N1)	848	42813
MP|PP755590.1|A/cattle/Texas/24-008749-003/2024(H5N1)	849	42893
MP|PP755590.1|A/cattle/Texas/24-008749-003/2024(H5N1)	850	43102
MP|PP755590.1|A/cattle/Texas/24-008749-003/2024(H5N1)	851	46403
MP|PP755590.1|A/cattle/Texas/24-008749-003/2024(H5N1)	852	46676
MP|PP755590.1|A/cattle/Texas/24-008749-003/2024(H5N1)	853	47200
MP|PP755590.1|A/cattle/Texas/24-008749-003/2024(H5N1)	854	47253
MP|PP755590.1|A/cattle/Texas/24-008749-003/2024(H5N1)	855	47291
MP|PP755590.1|A/cattle/Texas/24-008749-003/2024(H5N1)	856	47722
MP|PP755590.1|A/cattle/Texas/24-008749-003/2024(H5N1)	857	47715
MP|PP755590.1|A/cattle/Texas/24-008749-003/2024(H5N1)	858	47377
MP|PP755590.1|A/cattle/Texas/24-008749-003/2024(H5N1)	859	46488
MP|PP755590.1|A/cattle/Texas/24-008749-003/2024(H5N1)	860	45965
MP|PP755590.1|A/cattle/Texas/24-008749-003/2024(H5N1)	861	46123
MP|PP755590.1|A/cattle/Texas/24-008749-003/2024(H5N1)	862	45925
MP|PP755590.1|A/cattle/Texas/24-008749-003/2024(H5N1)	863	45826
MP|PP755590.1|A/cattle/Texas/24-008749-003/2024(H5N1)	864	45809
MP|PP755590.1|A/cattle/Texas/24-008749-003/2024(H5N1)	865	45473
MP|PP755590.1|A/cattle/Texas/24-008749-003/2024(H5N1)	866	45461
MP|PP755590.1|A/cattle/Texas/24-008749-003/2024(H5N1)	867	45459
MP|PP755590.1|A/cattle/Texas/24-008749-003/2024(H5N1)	868	45432
MP|PP755590.1|A/cattle/Texas/24-008749-003/2024(H5N1)	869	44844
MP|PP755590.1|A/cattle/Texas/24-008749-003/2024(H5N1)	870	44338
MP|PP755590.1|A/cattle/Texas/24-008749-003/2024(H5N1)	871	43736
MP|PP755590.1|A/cattle/Texas/24-008749-003/2024(H5N1)	872	43735
MP|PP755590.1|A/cattle/Texas/24-008749-003/2024(H5N1)	873	43733
MP|PP755590.1|A/cattle/Texas/24-008749-003/2024(H5N1)	874	43717
MP|PP755590.1|A/cattle/Texas/24-008749-003/2024(H5N1)	875	43600
MP|PP755590.1|A/cattle/Texas/24-008749-003/2024(H5N1)	876	42990
MP|PP755590.1|A/cattle/Texas/24-008749-003/2024(H5N1)	877	42950
MP|PP755590.1|A/cattle/Texas/24-008749-003/2024(H5N1)	878	42977
MP|PP755590.1|A/cattle/Texas/24-008749-003/2024(H5N1)	879	42723
MP|PP755590.1|A/cattle/Texas/24-008749-003/2024(H5N1)	880	42665
MP|PP755590.1|A/cattle/Texas/24-008749-003/2024(H5N1)	881	42695
MP|PP755590.1|A/cattle/Texas/24-008749-003/2024(H5N1)	882	42590
MP|PP755590.1|A/cattle/Texas/24-008749-003/2024(H5N1)	883	41999
MP|PP755590.1|A/cattle/Texas/24-008749-003/2024(H5N1)	884	41848
MP|PP755590.1|A/cattle/Texas/24-008749-003/2024(H5N1)	885	40584
MP|PP755590.1|A/cattle/Texas/24-008749-003/2024(H5N1)	886	40536
MP|PP755590.1|A/cattle/Texas/24-008749-003/2024(H5N1)	887	40108
MP|PP755590.1|A/cattle/Texas/24-008749-003/2024(H5N1)	888	40230
MP|PP755590.1|A/cattle/Texas/24-008749-003/2024(H5N1)	889	40004
MP|PP755590.1|A/cattle/Texas/24-008749-003/2024(H5N1)	890	39441
MP|PP755590.1|A/cattle/Texas/24-008749-003/2024(H5N1)	891	39311
MP|PP755590.1|A/cattle/Texas/24-008749-003/2024(H5N1)	892	39367
MP|PP755590.1|A/cattle/Texas/24-008749-003/2024(H5N1)	893	39273
MP|PP755590.1|A/cattle/Texas/24-008749-003/2024(H5N1)	894	39141
MP|PP755590.1|A/cattle/Texas/24-008749-003/2024(H5N1)	895	38796
MP|PP755590.1|A/cattle/Texas/24-008749-003/2024(H5N1)	896	38746
MP|PP755590.1|A/cattle/Texas/24-008749-003/2024(H5N1)	897	36123
MP|PP755590.1|A/cattle/Texas/24-008749-003/2024(H5N1)	898	36236
MP|PP755590.1|A/cattle/Texas/24-008749-003/2024(H5N1)	899	34981
MP|PP755590.1|A/cattle/Texas/24-008749-003/2024(H5N1)	900	34348
MP|PP755590.1|A/cattle/Texas/24-008749-003/2024(H5N1)	901	33808
MP|PP755590.1|A/cattle/Texas/24-008749-003/2024(H5N1)	902	33469
MP|PP755590.1|A/cattle/Texas/24-008749-003/2024(H5N1)	903	33500
MP|PP755590.1|A/cattle/Texas/24-008749-003/2024(H5N1)	904	33208
MP|PP755590.1|A/cattle/Texas/24-008749-003/2024(H5N1)	905	32869
MP|PP755590.1|A/cattle/Texas/24-008749-003/2024(H5N1)	906	32852
MP|PP755590.1|A/cattle/Texas/24-008749-003/2024(H5N1)	907	31812
MP|PP755590.1|A/cattle/Texas/24-008749-003/2024(H5N1)	908	31833
MP|PP755590.1|A/cattle/Texas/24-008749-003/2024(H5N1)	909	31776
MP|PP755590.1|A/cattle/Texas/24-008749-003/2024(H5N1)	910	31007
MP|PP755590.1|A/cattle/Texas/24-008749-003/2024(H5N1)	911	31079
MP|PP755590.1|A/cattle/Texas/24-008749-003/2024(H5N1)	912	30646
MP|PP755590.1|A/cattle/Texas/24-008749-003/2024(H5N1)	913	30626
MP|PP755590.1|A/cattle/Texas/24-008749-003/2024(H5N1)	914	30033
MP|PP755590.1|A/cattle/Texas/24-008749-003/2024(H5N1)	915	29439
MP|PP755590.1|A/cattle/Texas/24-008749-003/2024(H5N1)	916	29198
MP|PP755590.1|A/cattle/Texas/24-008749-003/2024(H5N1)	917	28756
MP|PP755590.1|A/cattle/Texas/24-008749-003/2024(H5N1)	918	28795
MP|PP755590.1|A/cattle/Texas/24-008749-003/2024(H5N1)	919	28730
MP|PP755590.1|A/cattle/Texas/24-008749-003/2024(H5N1)	920	28303
MP|PP755590.1|A/cattle/Texas/24-008749-003/2024(H5N1)	921	28162
MP|PP755590.1|A/cattle/Texas/24-008749-003/2024(H5N1)	922	27548
MP|PP755590.1|A/cattle/Texas/24-008749-003/2024(H5N1)	923	27726
MP|PP755590.1|A/cattle/Texas/24-008749-003/2024(H5N1)	924	27680
MP|PP755590.1|A/cattle/Texas/24-008749-003/2024(H5N1)	925	27629
MP|PP755590.1|A/cattle/Texas/24-008749-003/2024(H5N1)	926	27671
MP|PP755590.1|A/cattle/Texas/24-008749-003/2024(H5N1)	927	27048
MP|PP755590.1|A/cattle/Texas/24-008749-003/2024(H5N1)	928	27101
MP|PP755590.1|A/cattle/Texas/24-008749-003/2024(H5N1)	929	27034
MP|PP755590.1|A/cattle/Texas/24-008749-003/2024(H5N1)	930	26990
MP|PP755590.1|A/cattle/Texas/24-008749-003/2024(H5N1)	931	26628
MP|PP755590.1|A/cattle/Texas/24-008749-003/2024(H5N1)	932	24086
MP|PP755590.1|A/cattle/Texas/24-008749-003/2024(H5N1)	933	24109
MP|PP755590.1|A/cattle/Texas/24-008749-003/2024(H5N1)	934	23975
MP|PP755590.1|A/cattle/Texas/24-008749-003/2024(H5N1)	935	23006
MP|PP755590.1|A/cattle/Texas/24-008749-003/2024(H5N1)	936	22883
MP|PP755590.1|A/cattle/Texas/24-008749-003/2024(H5N1)	937	21526
MP|PP755590.1|A/cattle/Texas/24-008749-003/2024(H5N1)	938	21547
MP|PP755590.1|A/cattle/Texas/24-008749-003/2024(H5N1)	939	21485
MP|PP755590.1|A/cattle/Texas/24-008749-003/2024(H5N1)	940	21420
MP|PP755590.1|A/cattle/Texas/24-008749-003/2024(H5N1)	941	21378
MP|PP755590.1|A/cattle/Texas/24-008749-003/2024(H5N1)	942	18869
MP|PP755590.1|A/cattle/Texas/24-008749-003/2024(H5N1)	943	18833
MP|PP755590.1|A/cattle/Texas/24-008749-003/2024(H5N1)	944	17992
MP|PP755590.1|A/cattle/Texas/24-008749-003/2024(H5N1)	945	17123
MP|PP755590.1|A/cattle/Texas/24-008749-003/2024(H5N1)	946	16651
MP|PP755590.1|A/cattle/Texas/24-008749-003/2024(H5N1)	947	16391
MP|PP755590.1|A/cattle/Texas/24-008749-003/2024(H5N1)	948	16317
MP|PP755590.1|A/cattle/Texas/24-008749-003/2024(H5N1)	949	15916
MP|PP755590.1|A/cattle/Texas/24-008749-003/2024(H5N1)	950	15734
MP|PP755590.1|A/cattle/Texas/24-008749-003/2024(H5N1)	951	15565
MP|PP755590.1|A/cattle/Texas/24-008749-003/2024(H5N1)	952	15408
MP|PP755590.1|A/cattle/Texas/24-008749-003/2024(H5N1)	953	15272
MP|PP755590.1|A/cattle/Texas/24-008749-003/2024(H5N1)	954	15056
MP|PP755590.1|A/cattle/Texas/24-008749-003/2024(H5N1)	955	15034
MP|PP755590.1|A/cattle/Texas/24-008749-003/2024(H5N1)	956	14896
MP|PP755590.1|A/cattle/Texas/24-008749-003/2024(H5N1)	957	14876
MP|PP755590.1|A/cattle/Texas/24-008749-003/2024(H5N1)	958	14839
MP|PP755590.1|A/cattle/Texas/24-008749-003/2024(H5N1)	959	14728
MP|PP755590.1|A/cattle/Texas/24-008749-003/2024(H5N1)	960	14674
MP|PP755590.1|A/cattle/Texas/24-008749-003/2024(H5N1)	961	14595
MP|PP755590.1|A/cattle/Texas/24-008749-003/2024(H5N1)	962	14584
MP|PP755590.1|A/cattle/Texas/24-008749-003/2024(H5N1)	963	14360
MP|PP755590.1|A/cattle/Texas/24-008749-003/2024(H5N1)	964	14340
MP|PP755590.1|A/cattle/Texas/24-008749-003/2024(H5N1)	965	14248
MP|PP755590.1|A/cattle/Texas/24-008749-003/2024(H5N1)	966	14187
MP|PP755590.1|A/cattle/Texas/24-008749-003/2024(H5N1)	967	14171
MP|PP755590.1|A/cattle/Texas/24-008749-003/2024(H5N1)	968	14119
MP|PP755590.1|A/cattle/Texas/24-008749-003/2024(H5N1)	969	14115
MP|PP755590.1|A/cattle/Texas/24-008749-003/2024(H5N1)	970	13562
MP|PP755590.1|A/cattle/Texas/24-008749-003/2024(H5N1)	971	13549
MP|PP755590.1|A/cattle/Texas/24-008749-003/2024(H5N1)	972	13380
MP|PP755590.1|A/cattle/Texas/24-008749-003/2024(H5N1)	973	13373
MP|PP755590.1|A/cattle/Texas/24-008749-003/2024(H5N1)	974	13289
MP|PP755590.1|A/cattle/Texas/24-008749-003/2024(H5N1)	975	10235
MP|PP755590.1|A/cattle/Texas/24-008749-003/2024(H5N1)	976	10098
MP|PP755590.1|A/cattle/Texas/24-008749-003/2024(H5N1)	977	10096
MP|PP755590.1|A/cattle/Texas/24-008749-003/2024(H5N1)	978	10032
MP|PP755590.1|A/cattle/Texas/24-008749-003/2024(H5N1)	979	10014
MP|PP755590.1|A/cattle/Texas/24-008749-003/2024(H5N1)	980	8808
MP|PP755590.1|A/cattle/Texas/24-008749-003/2024(H5N1)	981	8763
MP|PP755590.1|A/cattle/Texas/24-008749-003/2024(H5N1)	982	8733
